Campus,Location,Student Path,Entry Stat,HEGIS at Exit,Major,Industry,# of Students Found 5 years after exit,Median Annual Earnings 5 years after exit,Average Annual Earnings 5 years after exit,# of Students Found 10 years after exit,Median Annual Earnings 10 years after exit,Average Annual Earnings 10 years after exit
50,Fullerton,1,FTF + FTT,00121 + 12031 + 12032,Nursing,"Agriculture, Forestry, Fishing, & Hunting",,,,,,
50,Fullerton,1,FTF + FTT,00121 + 12031 + 12032,Nursing,Manufacturing,,,,,,
50,Fullerton,1,FTF + FTT,00121 + 12031 + 12032,Nursing,Wholesale Trade,,,,,,
50,Fullerton,1,FTF + FTT,00121 + 12031 + 12032,Nursing,Retail Trade,,,,,,
50,Fullerton,1,FTF + FTT,00121 + 12031 + 12032,Nursing,Finance & Insurance,5,"$94,860","$85,193",,,
50,Fullerton,1,FTF + FTT,00121 + 12031 + 12032,Nursing,"Professional, Scientific, & Technical Skills",,,,,,
50,Fullerton,1,FTF + FTT,00121 + 12031 + 12032,Nursing,Admin & Support & Waste Mgmt & Remediation,8,"$69,543","$71,346",,,
50,Fullerton,1,FTF + FTT,00121 + 12031 + 12032,Nursing,Educational Services,40,"$91,260","$87,255",25,"$93,523","$88,323"
50,Fullerton,1,FTF + FTT,00121 + 12031 + 12032,Nursing,Health Care & Social Assistance,465,"$102,748","$105,063",158,"$105,130","$108,020"
50,Fullerton,1,FTF + FTT,00121 + 12031 + 12032,Nursing,"Arts, Entertainment, & Recreation",,,,,,
50,Fullerton,1,FTF + FTT,00121 + 12031 + 12032,Nursing,Accommodation & Food Services,,,,,,
50,Fullerton,1,FTF + FTT,00121 + 12031 + 12032,Nursing,Government,31,"$98,194","$101,339",13,"$102,930","$106,303"
50,Fullerton,1,FTF + FTT,00121 + 12031 + 12032,Nursing,No Wages,755,,,"1,117",,
50,Fullerton,1,FTF + FTT,00121 + 12031 + 12032,Nursing,Wages - No NAICS Code,6,"$44,159","$66,202",,,
50,Fullerton,1,FTF + FTT,03011 + 03021 + 03071,Asian/East Asian Studies,"Professional, Scientific, & Technical Skills",,,,,,
50,Fullerton,1,FTF + FTT,03011 + 03021 + 03071,Asian/East Asian Studies,No Wages,,,,,,
50,Fullerton,1,FTF + FTT,03081 + 03085,Latin/Central American Studies,Retail Trade,,,,,,
50,Fullerton,1,FTF + FTT,03081 + 03085,Latin/Central American Studies,Transportation & Warehousing,,,,,,
50,Fullerton,1,FTF + FTT,03081 + 03085,Latin/Central American Studies,Information,,,,,,
50,Fullerton,1,FTF + FTT,03081 + 03085,Latin/Central American Studies,Finance & Insurance,,,,,,
50,Fullerton,1,FTF + FTT,03081 + 03085,Latin/Central American Studies,Educational Services,,,,,,
50,Fullerton,1,FTF + FTT,03081 + 03085,Latin/Central American Studies,Health Care & Social Assistance,,,,,,
50,Fullerton,1,FTF + FTT,03081 + 03085,Latin/Central American Studies,Accommodation & Food Services,,,,,,
50,Fullerton,1,FTF + FTT,03081 + 03085,Latin/Central American Studies,Non-Classified,,,,,,
50,Fullerton,1,FTF + FTT,03081 + 03085,Latin/Central American Studies,No Wages,16,,,24,,
50,Fullerton,1,FTF + FTT,03081 + 03085,Latin/Central American Studies,Wages - No NAICS Code,,,,,,
50,Fullerton,1,FTF + FTT,03101 + 03121 + 03122,European Studies,Information,,,,,,
50,Fullerton,1,FTF + FTT,03101 + 03121 + 03122,European Studies,Admin & Support & Waste Mgmt & Remediation,,,,,,
50,Fullerton,1,FTF + FTT,03101 + 03121 + 03122,European Studies,No Wages,5,,,8,,
50,Fullerton,1,FTF + FTT,03101 + 03121 + 03122,European Studies,Wages - No NAICS Code,,,,,,
50,Fullerton,1,FTF + FTT,03131,American Studies,Construction,8,"$28,613","$45,359",,,
50,Fullerton,1,FTF + FTT,03131,American Studies,Manufacturing,5,"$40,604","$44,731",,,
50,Fullerton,1,FTF + FTT,03131,American Studies,Wholesale Trade,12,"$40,502","$42,498",7,"$68,475","$69,669"
50,Fullerton,1,FTF + FTT,03131,American Studies,Retail Trade,26,"$39,911","$39,433",10,"$42,124","$39,466"
50,Fullerton,1,FTF + FTT,03131,American Studies,Transportation & Warehousing,,,,,,
50,Fullerton,1,FTF + FTT,03131,American Studies,Information,7,"$50,483","$44,954",,,
50,Fullerton,1,FTF + FTT,03131,American Studies,Finance & Insurance,17,"$50,640","$64,454",12,"$47,922","$53,898"
50,Fullerton,1,FTF + FTT,03131,American Studies,Real Estate & Rental & Leasing,7,"$46,621","$40,992",5,"$55,999","$62,738"
50,Fullerton,1,FTF + FTT,03131,American Studies,"Professional, Scientific, & Technical Skills",22,"$44,904","$44,775",9,"$77,277","$77,019"
50,Fullerton,1,FTF + FTT,03131,American Studies,Management of Companies & Enterprises,,,,,,
50,Fullerton,1,FTF + FTT,03131,American Studies,Admin & Support & Waste Mgmt & Remediation,19,"$45,769","$49,688",8,"$71,904","$58,891"
50,Fullerton,1,FTF + FTT,03131,American Studies,Educational Services,66,"$54,391","$47,416",45,"$69,341","$59,073"
50,Fullerton,1,FTF + FTT,03131,American Studies,Health Care & Social Assistance,9,"$46,292","$40,599",,,
50,Fullerton,1,FTF + FTT,03131,American Studies,"Arts, Entertainment, & Recreation",6,"$32,496","$33,535",7,"$47,623","$39,328"
50,Fullerton,1,FTF + FTT,03131,American Studies,Accommodation & Food Services,10,"$39,361","$35,218",,,
50,Fullerton,1,FTF + FTT,03131,American Studies,Other Services,9,"$37,983","$36,870",,,
50,Fullerton,1,FTF + FTT,03131,American Studies,Non-Classified,,,,,,
50,Fullerton,1,FTF + FTT,03131,American Studies,Government,17,"$60,462","$63,342",10,"$93,434","$81,268"
50,Fullerton,1,FTF + FTT,03131,American Studies,No Wages,208,,,320,,
50,Fullerton,1,FTF + FTT,03131,American Studies,Wages - No NAICS Code,12,"$36,611","$38,641",7,"$2,642","$21,117"
50,Fullerton,1,FTF + FTT,04011,Biology,"Agriculture, Forestry, Fishing, & Hunting",,,,,,
50,Fullerton,1,FTF + FTT,04011,Biology,Utilities,,,,,,
50,Fullerton,1,FTF + FTT,04011,Biology,Construction,,,,,,
50,Fullerton,1,FTF + FTT,04011,Biology,Manufacturing,47,"$57,139","$61,787",22,"$79,396","$81,752"
50,Fullerton,1,FTF + FTT,04011,Biology,Wholesale Trade,36,"$62,245","$63,628",12,"$95,364","$84,624"
50,Fullerton,1,FTF + FTT,04011,Biology,Retail Trade,43,"$45,277","$52,939",26,"$80,281","$92,209"
50,Fullerton,1,FTF + FTT,04011,Biology,Transportation & Warehousing,6,"$65,472","$56,237",,,
50,Fullerton,1,FTF + FTT,04011,Biology,Information,7,"$71,433","$64,573",,,
50,Fullerton,1,FTF + FTT,04011,Biology,Finance & Insurance,23,"$54,761","$52,668",16,"$65,827","$67,591"
50,Fullerton,1,FTF + FTT,04011,Biology,Real Estate & Rental & Leasing,5,"$46,245","$52,554",,,
50,Fullerton,1,FTF + FTT,04011,Biology,"Professional, Scientific, & Technical Skills",67,"$53,187","$52,967",39,"$64,301","$62,875"
50,Fullerton,1,FTF + FTT,04011,Biology,Management of Companies & Enterprises,,,,,,
50,Fullerton,1,FTF + FTT,04011,Biology,Admin & Support & Waste Mgmt & Remediation,41,"$40,402","$46,585",15,"$48,103","$65,477"
50,Fullerton,1,FTF + FTT,04011,Biology,Educational Services,97,"$54,139","$49,507",54,"$71,106","$64,813"
50,Fullerton,1,FTF + FTT,04011,Biology,Health Care & Social Assistance,113,"$47,936","$52,057",62,"$80,284","$90,528"
50,Fullerton,1,FTF + FTT,04011,Biology,"Arts, Entertainment, & Recreation",7,"$27,264","$28,096",,,
50,Fullerton,1,FTF + FTT,04011,Biology,Accommodation & Food Services,13,"$29,135","$40,618",8,"$45,453","$55,817"
50,Fullerton,1,FTF + FTT,04011,Biology,Other Services,11,"$38,813","$35,331",,,
50,Fullerton,1,FTF + FTT,04011,Biology,Non-Classified,,,,,,
50,Fullerton,1,FTF + FTT,04011,Biology,Government,22,"$49,634","$53,264",19,"$75,157","$77,734"
50,Fullerton,1,FTF + FTT,04011,Biology,No Wages,911,,,"1,188",,
50,Fullerton,1,FTF + FTT,04011,Biology,Wages - No NAICS Code,27,"$22,752","$29,080",13,"$13,743","$29,359"
50,Fullerton,1,FTF + FTT,04012 + 04201,Environmental Biology & Ecology,No Wages,,,,,,
50,Fullerton,1,FTF + FTT,04141,Biochemistry,"Agriculture, Forestry, Fishing, & Hunting",,,,,,
50,Fullerton,1,FTF + FTT,04141,Biochemistry,Construction,,,,,,
50,Fullerton,1,FTF + FTT,04141,Biochemistry,Manufacturing,35,"$53,859","$54,673",13,"$82,739","$82,863"
50,Fullerton,1,FTF + FTT,04141,Biochemistry,Wholesale Trade,,,,,,
50,Fullerton,1,FTF + FTT,04141,Biochemistry,Retail Trade,18,"$40,487","$52,138",5,"$55,421","$60,122"
50,Fullerton,1,FTF + FTT,04141,Biochemistry,Transportation & Warehousing,,,,,,
50,Fullerton,1,FTF + FTT,04141,Biochemistry,Information,,,,,,
50,Fullerton,1,FTF + FTT,04141,Biochemistry,Finance & Insurance,,,,,,
50,Fullerton,1,FTF + FTT,04141,Biochemistry,Real Estate & Rental & Leasing,,,,,,
50,Fullerton,1,FTF + FTT,04141,Biochemistry,"Professional, Scientific, & Technical Skills",21,"$37,176","$40,263",8,"$67,311","$70,803"
50,Fullerton,1,FTF + FTT,04141,Biochemistry,Admin & Support & Waste Mgmt & Remediation,7,"$23,594","$21,374",,,
50,Fullerton,1,FTF + FTT,04141,Biochemistry,Educational Services,12,"$33,291","$35,035",,,
50,Fullerton,1,FTF + FTT,04141,Biochemistry,Health Care & Social Assistance,31,"$60,098","$61,078",15,"$68,467","$71,249"
50,Fullerton,1,FTF + FTT,04141,Biochemistry,Accommodation & Food Services,,,,,,
50,Fullerton,1,FTF + FTT,04141,Biochemistry,Other Services,,,,,,
50,Fullerton,1,FTF + FTT,04141,Biochemistry,Government,6,"$49,582","$42,665",,,
50,Fullerton,1,FTF + FTT,04141,Biochemistry,No Wages,294,,,381,,
50,Fullerton,1,FTF + FTT,04141,Biochemistry,Wages - No NAICS Code,,,,,,
50,Fullerton,1,FTF + FTT,04171,Cell and Molecular Biology,Manufacturing,,,,,,
50,Fullerton,1,FTF + FTT,04171,Cell and Molecular Biology,No Wages,8,,,9,,
50,Fullerton,1,FTF + FTT,05011,Business Administration,"Agriculture, Forestry, Fishing, & Hunting",33,"$27,494","$45,881",19,"$23,790","$47,770"
50,Fullerton,1,FTF + FTT,05011,Business Administration,Mining,,,,,,
50,Fullerton,1,FTF + FTT,05011,Business Administration,Utilities,71,"$81,540","$83,752",54,"$92,942","$95,796"
50,Fullerton,1,FTF + FTT,05011,Business Administration,Construction,349,"$60,784","$68,441",179,"$72,930","$85,830"
50,Fullerton,1,FTF + FTT,05011,Business Administration,Manufacturing,942,"$61,053","$65,325",511,"$74,645","$84,898"
50,Fullerton,1,FTF + FTT,05011,Business Administration,Wholesale Trade,"1,056","$56,541","$61,391",500,"$69,420","$81,181"
50,Fullerton,1,FTF + FTT,05011,Business Administration,Retail Trade,849,"$50,307","$52,420",324,"$62,191","$66,390"
50,Fullerton,1,FTF + FTT,05011,Business Administration,Transportation & Warehousing,184,"$52,110","$61,502",95,"$71,011","$119,469"
50,Fullerton,1,FTF + FTT,05011,Business Administration,Information,391,"$64,535","$69,040",174,"$75,932","$91,152"
50,Fullerton,1,FTF + FTT,05011,Business Administration,Finance & Insurance,"2,072","$59,877","$66,715","1,015","$75,929","$85,871"
50,Fullerton,1,FTF + FTT,05011,Business Administration,Real Estate & Rental & Leasing,517,"$57,309","$60,224",278,"$68,796","$77,890"
50,Fullerton,1,FTF + FTT,05011,Business Administration,"Professional, Scientific, & Technical Skills","1,541","$61,470","$63,599",749,"$77,288","$83,962"
50,Fullerton,1,FTF + FTT,05011,Business Administration,Management of Companies & Enterprises,72,"$59,346","$59,498",28,"$64,228","$75,950"
50,Fullerton,1,FTF + FTT,05011,Business Administration,Admin & Support & Waste Mgmt & Remediation,828,"$46,917","$50,905",331,"$57,175","$66,765"
50,Fullerton,1,FTF + FTT,05011,Business Administration,Educational Services,374,"$49,456","$48,184",224,"$56,669","$57,236"
50,Fullerton,1,FTF + FTT,05011,Business Administration,Health Care & Social Assistance,421,"$46,673","$50,544",252,"$55,862","$61,033"
50,Fullerton,1,FTF + FTT,05011,Business Administration,"Arts, Entertainment, & Recreation",154,"$43,042","$46,464",72,"$52,033","$50,637"
50,Fullerton,1,FTF + FTT,05011,Business Administration,Accommodation & Food Services,377,"$37,823","$41,583",150,"$46,764","$51,624"
50,Fullerton,1,FTF + FTT,05011,Business Administration,Other Services,200,"$45,446","$52,134",103,"$51,083","$58,329"
50,Fullerton,1,FTF + FTT,05011,Business Administration,Non-Classified,35,"$21,111","$39,754",13,"$19,318","$55,683"
50,Fullerton,1,FTF + FTT,05011,Business Administration,Government,413,"$63,644","$66,253",295,"$76,693","$83,339"
50,Fullerton,1,FTF + FTT,05011,Business Administration,No Wages,"10,331",,,"16,129",,
50,Fullerton,1,FTF + FTT,05011,Business Administration,Wages - No NAICS Code,579,"$12,578","$29,599",294,"$18,851","$44,211"
50,Fullerton,1,FTF + FTT,05021,Accounting,"Professional, Scientific, & Technical Skills",,,,,,
50,Fullerton,1,FTF + FTT,05021,Accounting,Accommodation & Food Services,,,,,,
50,Fullerton,1,FTF + FTT,05021,Accounting,No Wages,8,,,10,,
50,Fullerton,1,FTF + FTT,05041,Finance,No Wages,9,,,9,,
50,Fullerton,1,FTF + FTT,05091,Marketing,Construction,,,,,,
50,Fullerton,1,FTF + FTT,05091,Marketing,No Wages,6,,,7,,
50,Fullerton,1,FTF + FTT,05131,International Business,"Agriculture, Forestry, Fishing, & Hunting",,,,,,
50,Fullerton,1,FTF + FTT,05131,International Business,Utilities,,,,,,
50,Fullerton,1,FTF + FTT,05131,International Business,Construction,8,"$38,402","$39,915",,,
50,Fullerton,1,FTF + FTT,05131,International Business,Manufacturing,30,"$62,746","$65,549",24,"$80,886","$83,550"
50,Fullerton,1,FTF + FTT,05131,International Business,Wholesale Trade,86,"$46,952","$49,235",42,"$53,923","$59,004"
50,Fullerton,1,FTF + FTT,05131,International Business,Retail Trade,35,"$42,826","$51,647",20,"$45,229","$52,611"
50,Fullerton,1,FTF + FTT,05131,International Business,Transportation & Warehousing,24,"$52,002","$54,859",18,"$63,840","$59,518"
50,Fullerton,1,FTF + FTT,05131,International Business,Information,12,"$58,071","$52,844",11,"$65,787","$65,664"
50,Fullerton,1,FTF + FTT,05131,International Business,Finance & Insurance,56,"$53,863","$61,580",35,"$69,326","$76,532"
50,Fullerton,1,FTF + FTT,05131,International Business,Real Estate & Rental & Leasing,14,"$38,409","$42,654",7,"$38,277","$41,743"
50,Fullerton,1,FTF + FTT,05131,International Business,"Professional, Scientific, & Technical Skills",33,"$48,790","$52,369",20,"$64,202","$67,039"
50,Fullerton,1,FTF + FTT,05131,International Business,Management of Companies & Enterprises,,,,,,
50,Fullerton,1,FTF + FTT,05131,International Business,Admin & Support & Waste Mgmt & Remediation,26,"$45,202","$50,977",14,"$43,201","$62,026"
50,Fullerton,1,FTF + FTT,05131,International Business,Educational Services,15,"$37,129","$33,500",12,"$63,882","$51,148"
50,Fullerton,1,FTF + FTT,05131,International Business,Health Care & Social Assistance,5,"$36,546","$40,170",5,"$62,850","$50,698"
50,Fullerton,1,FTF + FTT,05131,International Business,"Arts, Entertainment, & Recreation",6,"$53,326","$48,659",6,"$68,023","$64,756"
50,Fullerton,1,FTF + FTT,05131,International Business,Accommodation & Food Services,9,"$29,312","$29,971",8,"$29,218","$33,468"
50,Fullerton,1,FTF + FTT,05131,International Business,Other Services,6,"$19,548","$26,226",6,"$45,040","$44,107"
50,Fullerton,1,FTF + FTT,05131,International Business,Non-Classified,,,,,,
50,Fullerton,1,FTF + FTT,05131,International Business,Government,12,"$56,920","$54,313",9,"$58,941","$74,302"
50,Fullerton,1,FTF + FTT,05131,International Business,No Wages,365,,,514,,
50,Fullerton,1,FTF + FTT,05131,International Business,Wages - No NAICS Code,20,"$11,855","$21,555",9,"$22,728","$27,195"
50,Fullerton,1,FTF + FTT,06011,Communications,"Agriculture, Forestry, Fishing, & Hunting",15,"$31,794","$35,220",6,"$11,020","$32,605"
50,Fullerton,1,FTF + FTT,06011,Communications,Utilities,20,"$55,274","$60,607",14,"$77,825","$77,442"
50,Fullerton,1,FTF + FTT,06011,Communications,Construction,109,"$50,206","$59,443",40,"$58,005","$63,518"
50,Fullerton,1,FTF + FTT,06011,Communications,Manufacturing,232,"$54,490","$58,757",119,"$70,979","$80,656"
50,Fullerton,1,FTF + FTT,06011,Communications,Wholesale Trade,410,"$53,369","$58,969",184,"$81,026","$85,728"
50,Fullerton,1,FTF + FTT,06011,Communications,Retail Trade,433,"$40,657","$42,489",149,"$50,124","$53,768"
50,Fullerton,1,FTF + FTT,06011,Communications,Transportation & Warehousing,74,"$44,920","$51,572",30,"$56,707","$56,923"
50,Fullerton,1,FTF + FTT,06011,Communications,Information,553,"$50,353","$53,961",255,"$67,530","$75,376"
50,Fullerton,1,FTF + FTT,06011,Communications,Finance & Insurance,461,"$53,343","$56,369",195,"$65,228","$70,659"
50,Fullerton,1,FTF + FTT,06011,Communications,Real Estate & Rental & Leasing,165,"$49,517","$48,381",72,"$67,438","$65,959"
50,Fullerton,1,FTF + FTT,06011,Communications,"Professional, Scientific, & Technical Skills",847,"$52,500","$55,214",340,"$67,846","$73,965"
50,Fullerton,1,FTF + FTT,06011,Communications,Management of Companies & Enterprises,25,"$55,800","$57,889",8,"$55,052","$79,515"
50,Fullerton,1,FTF + FTT,06011,Communications,Admin & Support & Waste Mgmt & Remediation,342,"$44,901","$48,012",150,"$51,831","$55,682"
50,Fullerton,1,FTF + FTT,06011,Communications,Educational Services,303,"$34,725","$35,138",174,"$47,919","$45,991"
50,Fullerton,1,FTF + FTT,06011,Communications,Health Care & Social Assistance,228,"$38,754","$43,368",115,"$49,108","$55,615"
50,Fullerton,1,FTF + FTT,06011,Communications,"Arts, Entertainment, & Recreation",232,"$39,168","$40,846",82,"$49,619","$47,567"
50,Fullerton,1,FTF + FTT,06011,Communications,Accommodation & Food Services,339,"$34,174","$35,698",99,"$41,141","$45,195"
50,Fullerton,1,FTF + FTT,06011,Communications,Other Services,141,"$40,255","$39,926",66,"$50,546","$53,338"
50,Fullerton,1,FTF + FTT,06011,Communications,Non-Classified,12,"$43,525","$58,976",,,
50,Fullerton,1,FTF + FTT,06011,Communications,Government,135,"$55,860","$61,295",96,"$73,081","$78,757"
50,Fullerton,1,FTF + FTT,06011,Communications,No Wages,"4,600",,,"7,595",,
50,Fullerton,1,FTF + FTT,06011,Communications,Wages - No NAICS Code,237,"$8,220","$19,230",120,"$7,527","$22,756"
50,Fullerton,1,FTF + FTT,06031,Radio/Television/Broadcast,"Agriculture, Forestry, Fishing, & Hunting",,,,,,
50,Fullerton,1,FTF + FTT,06031,Radio/Television/Broadcast,Utilities,,,,,,
50,Fullerton,1,FTF + FTT,06031,Radio/Television/Broadcast,Construction,16,"$50,380","$51,767",,,
50,Fullerton,1,FTF + FTT,06031,Radio/Television/Broadcast,Manufacturing,35,"$42,103","$45,919",16,"$54,225","$54,120"
50,Fullerton,1,FTF + FTT,06031,Radio/Television/Broadcast,Wholesale Trade,41,"$45,168","$47,879",17,"$61,798","$60,262"
50,Fullerton,1,FTF + FTT,06031,Radio/Television/Broadcast,Retail Trade,73,"$36,165","$35,891",25,"$39,237","$41,507"
50,Fullerton,1,FTF + FTT,06031,Radio/Television/Broadcast,Transportation & Warehousing,13,"$26,347","$28,667",,,
50,Fullerton,1,FTF + FTT,06031,Radio/Television/Broadcast,Information,243,"$44,754","$46,729",99,"$62,848","$68,896"
50,Fullerton,1,FTF + FTT,06031,Radio/Television/Broadcast,Finance & Insurance,44,"$42,310","$46,139",27,"$46,188","$57,625"
50,Fullerton,1,FTF + FTT,06031,Radio/Television/Broadcast,Real Estate & Rental & Leasing,23,"$33,488","$33,072",11,"$65,010","$58,472"
50,Fullerton,1,FTF + FTT,06031,Radio/Television/Broadcast,"Professional, Scientific, & Technical Skills",109,"$44,241","$44,369",47,"$46,341","$58,933"
50,Fullerton,1,FTF + FTT,06031,Radio/Television/Broadcast,Management of Companies & Enterprises,,,,,,
50,Fullerton,1,FTF + FTT,06031,Radio/Television/Broadcast,Admin & Support & Waste Mgmt & Remediation,46,"$36,187","$38,288",24,"$36,794","$48,597"
50,Fullerton,1,FTF + FTT,06031,Radio/Television/Broadcast,Educational Services,53,"$28,807","$31,124",27,"$38,190","$42,008"
50,Fullerton,1,FTF + FTT,06031,Radio/Television/Broadcast,Health Care & Social Assistance,33,"$39,688","$44,103",12,"$37,217","$42,750"
50,Fullerton,1,FTF + FTT,06031,Radio/Television/Broadcast,"Arts, Entertainment, & Recreation",82,"$28,958","$34,599",22,"$40,796","$64,038"
50,Fullerton,1,FTF + FTT,06031,Radio/Television/Broadcast,Accommodation & Food Services,58,"$23,453","$27,204",14,"$27,691","$41,474"
50,Fullerton,1,FTF + FTT,06031,Radio/Television/Broadcast,Other Services,20,"$34,566","$29,071",8,"$44,420","$42,836"
50,Fullerton,1,FTF + FTT,06031,Radio/Television/Broadcast,Non-Classified,,,,,,
50,Fullerton,1,FTF + FTT,06031,Radio/Television/Broadcast,Government,31,"$47,122","$48,684",13,"$67,793","$78,194"
50,Fullerton,1,FTF + FTT,06031,Radio/Television/Broadcast,No Wages,"1,051",,,"1,648",,
50,Fullerton,1,FTF + FTT,06031,Radio/Television/Broadcast,Wages - No NAICS Code,54,"$8,189","$13,541",14,"$4,108","$22,479"
50,Fullerton,1,FTF + FTT,07011 + 07012 + 07028,Graphic Communications,"Agriculture, Forestry, Fishing, & Hunting",,,,,,
50,Fullerton,1,FTF + FTT,07011 + 07012 + 07028,Graphic Communications,Utilities,5,"$81,864","$92,824",5,"$116,449","$112,487"
50,Fullerton,1,FTF + FTT,07011 + 07012 + 07028,Graphic Communications,Construction,,,,,,
50,Fullerton,1,FTF + FTT,07011 + 07012 + 07028,Graphic Communications,Manufacturing,96,"$80,988","$76,674",63,"$94,146","$91,838"
50,Fullerton,1,FTF + FTT,07011 + 07012 + 07028,Graphic Communications,Wholesale Trade,42,"$65,964","$66,553",22,"$71,970","$77,740"
50,Fullerton,1,FTF + FTT,07011 + 07012 + 07028,Graphic Communications,Retail Trade,27,"$56,578","$55,358",14,"$70,703","$77,448"
50,Fullerton,1,FTF + FTT,07011 + 07012 + 07028,Graphic Communications,Transportation & Warehousing,,,,7,"$76,621","$68,214"
50,Fullerton,1,FTF + FTT,07011 + 07012 + 07028,Graphic Communications,Information,59,"$83,924","$84,824",38,"$99,349","$107,277"
50,Fullerton,1,FTF + FTT,07011 + 07012 + 07028,Graphic Communications,Finance & Insurance,45,"$82,288","$81,408",29,"$90,695","$97,640"
50,Fullerton,1,FTF + FTT,07011 + 07012 + 07028,Graphic Communications,Real Estate & Rental & Leasing,5,"$55,932","$56,053",,,
50,Fullerton,1,FTF + FTT,07011 + 07012 + 07028,Graphic Communications,"Professional, Scientific, & Technical Skills",150,"$76,126","$78,579",86,"$94,483","$95,137"
50,Fullerton,1,FTF + FTT,07011 + 07012 + 07028,Graphic Communications,Management of Companies & Enterprises,,,,,,
50,Fullerton,1,FTF + FTT,07011 + 07012 + 07028,Graphic Communications,Admin & Support & Waste Mgmt & Remediation,31,"$66,379","$61,832",34,"$93,317","$84,545"
50,Fullerton,1,FTF + FTT,07011 + 07012 + 07028,Graphic Communications,Educational Services,19,"$56,354","$55,305",14,"$65,819","$54,705"
50,Fullerton,1,FTF + FTT,07011 + 07012 + 07028,Graphic Communications,Health Care & Social Assistance,21,"$45,983","$52,104",13,"$50,056","$55,255"
50,Fullerton,1,FTF + FTT,07011 + 07012 + 07028,Graphic Communications,"Arts, Entertainment, & Recreation",6,"$77,656","$66,247",,,
50,Fullerton,1,FTF + FTT,07011 + 07012 + 07028,Graphic Communications,Accommodation & Food Services,,,,,,
50,Fullerton,1,FTF + FTT,07011 + 07012 + 07028,Graphic Communications,Other Services,,,,,,
50,Fullerton,1,FTF + FTT,07011 + 07012 + 07028,Graphic Communications,Non-Classified,,,,,,
50,Fullerton,1,FTF + FTT,07011 + 07012 + 07028,Graphic Communications,Government,13,"$72,064","$73,171",13,"$84,491","$86,558"
50,Fullerton,1,FTF + FTT,07011 + 07012 + 07028,Graphic Communications,No Wages,435,,,614,,
50,Fullerton,1,FTF + FTT,07011 + 07012 + 07028,Graphic Communications,Wages - No NAICS Code,10,"$18,169","$25,781",13,"$17,899","$36,074"
50,Fullerton,1,FTF + FTT,07021,Information Systems,Wholesale Trade,,,,,,
50,Fullerton,1,FTF + FTT,07021,Information Systems,No Wages,,,,,,
50,Fullerton,1,FTF + FTT,08231 + 08232,Child Development,"Agriculture, Forestry, Fishing, & Hunting",5,"$3,656","$13,278",6,"$21,483","$28,920"
50,Fullerton,1,FTF + FTT,08231 + 08232,Child Development,Utilities,,,,6,"$46,501","$51,984"
50,Fullerton,1,FTF + FTT,08231 + 08232,Child Development,Construction,28,"$44,455","$42,960",12,"$42,357","$52,657"
50,Fullerton,1,FTF + FTT,08231 + 08232,Child Development,Manufacturing,38,"$47,852","$45,646",22,"$59,403","$60,522"
50,Fullerton,1,FTF + FTT,08231 + 08232,Child Development,Wholesale Trade,46,"$43,796","$47,905",28,"$44,663","$56,647"
50,Fullerton,1,FTF + FTT,08231 + 08232,Child Development,Retail Trade,100,"$32,198","$31,007",47,"$35,410","$32,013"
50,Fullerton,1,FTF + FTT,08231 + 08232,Child Development,Transportation & Warehousing,21,"$44,279","$41,933",9,"$37,934","$42,031"
50,Fullerton,1,FTF + FTT,08231 + 08232,Child Development,Information,23,"$47,328","$54,639",11,"$47,393","$46,340"
50,Fullerton,1,FTF + FTT,08231 + 08232,Child Development,Finance & Insurance,108,"$50,425","$48,909",44,"$56,995","$59,689"
50,Fullerton,1,FTF + FTT,08231 + 08232,Child Development,Real Estate & Rental & Leasing,35,"$41,606","$40,398",6,"$52,662","$51,991"
50,Fullerton,1,FTF + FTT,08231 + 08232,Child Development,"Professional, Scientific, & Technical Skills",70,"$42,928","$45,027",39,"$47,340","$55,842"
50,Fullerton,1,FTF + FTT,08231 + 08232,Child Development,Management of Companies & Enterprises,,,,,,
50,Fullerton,1,FTF + FTT,08231 + 08232,Child Development,Admin & Support & Waste Mgmt & Remediation,49,"$30,509","$30,144",25,"$32,411","$34,736"
50,Fullerton,1,FTF + FTT,08231 + 08232,Child Development,Educational Services,"1,298","$47,858","$43,897",746,"$61,373","$54,877"
50,Fullerton,1,FTF + FTT,08231 + 08232,Child Development,Health Care & Social Assistance,417,"$31,971","$32,198",172,"$37,372","$39,024"
50,Fullerton,1,FTF + FTT,08231 + 08232,Child Development,"Arts, Entertainment, & Recreation",37,"$28,048","$26,922",23,"$20,959","$28,788"
50,Fullerton,1,FTF + FTT,08231 + 08232,Child Development,Accommodation & Food Services,77,"$27,050","$30,448",36,"$27,334","$37,415"
50,Fullerton,1,FTF + FTT,08231 + 08232,Child Development,Other Services,117,"$30,473","$31,204",42,"$35,438","$39,708"
50,Fullerton,1,FTF + FTT,08231 + 08232,Child Development,Non-Classified,,,,,,
50,Fullerton,1,FTF + FTT,08231 + 08232,Child Development,Government,101,"$50,802","$49,173",61,"$67,244","$66,013"
50,Fullerton,1,FTF + FTT,08231 + 08232,Child Development,No Wages,"2,303",,,"3,591",,
50,Fullerton,1,FTF + FTT,08231 + 08232,Child Development,Wages - No NAICS Code,104,"$4,230","$8,062",56,"$4,547","$10,151"
50,Fullerton,1,FTF + FTT,08351,Kinesiology,"Agriculture, Forestry, Fishing, & Hunting",,,,,,
50,Fullerton,1,FTF + FTT,08351,Kinesiology,Utilities,,,,5,"$112,914","$107,027"
50,Fullerton,1,FTF + FTT,08351,Kinesiology,Construction,18,"$39,119","$49,060",6,"$48,402","$66,169"
50,Fullerton,1,FTF + FTT,08351,Kinesiology,Manufacturing,35,"$49,989","$55,931",9,"$57,466","$53,525"
50,Fullerton,1,FTF + FTT,08351,Kinesiology,Wholesale Trade,42,"$64,562","$61,644",18,"$77,713","$85,486"
50,Fullerton,1,FTF + FTT,08351,Kinesiology,Retail Trade,88,"$28,447","$32,589",23,"$41,374","$52,168"
50,Fullerton,1,FTF + FTT,08351,Kinesiology,Transportation & Warehousing,16,"$47,209","$48,466",8,"$37,483","$49,667"
50,Fullerton,1,FTF + FTT,08351,Kinesiology,Information,21,"$48,269","$45,412",10,"$38,395","$44,340"
50,Fullerton,1,FTF + FTT,08351,Kinesiology,Finance & Insurance,47,"$49,210","$47,384",23,"$67,706","$78,294"
50,Fullerton,1,FTF + FTT,08351,Kinesiology,Real Estate & Rental & Leasing,28,"$46,199","$47,009",11,"$48,356","$52,873"
50,Fullerton,1,FTF + FTT,08351,Kinesiology,"Professional, Scientific, & Technical Skills",36,"$53,042","$51,346",17,"$59,311","$56,824"
50,Fullerton,1,FTF + FTT,08351,Kinesiology,Management of Companies & Enterprises,,,,,,
50,Fullerton,1,FTF + FTT,08351,Kinesiology,Admin & Support & Waste Mgmt & Remediation,39,"$38,120","$38,154",12,"$31,923","$47,083"
50,Fullerton,1,FTF + FTT,08351,Kinesiology,Educational Services,233,"$44,229","$41,787",116,"$65,213","$59,343"
50,Fullerton,1,FTF + FTT,08351,Kinesiology,Health Care & Social Assistance,286,"$35,129","$39,366",102,"$54,823","$54,302"
50,Fullerton,1,FTF + FTT,08351,Kinesiology,"Arts, Entertainment, & Recreation",101,"$28,720","$29,762",32,"$34,250","$38,428"
50,Fullerton,1,FTF + FTT,08351,Kinesiology,Accommodation & Food Services,86,"$26,313","$29,147",19,"$31,703","$38,313"
50,Fullerton,1,FTF + FTT,08351,Kinesiology,Other Services,36,"$43,519","$43,067",11,"$37,203","$39,343"
50,Fullerton,1,FTF + FTT,08351,Kinesiology,Non-Classified,,,,,,
50,Fullerton,1,FTF + FTT,08351,Kinesiology,Government,75,"$57,810","$65,830",36,"$74,373","$87,878"
50,Fullerton,1,FTF + FTT,08351,Kinesiology,No Wages,"2,143",,,"2,910",,
50,Fullerton,1,FTF + FTT,08351,Kinesiology,Wages - No NAICS Code,56,"$2,959","$16,405",25,"$12,679","$29,588"
50,Fullerton,1,FTF + FTT,08375,Athletic Training,Educational Services,,,,,,
50,Fullerton,1,FTF + FTT,08375,Athletic Training,Health Care & Social Assistance,,,,,,
50,Fullerton,1,FTF + FTT,08375,Athletic Training,No Wages,24,,,26,,
50,Fullerton,1,FTF + FTT,09011 + 09012 + 09013,Engineering,"Agriculture, Forestry, Fishing, & Hunting",,,,,,
50,Fullerton,1,FTF + FTT,09011 + 09012 + 09013,Engineering,Utilities,,,,,,
50,Fullerton,1,FTF + FTT,09011 + 09012 + 09013,Engineering,Construction,,,,,,
50,Fullerton,1,FTF + FTT,09011 + 09012 + 09013,Engineering,Manufacturing,15,"$74,198","$72,479",14,"$94,752","$95,280"
50,Fullerton,1,FTF + FTT,09011 + 09012 + 09013,Engineering,Wholesale Trade,,,,6,"$78,336","$75,192"
50,Fullerton,1,FTF + FTT,09011 + 09012 + 09013,Engineering,Retail Trade,,,,,,
50,Fullerton,1,FTF + FTT,09011 + 09012 + 09013,Engineering,Transportation & Warehousing,,,,,,
50,Fullerton,1,FTF + FTT,09011 + 09012 + 09013,Engineering,"Professional, Scientific, & Technical Skills",17,"$78,762","$84,125",7,"$93,116","$116,002"
50,Fullerton,1,FTF + FTT,09011 + 09012 + 09013,Engineering,Admin & Support & Waste Mgmt & Remediation,,,,,,
50,Fullerton,1,FTF + FTT,09011 + 09012 + 09013,Engineering,Educational Services,,,,,,
50,Fullerton,1,FTF + FTT,09011 + 09012 + 09013,Engineering,"Arts, Entertainment, & Recreation",,,,,,
50,Fullerton,1,FTF + FTT,09011 + 09012 + 09013,Engineering,Accommodation & Food Services,,,,,,
50,Fullerton,1,FTF + FTT,09011 + 09012 + 09013,Engineering,Government,,,,,,
50,Fullerton,1,FTF + FTT,09011 + 09012 + 09013,Engineering,No Wages,13,,,17,,
50,Fullerton,1,FTF + FTT,09011 + 09012 + 09013,Engineering,Wages - No NAICS Code,5,"$73,319","$57,131",7,"$96,645","$71,734"
50,Fullerton,1,FTF + FTT,09081,Civil Engineering,Utilities,,,,,,
50,Fullerton,1,FTF + FTT,09081,Civil Engineering,Construction,19,"$68,904","$66,771",,,
50,Fullerton,1,FTF + FTT,09081,Civil Engineering,Manufacturing,8,"$72,179","$77,604",,,
50,Fullerton,1,FTF + FTT,09081,Civil Engineering,Wholesale Trade,,,,,,
50,Fullerton,1,FTF + FTT,09081,Civil Engineering,Retail Trade,7,"$34,112","$35,210",,,
50,Fullerton,1,FTF + FTT,09081,Civil Engineering,Transportation & Warehousing,,,,,,
50,Fullerton,1,FTF + FTT,09081,Civil Engineering,Information,,,,,,
50,Fullerton,1,FTF + FTT,09081,Civil Engineering,Finance & Insurance,,,,,,
50,Fullerton,1,FTF + FTT,09081,Civil Engineering,"Professional, Scientific, & Technical Skills",65,"$67,998","$68,225",17,"$74,683","$67,006"
50,Fullerton,1,FTF + FTT,09081,Civil Engineering,Admin & Support & Waste Mgmt & Remediation,,,,,,
50,Fullerton,1,FTF + FTT,09081,Civil Engineering,Educational Services,,,,,,
50,Fullerton,1,FTF + FTT,09081,Civil Engineering,Health Care & Social Assistance,,,,,,
50,Fullerton,1,FTF + FTT,09081,Civil Engineering,"Arts, Entertainment, & Recreation",,,,,,
50,Fullerton,1,FTF + FTT,09081,Civil Engineering,Accommodation & Food Services,,,,,,
50,Fullerton,1,FTF + FTT,09081,Civil Engineering,Government,15,"$78,284","$78,173",,,
50,Fullerton,1,FTF + FTT,09081,Civil Engineering,No Wages,268,,,377,,
50,Fullerton,1,FTF + FTT,09081,Civil Engineering,Wages - No NAICS Code,13,"$37,871","$43,855",,,
50,Fullerton,1,FTF + FTT,09091,Electrical Engineering,Utilities,8,"$108,721","$104,508",5,"$115,866","$123,851"
50,Fullerton,1,FTF + FTT,09091,Electrical Engineering,Construction,5,"$66,735","$75,370",5,"$73,782","$79,776"
50,Fullerton,1,FTF + FTT,09091,Electrical Engineering,Manufacturing,52,"$71,246","$69,960",28,"$82,301","$80,973"
50,Fullerton,1,FTF + FTT,09091,Electrical Engineering,Wholesale Trade,8,"$44,225","$43,548",,,
50,Fullerton,1,FTF + FTT,09091,Electrical Engineering,Retail Trade,,,,,,
50,Fullerton,1,FTF + FTT,09091,Electrical Engineering,Transportation & Warehousing,,,,,,
50,Fullerton,1,FTF + FTT,09091,Electrical Engineering,Information,,,,,,
50,Fullerton,1,FTF + FTT,09091,Electrical Engineering,"Professional, Scientific, & Technical Skills",26,"$75,240","$76,959",13,"$75,056","$90,204"
50,Fullerton,1,FTF + FTT,09091,Electrical Engineering,Admin & Support & Waste Mgmt & Remediation,6,"$49,873","$52,280",,,
50,Fullerton,1,FTF + FTT,09091,Electrical Engineering,Educational Services,,,,,,
50,Fullerton,1,FTF + FTT,09091,Electrical Engineering,Health Care & Social Assistance,,,,,,
50,Fullerton,1,FTF + FTT,09091,Electrical Engineering,Accommodation & Food Services,,,,,,
50,Fullerton,1,FTF + FTT,09091,Electrical Engineering,Other Services,,,,,,
50,Fullerton,1,FTF + FTT,09091,Electrical Engineering,Government,,,,,,
50,Fullerton,1,FTF + FTT,09091,Electrical Engineering,No Wages,149,,,208,,
50,Fullerton,1,FTF + FTT,09091,Electrical Engineering,Wages - No NAICS Code,6,"$37,499","$49,731",,,
50,Fullerton,1,FTF + FTT,09094,Computer Engineering,Manufacturing,,,,,,
50,Fullerton,1,FTF + FTT,09094,Computer Engineering,Information,,,,,,
50,Fullerton,1,FTF + FTT,09094,Computer Engineering,Finance & Insurance,,,,,,
50,Fullerton,1,FTF + FTT,09094,Computer Engineering,"Professional, Scientific, & Technical Skills",,,,,,
50,Fullerton,1,FTF + FTT,09094,Computer Engineering,Admin & Support & Waste Mgmt & Remediation,,,,,,
50,Fullerton,1,FTF + FTT,09094,Computer Engineering,Educational Services,,,,,,
50,Fullerton,1,FTF + FTT,09094,Computer Engineering,No Wages,73,,,85,,
50,Fullerton,1,FTF + FTT,09094,Computer Engineering,Wages - No NAICS Code,,,,,,
50,Fullerton,1,FTF + FTT,09101,Mechanical Engineering,Mining,,,,,,
50,Fullerton,1,FTF + FTT,09101,Mechanical Engineering,Utilities,,,,,,
50,Fullerton,1,FTF + FTT,09101,Mechanical Engineering,Construction,,,,,,
50,Fullerton,1,FTF + FTT,09101,Mechanical Engineering,Manufacturing,42,"$77,729","$75,699",5,"$103,469","$93,303"
50,Fullerton,1,FTF + FTT,09101,Mechanical Engineering,Wholesale Trade,8,"$79,426","$88,493",,,
50,Fullerton,1,FTF + FTT,09101,Mechanical Engineering,Retail Trade,,,,,,
50,Fullerton,1,FTF + FTT,09101,Mechanical Engineering,Finance & Insurance,,,,,,
50,Fullerton,1,FTF + FTT,09101,Mechanical Engineering,"Professional, Scientific, & Technical Skills",14,"$80,492","$72,467",6,"$94,078","$102,069"
50,Fullerton,1,FTF + FTT,09101,Mechanical Engineering,Management of Companies & Enterprises,,,,,,
50,Fullerton,1,FTF + FTT,09101,Mechanical Engineering,Admin & Support & Waste Mgmt & Remediation,,,,,,
50,Fullerton,1,FTF + FTT,09101,Mechanical Engineering,Educational Services,,,,,,
50,Fullerton,1,FTF + FTT,09101,Mechanical Engineering,"Arts, Entertainment, & Recreation",,,,,,
50,Fullerton,1,FTF + FTT,09101,Mechanical Engineering,Accommodation & Food Services,,,,,,
50,Fullerton,1,FTF + FTT,09101,Mechanical Engineering,Government,,,,,,
50,Fullerton,1,FTF + FTT,09101,Mechanical Engineering,No Wages,274,,,339,,
50,Fullerton,1,FTF + FTT,09101,Mechanical Engineering,Wages - No NAICS Code,,,,,,
50,Fullerton,1,FTF + FTT,10021 + 10022,Art,"Agriculture, Forestry, Fishing, & Hunting",,,,,,
50,Fullerton,1,FTF + FTT,10021 + 10022,Art,Utilities,8,"$78,308","$72,108",,,
50,Fullerton,1,FTF + FTT,10021 + 10022,Art,Construction,26,"$55,875","$52,346",12,"$47,507","$60,502"
50,Fullerton,1,FTF + FTT,10021 + 10022,Art,Manufacturing,126,"$44,851","$48,804",63,"$50,638","$54,582"
50,Fullerton,1,FTF + FTT,10021 + 10022,Art,Wholesale Trade,176,"$43,506","$44,422",77,"$58,025","$62,322"
50,Fullerton,1,FTF + FTT,10021 + 10022,Art,Retail Trade,212,"$32,828","$37,077",67,"$43,001","$55,368"
50,Fullerton,1,FTF + FTT,10021 + 10022,Art,Transportation & Warehousing,17,"$30,502","$36,823",5,"$69,485","$67,879"
50,Fullerton,1,FTF + FTT,10021 + 10022,Art,Information,183,"$54,638","$60,178",77,"$78,340","$90,058"
50,Fullerton,1,FTF + FTT,10021 + 10022,Art,Finance & Insurance,61,"$49,406","$47,969",31,"$54,893","$57,061"
50,Fullerton,1,FTF + FTT,10021 + 10022,Art,Real Estate & Rental & Leasing,30,"$50,917","$49,745",11,"$54,067","$54,629"
50,Fullerton,1,FTF + FTT,10021 + 10022,Art,"Professional, Scientific, & Technical Skills",253,"$51,310","$52,929",127,"$61,473","$67,157"
50,Fullerton,1,FTF + FTT,10021 + 10022,Art,Management of Companies & Enterprises,8,"$58,069","$53,812",,,
50,Fullerton,1,FTF + FTT,10021 + 10022,Art,Admin & Support & Waste Mgmt & Remediation,109,"$34,408","$36,302",34,"$30,544","$37,275"
50,Fullerton,1,FTF + FTT,10021 + 10022,Art,Educational Services,201,"$36,697","$38,971",90,"$50,345","$48,224"
50,Fullerton,1,FTF + FTT,10021 + 10022,Art,Health Care & Social Assistance,58,"$29,286","$34,053",24,"$35,278","$40,785"
50,Fullerton,1,FTF + FTT,10021 + 10022,Art,"Arts, Entertainment, & Recreation",72,"$29,964","$34,146",23,"$48,685","$43,771"
50,Fullerton,1,FTF + FTT,10021 + 10022,Art,Accommodation & Food Services,78,"$26,576","$29,788",27,"$31,403","$39,070"
50,Fullerton,1,FTF + FTT,10021 + 10022,Art,Other Services,36,"$32,062","$32,968",16,"$40,818","$38,138"
50,Fullerton,1,FTF + FTT,10021 + 10022,Art,Non-Classified,,,,,,
50,Fullerton,1,FTF + FTT,10021 + 10022,Art,Government,35,"$34,892","$40,374",25,"$51,065","$56,856"
50,Fullerton,1,FTF + FTT,10021 + 10022,Art,No Wages,"1,848",,,"2,857",,
50,Fullerton,1,FTF + FTT,10021 + 10022,Art,Wages - No NAICS Code,84,"$7,519","$14,064",49,"$14,083","$22,833"
50,Fullerton,1,FTF + FTT,10031,Art History,No Wages,,,,,,
50,Fullerton,1,FTF + FTT,10041,Music - Performance,Construction,,,,,,
50,Fullerton,1,FTF + FTT,10041,Music - Performance,Manufacturing,,,,,,
50,Fullerton,1,FTF + FTT,10041,Music - Performance,Wholesale Trade,,,,,,
50,Fullerton,1,FTF + FTT,10041,Music - Performance,Retail Trade,,,,,,
50,Fullerton,1,FTF + FTT,10041,Music - Performance,Information,,,,,,
50,Fullerton,1,FTF + FTT,10041,Music - Performance,Finance & Insurance,,,,,,
50,Fullerton,1,FTF + FTT,10041,Music - Performance,Real Estate & Rental & Leasing,,,,,,
50,Fullerton,1,FTF + FTT,10041,Music - Performance,"Professional, Scientific, & Technical Skills",,,,,,
50,Fullerton,1,FTF + FTT,10041,Music - Performance,Educational Services,14,"$22,749","$25,496",7,"$39,695","$34,402"
50,Fullerton,1,FTF + FTT,10041,Music - Performance,"Arts, Entertainment, & Recreation",6,"$21,435","$21,539",,,
50,Fullerton,1,FTF + FTT,10041,Music - Performance,Accommodation & Food Services,,,,,,
50,Fullerton,1,FTF + FTT,10041,Music - Performance,Other Services,7,"$20,594","$16,851",,,
50,Fullerton,1,FTF + FTT,10041,Music - Performance,Government,,,,,,
50,Fullerton,1,FTF + FTT,10041,Music - Performance,No Wages,117,,,144,,
50,Fullerton,1,FTF + FTT,10041,Music - Performance,Wages - No NAICS Code,,,,,,
50,Fullerton,1,FTF + FTT,10051,Music,"Agriculture, Forestry, Fishing, & Hunting",,,,,,
50,Fullerton,1,FTF + FTT,10051,Music,Construction,,,,,,
50,Fullerton,1,FTF + FTT,10051,Music,Manufacturing,,,,,,
50,Fullerton,1,FTF + FTT,10051,Music,Wholesale Trade,,,,,,
50,Fullerton,1,FTF + FTT,10051,Music,Retail Trade,12,"$25,260","$31,366",,,
50,Fullerton,1,FTF + FTT,10051,Music,Information,,,,,,
50,Fullerton,1,FTF + FTT,10051,Music,Finance & Insurance,5,"$28,647","$27,956",,,
50,Fullerton,1,FTF + FTT,10051,Music,Real Estate & Rental & Leasing,,,,,,
50,Fullerton,1,FTF + FTT,10051,Music,"Professional, Scientific, & Technical Skills",7,"$39,346","$41,111",5,"$39,829","$43,472"
50,Fullerton,1,FTF + FTT,10051,Music,Admin & Support & Waste Mgmt & Remediation,,,,,,
50,Fullerton,1,FTF + FTT,10051,Music,Educational Services,86,"$59,323","$53,328",39,"$67,169","$55,847"
50,Fullerton,1,FTF + FTT,10051,Music,Health Care & Social Assistance,,,,,,
50,Fullerton,1,FTF + FTT,10051,Music,"Arts, Entertainment, & Recreation",7,"$24,007","$26,862",,,
50,Fullerton,1,FTF + FTT,10051,Music,Accommodation & Food Services,7,"$25,599","$24,963",,,
50,Fullerton,1,FTF + FTT,10051,Music,Other Services,6,"$26,530","$31,585",,,
50,Fullerton,1,FTF + FTT,10051,Music,Government,6,"$41,746","$36,573",,,
50,Fullerton,1,FTF + FTT,10051,Music,No Wages,197,,,278,,
50,Fullerton,1,FTF + FTT,10051,Music,Wages - No NAICS Code,8,"$3,487","$12,791",5,"$9,101","$27,499"
50,Fullerton,1,FTF + FTT,10071,Theatre Arts,"Agriculture, Forestry, Fishing, & Hunting",,,,,,
50,Fullerton,1,FTF + FTT,10071,Theatre Arts,Utilities,,,,,,
50,Fullerton,1,FTF + FTT,10071,Theatre Arts,Construction,,,,,,
50,Fullerton,1,FTF + FTT,10071,Theatre Arts,Manufacturing,5,"$42,060","$46,986",,,
50,Fullerton,1,FTF + FTT,10071,Theatre Arts,Wholesale Trade,8,"$49,345","$64,589",5,"$50,329","$49,485"
50,Fullerton,1,FTF + FTT,10071,Theatre Arts,Retail Trade,36,"$25,072","$24,126",12,"$26,906","$36,698"
50,Fullerton,1,FTF + FTT,10071,Theatre Arts,Transportation & Warehousing,,,,,,
50,Fullerton,1,FTF + FTT,10071,Theatre Arts,Information,30,"$27,636","$30,903",26,"$38,710","$42,896"
50,Fullerton,1,FTF + FTT,10071,Theatre Arts,Finance & Insurance,11,"$43,240","$42,993",6,"$38,438","$38,953"
50,Fullerton,1,FTF + FTT,10071,Theatre Arts,Real Estate & Rental & Leasing,,,,,,
50,Fullerton,1,FTF + FTT,10071,Theatre Arts,"Professional, Scientific, & Technical Skills",28,"$27,886","$32,226",12,"$52,956","$54,393"
50,Fullerton,1,FTF + FTT,10071,Theatre Arts,Management of Companies & Enterprises,,,,,,
50,Fullerton,1,FTF + FTT,10071,Theatre Arts,Admin & Support & Waste Mgmt & Remediation,17,"$24,130","$27,349",9,"$40,291","$32,615"
50,Fullerton,1,FTF + FTT,10071,Theatre Arts,Educational Services,46,"$38,462","$38,884",31,"$45,890","$42,297"
50,Fullerton,1,FTF + FTT,10071,Theatre Arts,Health Care & Social Assistance,13,"$13,413","$18,235",5,"$34,442","$33,063"
50,Fullerton,1,FTF + FTT,10071,Theatre Arts,"Arts, Entertainment, & Recreation",69,"$37,939","$40,626",19,"$45,527","$43,680"
50,Fullerton,1,FTF + FTT,10071,Theatre Arts,Accommodation & Food Services,62,"$20,954","$20,967",17,"$25,618","$26,439"
50,Fullerton,1,FTF + FTT,10071,Theatre Arts,Other Services,14,"$27,524","$26,582",7,"$15,628","$22,469"
50,Fullerton,1,FTF + FTT,10071,Theatre Arts,Non-Classified,,,,,,
50,Fullerton,1,FTF + FTT,10071,Theatre Arts,Government,,,,,,
50,Fullerton,1,FTF + FTT,10071,Theatre Arts,No Wages,415,,,628,,
50,Fullerton,1,FTF + FTT,10071,Theatre Arts,Wages - No NAICS Code,22,"$8,646","$19,134",12,"$1,682","$12,964"
50,Fullerton,1,FTF + FTT,10072,Theatre Arts - Performance,"Agriculture, Forestry, Fishing, & Hunting",,,,,,
50,Fullerton,1,FTF + FTT,10072,Theatre Arts - Performance,Construction,,,,,,
50,Fullerton,1,FTF + FTT,10072,Theatre Arts - Performance,Wholesale Trade,,,,,,
50,Fullerton,1,FTF + FTT,10072,Theatre Arts - Performance,Retail Trade,,,,,,
50,Fullerton,1,FTF + FTT,10072,Theatre Arts - Performance,Information,6,"$16,590","$14,223",5,"$4,404","$8,437"
50,Fullerton,1,FTF + FTT,10072,Theatre Arts - Performance,Finance & Insurance,,,,,,
50,Fullerton,1,FTF + FTT,10072,Theatre Arts - Performance,"Professional, Scientific, & Technical Skills",,,,,,
50,Fullerton,1,FTF + FTT,10072,Theatre Arts - Performance,Admin & Support & Waste Mgmt & Remediation,,,,,,
50,Fullerton,1,FTF + FTT,10072,Theatre Arts - Performance,Educational Services,7,"$13,248","$12,272",,,
50,Fullerton,1,FTF + FTT,10072,Theatre Arts - Performance,Health Care & Social Assistance,,,,,,
50,Fullerton,1,FTF + FTT,10072,Theatre Arts - Performance,"Arts, Entertainment, & Recreation",13,"$23,378","$21,425",,,
50,Fullerton,1,FTF + FTT,10072,Theatre Arts - Performance,Accommodation & Food Services,13,"$18,283","$21,132",,,
50,Fullerton,1,FTF + FTT,10072,Theatre Arts - Performance,Other Services,,,,,,
50,Fullerton,1,FTF + FTT,10072,Theatre Arts - Performance,Government,,,,,,
50,Fullerton,1,FTF + FTT,10072,Theatre Arts - Performance,No Wages,143,,,181,,
50,Fullerton,1,FTF + FTT,10072,Theatre Arts - Performance,Wages - No NAICS Code,6,$673,"$2,019",,,
50,Fullerton,1,FTF + FTT,10081,Dance,"Agriculture, Forestry, Fishing, & Hunting",,,,,,
50,Fullerton,1,FTF + FTT,10081,Dance,Construction,,,,,,
50,Fullerton,1,FTF + FTT,10081,Dance,Manufacturing,,,,,,
50,Fullerton,1,FTF + FTT,10081,Dance,Wholesale Trade,,,,,,
50,Fullerton,1,FTF + FTT,10081,Dance,Retail Trade,6,"$16,413","$25,120",,,
50,Fullerton,1,FTF + FTT,10081,Dance,Transportation & Warehousing,,,,,,
50,Fullerton,1,FTF + FTT,10081,Dance,Information,,,,,,
50,Fullerton,1,FTF + FTT,10081,Dance,Finance & Insurance,,,,,,
50,Fullerton,1,FTF + FTT,10081,Dance,Real Estate & Rental & Leasing,,,,,,
50,Fullerton,1,FTF + FTT,10081,Dance,"Professional, Scientific, & Technical Skills",,,,,,
50,Fullerton,1,FTF + FTT,10081,Dance,Admin & Support & Waste Mgmt & Remediation,,,,,,
50,Fullerton,1,FTF + FTT,10081,Dance,Educational Services,23,"$20,170","$28,037",15,"$33,809","$36,323"
50,Fullerton,1,FTF + FTT,10081,Dance,Health Care & Social Assistance,7,"$28,320","$29,285",,,
50,Fullerton,1,FTF + FTT,10081,Dance,"Arts, Entertainment, & Recreation",11,"$21,871","$26,599",,,
50,Fullerton,1,FTF + FTT,10081,Dance,Accommodation & Food Services,,,,,,
50,Fullerton,1,FTF + FTT,10081,Dance,Other Services,,,,,,
50,Fullerton,1,FTF + FTT,10081,Dance,No Wages,82,,,122,,
50,Fullerton,1,FTF + FTT,10081,Dance,Wages - No NAICS Code,,,,,,
50,Fullerton,1,FTF + FTT,11011 + 11013,World Languages and Cultures/Translation,No Wages,,,,,,
50,Fullerton,1,FTF + FTT,11021,French,Wholesale Trade,,,,,,
50,Fullerton,1,FTF + FTT,11021,French,Retail Trade,,,,,,
50,Fullerton,1,FTF + FTT,11021,French,Transportation & Warehousing,,,,,,
50,Fullerton,1,FTF + FTT,11021,French,Finance & Insurance,,,,,,
50,Fullerton,1,FTF + FTT,11021,French,Real Estate & Rental & Leasing,,,,,,
50,Fullerton,1,FTF + FTT,11021,French,"Professional, Scientific, & Technical Skills",,,,,,
50,Fullerton,1,FTF + FTT,11021,French,Admin & Support & Waste Mgmt & Remediation,,,,,,
50,Fullerton,1,FTF + FTT,11021,French,Educational Services,12,"$31,317","$30,864",9,"$52,671","$44,565"
50,Fullerton,1,FTF + FTT,11021,French,Health Care & Social Assistance,,,,,,
50,Fullerton,1,FTF + FTT,11021,French,"Arts, Entertainment, & Recreation",,,,,,
50,Fullerton,1,FTF + FTT,11021,French,Accommodation & Food Services,,,,,,
50,Fullerton,1,FTF + FTT,11021,French,Other Services,,,,,,
50,Fullerton,1,FTF + FTT,11021,French,Government,,,,,,
50,Fullerton,1,FTF + FTT,11021,French,No Wages,23,,,36,,
50,Fullerton,1,FTF + FTT,11021,French,Wages - No NAICS Code,,,,,,
50,Fullerton,1,FTF + FTT,11031,German,Construction,,,,,,
50,Fullerton,1,FTF + FTT,11031,German,Manufacturing,,,,,,
50,Fullerton,1,FTF + FTT,11031,German,Wholesale Trade,,,,,,
50,Fullerton,1,FTF + FTT,11031,German,Retail Trade,,,,,,
50,Fullerton,1,FTF + FTT,11031,German,Finance & Insurance,,,,,,
50,Fullerton,1,FTF + FTT,11031,German,Real Estate & Rental & Leasing,,,,,,
50,Fullerton,1,FTF + FTT,11031,German,"Professional, Scientific, & Technical Skills",,,,,,
50,Fullerton,1,FTF + FTT,11031,German,Educational Services,,,,,,
50,Fullerton,1,FTF + FTT,11031,German,"Arts, Entertainment, & Recreation",,,,,,
50,Fullerton,1,FTF + FTT,11031,German,Accommodation & Food Services,,,,,,
50,Fullerton,1,FTF + FTT,11031,German,No Wages,7,,,11,,
50,Fullerton,1,FTF + FTT,11031,German,Wages - No NAICS Code,,,,,,
50,Fullerton,1,FTF + FTT,11051,Spanish,Construction,,,,,,
50,Fullerton,1,FTF + FTT,11051,Spanish,Manufacturing,7,"$35,219","$96,256",,,
50,Fullerton,1,FTF + FTT,11051,Spanish,Wholesale Trade,5,"$44,199","$37,206",,,
50,Fullerton,1,FTF + FTT,11051,Spanish,Retail Trade,11,"$40,630","$45,549",,,
50,Fullerton,1,FTF + FTT,11051,Spanish,Transportation & Warehousing,,,,,,
50,Fullerton,1,FTF + FTT,11051,Spanish,Information,,,,,,
50,Fullerton,1,FTF + FTT,11051,Spanish,Finance & Insurance,8,"$72,580","$93,081",6,"$60,822","$66,172"
50,Fullerton,1,FTF + FTT,11051,Spanish,Real Estate & Rental & Leasing,,,,,,
50,Fullerton,1,FTF + FTT,11051,Spanish,"Professional, Scientific, & Technical Skills",8,"$35,041","$43,089",7,"$33,513","$55,735"
50,Fullerton,1,FTF + FTT,11051,Spanish,Admin & Support & Waste Mgmt & Remediation,9,"$35,507","$34,356",,,
50,Fullerton,1,FTF + FTT,11051,Spanish,Educational Services,110,"$47,073","$41,909",64,"$65,434","$59,144"
50,Fullerton,1,FTF + FTT,11051,Spanish,Health Care & Social Assistance,15,"$39,696","$35,625",,,
50,Fullerton,1,FTF + FTT,11051,Spanish,"Arts, Entertainment, & Recreation",,,,,,
50,Fullerton,1,FTF + FTT,11051,Spanish,Accommodation & Food Services,,,,,,
50,Fullerton,1,FTF + FTT,11051,Spanish,Other Services,8,"$14,381","$26,062",,,
50,Fullerton,1,FTF + FTT,11051,Spanish,Government,10,"$50,934","$62,630",5,"$79,153","$80,522"
50,Fullerton,1,FTF + FTT,11051,Spanish,No Wages,156,,,262,,
50,Fullerton,1,FTF + FTT,11051,Spanish,Wages - No NAICS Code,9,"$12,281","$19,433",,,
50,Fullerton,1,FTF + FTT,11081,Japanese,Construction,,,,,,
50,Fullerton,1,FTF + FTT,11081,Japanese,Manufacturing,,,,,,
50,Fullerton,1,FTF + FTT,11081,Japanese,Wholesale Trade,9,"$36,587","$55,084",,,
50,Fullerton,1,FTF + FTT,11081,Japanese,Retail Trade,5,"$35,648","$30,444",,,
50,Fullerton,1,FTF + FTT,11081,Japanese,Transportation & Warehousing,,,,,,
50,Fullerton,1,FTF + FTT,11081,Japanese,Information,,,,,,
50,Fullerton,1,FTF + FTT,11081,Japanese,Finance & Insurance,,,,,,
50,Fullerton,1,FTF + FTT,11081,Japanese,Real Estate & Rental & Leasing,,,,,,
50,Fullerton,1,FTF + FTT,11081,Japanese,"Professional, Scientific, & Technical Skills",,,,,,
50,Fullerton,1,FTF + FTT,11081,Japanese,Admin & Support & Waste Mgmt & Remediation,,,,,,
50,Fullerton,1,FTF + FTT,11081,Japanese,Educational Services,,,,,,
50,Fullerton,1,FTF + FTT,11081,Japanese,Health Care & Social Assistance,,,,,,
50,Fullerton,1,FTF + FTT,11081,Japanese,Accommodation & Food Services,,,,,,
50,Fullerton,1,FTF + FTT,11081,Japanese,Other Services,,,,,,
50,Fullerton,1,FTF + FTT,11081,Japanese,No Wages,75,,,107,,
50,Fullerton,1,FTF + FTT,11081,Japanese,Wages - No NAICS Code,,,,,,
50,Fullerton,1,FTF + FTT,12011,Health Science,"Agriculture, Forestry, Fishing, & Hunting",,,,,,
50,Fullerton,1,FTF + FTT,12011,Health Science,Mining,,,,,,
50,Fullerton,1,FTF + FTT,12011,Health Science,Utilities,,,,,,
50,Fullerton,1,FTF + FTT,12011,Health Science,Construction,,,,,,
50,Fullerton,1,FTF + FTT,12011,Health Science,Manufacturing,11,"$44,025","$43,747",6,"$45,077","$45,188"
50,Fullerton,1,FTF + FTT,12011,Health Science,Wholesale Trade,21,"$55,492","$60,558",,,
50,Fullerton,1,FTF + FTT,12011,Health Science,Retail Trade,35,"$32,670","$43,036",5,"$115,376","$101,361"
50,Fullerton,1,FTF + FTT,12011,Health Science,Transportation & Warehousing,,,,,,
50,Fullerton,1,FTF + FTT,12011,Health Science,Information,,,,,,
50,Fullerton,1,FTF + FTT,12011,Health Science,Finance & Insurance,22,"$54,883","$61,043",,,
50,Fullerton,1,FTF + FTT,12011,Health Science,Real Estate & Rental & Leasing,7,"$49,116","$46,573",,,
50,Fullerton,1,FTF + FTT,12011,Health Science,"Professional, Scientific, & Technical Skills",29,"$45,993","$47,377",5,"$43,618","$49,731"
50,Fullerton,1,FTF + FTT,12011,Health Science,Management of Companies & Enterprises,,,,,,
50,Fullerton,1,FTF + FTT,12011,Health Science,Admin & Support & Waste Mgmt & Remediation,32,"$41,420","$43,748",,,
50,Fullerton,1,FTF + FTT,12011,Health Science,Educational Services,59,"$28,247","$31,491",15,"$52,979","$48,666"
50,Fullerton,1,FTF + FTT,12011,Health Science,Health Care & Social Assistance,155,"$43,922","$49,210",34,"$70,015","$65,923"
50,Fullerton,1,FTF + FTT,12011,Health Science,"Arts, Entertainment, & Recreation",13,"$32,678","$31,952",,,
50,Fullerton,1,FTF + FTT,12011,Health Science,Accommodation & Food Services,28,"$18,996","$21,694",,,
50,Fullerton,1,FTF + FTT,12011,Health Science,Other Services,9,"$34,539","$28,731",,,
50,Fullerton,1,FTF + FTT,12011,Health Science,Government,24,"$56,571","$56,499",6,"$72,350","$85,715"
50,Fullerton,1,FTF + FTT,12011,Health Science,No Wages,"1,618",,,"1,991",,
50,Fullerton,1,FTF + FTT,12011,Health Science,Wages - No NAICS Code,19,"$12,378","$17,505",10,"$35,446","$35,378"
50,Fullerton,1,FTF + FTT,12201,Communicative Disorders,"Agriculture, Forestry, Fishing, & Hunting",,,,,,
50,Fullerton,1,FTF + FTT,12201,Communicative Disorders,Construction,,,,,,
50,Fullerton,1,FTF + FTT,12201,Communicative Disorders,Manufacturing,,,,,,
50,Fullerton,1,FTF + FTT,12201,Communicative Disorders,Wholesale Trade,6,"$60,343","$77,507",,,
50,Fullerton,1,FTF + FTT,12201,Communicative Disorders,Retail Trade,8,"$27,816","$37,036",,,
50,Fullerton,1,FTF + FTT,12201,Communicative Disorders,Transportation & Warehousing,,,,,,
50,Fullerton,1,FTF + FTT,12201,Communicative Disorders,Information,,,,,,
50,Fullerton,1,FTF + FTT,12201,Communicative Disorders,Finance & Insurance,7,"$42,463","$43,285",7,"$60,148","$56,270"
50,Fullerton,1,FTF + FTT,12201,Communicative Disorders,Real Estate & Rental & Leasing,,,,,,
50,Fullerton,1,FTF + FTT,12201,Communicative Disorders,"Professional, Scientific, & Technical Skills",,,,,,
50,Fullerton,1,FTF + FTT,12201,Communicative Disorders,Admin & Support & Waste Mgmt & Remediation,15,"$34,847","$29,103",,,
50,Fullerton,1,FTF + FTT,12201,Communicative Disorders,Educational Services,123,"$48,940","$47,547",63,"$66,666","$64,716"
50,Fullerton,1,FTF + FTT,12201,Communicative Disorders,Health Care & Social Assistance,64,"$44,489","$44,804",27,"$38,260","$45,638"
50,Fullerton,1,FTF + FTT,12201,Communicative Disorders,"Arts, Entertainment, & Recreation",,,,,,
50,Fullerton,1,FTF + FTT,12201,Communicative Disorders,Accommodation & Food Services,5,"$27,031","$28,906",,,
50,Fullerton,1,FTF + FTT,12201,Communicative Disorders,Other Services,,,,,,
50,Fullerton,1,FTF + FTT,12201,Communicative Disorders,Non-Classified,,,,,,
50,Fullerton,1,FTF + FTT,12201,Communicative Disorders,Government,,,,,,
50,Fullerton,1,FTF + FTT,12201,Communicative Disorders,No Wages,446,,,585,,
50,Fullerton,1,FTF + FTT,12201,Communicative Disorders,Wages - No NAICS Code,9,"$4,288","$20,694",5,"$53,185","$46,053"
50,Fullerton,1,FTF + FTT,15011,English,"Agriculture, Forestry, Fishing, & Hunting",,,,,,
50,Fullerton,1,FTF + FTT,15011,English,Utilities,,,,,,
50,Fullerton,1,FTF + FTT,15011,English,Construction,11,"$44,005","$54,542",6,"$59,383","$65,396"
50,Fullerton,1,FTF + FTT,15011,English,Manufacturing,25,"$35,383","$44,121",12,"$52,406","$47,018"
50,Fullerton,1,FTF + FTT,15011,English,Wholesale Trade,32,"$50,753","$55,363",21,"$71,267","$89,654"
50,Fullerton,1,FTF + FTT,15011,English,Retail Trade,81,"$29,630","$31,811",21,"$39,326","$42,498"
50,Fullerton,1,FTF + FTT,15011,English,Transportation & Warehousing,12,"$41,815","$40,594",,,
50,Fullerton,1,FTF + FTT,15011,English,Information,29,"$42,877","$41,307",19,"$53,947","$57,508"
50,Fullerton,1,FTF + FTT,15011,English,Finance & Insurance,66,"$46,570","$48,391",22,"$67,458","$61,293"
50,Fullerton,1,FTF + FTT,15011,English,Real Estate & Rental & Leasing,14,"$45,158","$43,241",8,"$48,727","$55,076"
50,Fullerton,1,FTF + FTT,15011,English,"Professional, Scientific, & Technical Skills",81,"$51,549","$54,110",27,"$71,692","$66,649"
50,Fullerton,1,FTF + FTT,15011,English,Management of Companies & Enterprises,,,,,,
50,Fullerton,1,FTF + FTT,15011,English,Admin & Support & Waste Mgmt & Remediation,39,"$36,754","$41,739",13,"$30,778","$34,657"
50,Fullerton,1,FTF + FTT,15011,English,Educational Services,335,"$53,995","$48,305",197,"$69,114","$63,092"
50,Fullerton,1,FTF + FTT,15011,English,Health Care & Social Assistance,46,"$40,084","$38,414",27,"$43,450","$53,771"
50,Fullerton,1,FTF + FTT,15011,English,"Arts, Entertainment, & Recreation",26,"$25,340","$27,445",,,
50,Fullerton,1,FTF + FTT,15011,English,Accommodation & Food Services,60,"$20,138","$24,402",10,"$31,039","$28,143"
50,Fullerton,1,FTF + FTT,15011,English,Other Services,20,"$37,380","$34,810",10,"$41,983","$36,818"
50,Fullerton,1,FTF + FTT,15011,English,Non-Classified,,,,,,
50,Fullerton,1,FTF + FTT,15011,English,Government,34,"$51,188","$56,746",22,"$66,774","$70,327"
50,Fullerton,1,FTF + FTT,15011,English,No Wages,883,,,"1,388",,
50,Fullerton,1,FTF + FTT,15011,English,Wages - No NAICS Code,42,"$10,400","$17,616",29,"$11,277","$24,870"
50,Fullerton,1,FTF + FTT,15031,Comparative Literature,Real Estate & Rental & Leasing,,,,,,
50,Fullerton,1,FTF + FTT,15031,Comparative Literature,"Professional, Scientific, & Technical Skills",,,,,,
50,Fullerton,1,FTF + FTT,15031,Comparative Literature,Educational Services,,,,,,
50,Fullerton,1,FTF + FTT,15031,Comparative Literature,Other Services,,,,,,
50,Fullerton,1,FTF + FTT,15031,Comparative Literature,No Wages,5,,,5,,
50,Fullerton,1,FTF + FTT,15031,Comparative Literature,Wages - No NAICS Code,,,,,,
50,Fullerton,1,FTF + FTT,15051,Linguistics,Construction,,,,,,
50,Fullerton,1,FTF + FTT,15051,Linguistics,Manufacturing,,,,,,
50,Fullerton,1,FTF + FTT,15051,Linguistics,Wholesale Trade,,,,,,
50,Fullerton,1,FTF + FTT,15051,Linguistics,Retail Trade,5,"$18,319","$23,402",,,
50,Fullerton,1,FTF + FTT,15051,Linguistics,Information,,,,,,
50,Fullerton,1,FTF + FTT,15051,Linguistics,Finance & Insurance,,,,,,
50,Fullerton,1,FTF + FTT,15051,Linguistics,"Professional, Scientific, & Technical Skills",,,,,,
50,Fullerton,1,FTF + FTT,15051,Linguistics,Management of Companies & Enterprises,,,,,,
50,Fullerton,1,FTF + FTT,15051,Linguistics,Admin & Support & Waste Mgmt & Remediation,,,,,,
50,Fullerton,1,FTF + FTT,15051,Linguistics,Educational Services,20,"$26,913","$32,072",14,"$49,057","$44,952"
50,Fullerton,1,FTF + FTT,15051,Linguistics,"Arts, Entertainment, & Recreation",,,,,,
50,Fullerton,1,FTF + FTT,15051,Linguistics,Accommodation & Food Services,,,,,,
50,Fullerton,1,FTF + FTT,15051,Linguistics,Other Services,,,,,,
50,Fullerton,1,FTF + FTT,15051,Linguistics,Non-Classified,,,,,,
50,Fullerton,1,FTF + FTT,15051,Linguistics,No Wages,92,,,113,,
50,Fullerton,1,FTF + FTT,15051,Linguistics,Wages - No NAICS Code,5,"$8,535","$8,421",,,
50,Fullerton,1,FTF + FTT,15061,Speech Communication,"Agriculture, Forestry, Fishing, & Hunting",,,,,,
50,Fullerton,1,FTF + FTT,15061,Speech Communication,Utilities,,,,,,
50,Fullerton,1,FTF + FTT,15061,Speech Communication,Construction,10,"$59,690","$61,795",,,
50,Fullerton,1,FTF + FTT,15061,Speech Communication,Manufacturing,13,"$83,145","$69,995",9,"$65,028","$69,031"
50,Fullerton,1,FTF + FTT,15061,Speech Communication,Wholesale Trade,23,"$58,750","$68,083",17,"$72,121","$78,826"
50,Fullerton,1,FTF + FTT,15061,Speech Communication,Retail Trade,28,"$37,813","$58,155",7,"$52,706","$47,947"
50,Fullerton,1,FTF + FTT,15061,Speech Communication,Transportation & Warehousing,6,"$63,780","$57,598",,,
50,Fullerton,1,FTF + FTT,15061,Speech Communication,Information,9,"$47,129","$44,993",,,
50,Fullerton,1,FTF + FTT,15061,Speech Communication,Finance & Insurance,31,"$54,830","$59,585",12,"$65,031","$69,534"
50,Fullerton,1,FTF + FTT,15061,Speech Communication,Real Estate & Rental & Leasing,14,"$41,466","$54,115",7,"$41,217","$50,166"
50,Fullerton,1,FTF + FTT,15061,Speech Communication,"Professional, Scientific, & Technical Skills",29,"$51,490","$52,804",9,"$92,012","$98,266"
50,Fullerton,1,FTF + FTT,15061,Speech Communication,Admin & Support & Waste Mgmt & Remediation,23,"$41,378","$40,554",8,"$47,748","$52,816"
50,Fullerton,1,FTF + FTT,15061,Speech Communication,Educational Services,42,"$36,635","$40,805",33,"$53,608","$52,018"
50,Fullerton,1,FTF + FTT,15061,Speech Communication,Health Care & Social Assistance,24,"$37,808","$41,172",9,"$54,975","$51,998"
50,Fullerton,1,FTF + FTT,15061,Speech Communication,"Arts, Entertainment, & Recreation",9,"$41,125","$42,817",,,
50,Fullerton,1,FTF + FTT,15061,Speech Communication,Accommodation & Food Services,28,"$28,519","$31,941",10,"$29,646","$29,492"
50,Fullerton,1,FTF + FTT,15061,Speech Communication,Other Services,5,"$55,007","$51,177",,,
50,Fullerton,1,FTF + FTT,15061,Speech Communication,Government,10,"$76,881","$87,287",7,"$84,359","$86,337"
50,Fullerton,1,FTF + FTT,15061,Speech Communication,No Wages,376,,,544,,
50,Fullerton,1,FTF + FTT,15061,Speech Communication,Wages - No NAICS Code,9,"$3,455","$12,628",12,"$11,467","$19,545"
50,Fullerton,1,FTF + FTT,15091,Philosophy,"Agriculture, Forestry, Fishing, & Hunting",,,,,,
50,Fullerton,1,FTF + FTT,15091,Philosophy,Utilities,,,,,,
50,Fullerton,1,FTF + FTT,15091,Philosophy,Construction,,,,,,
50,Fullerton,1,FTF + FTT,15091,Philosophy,Manufacturing,8,"$58,185","$62,180",,,
50,Fullerton,1,FTF + FTT,15091,Philosophy,Wholesale Trade,,,,,,
50,Fullerton,1,FTF + FTT,15091,Philosophy,Retail Trade,16,"$29,817","$31,295",,,
50,Fullerton,1,FTF + FTT,15091,Philosophy,Transportation & Warehousing,,,,,,
50,Fullerton,1,FTF + FTT,15091,Philosophy,Information,5,"$37,027","$43,276",,,
50,Fullerton,1,FTF + FTT,15091,Philosophy,Finance & Insurance,11,"$26,856","$39,071",,,
50,Fullerton,1,FTF + FTT,15091,Philosophy,Real Estate & Rental & Leasing,,,,,,
50,Fullerton,1,FTF + FTT,15091,Philosophy,"Professional, Scientific, & Technical Skills",9,"$61,242","$54,116",7,"$70,665","$85,648"
50,Fullerton,1,FTF + FTT,15091,Philosophy,Management of Companies & Enterprises,,,,,,
50,Fullerton,1,FTF + FTT,15091,Philosophy,Admin & Support & Waste Mgmt & Remediation,12,"$20,122","$25,222",,,
50,Fullerton,1,FTF + FTT,15091,Philosophy,Educational Services,12,"$34,607","$35,212",6,"$51,483","$48,555"
50,Fullerton,1,FTF + FTT,15091,Philosophy,Health Care & Social Assistance,8,"$39,506","$33,123",,,
50,Fullerton,1,FTF + FTT,15091,Philosophy,"Arts, Entertainment, & Recreation",,,,,,
50,Fullerton,1,FTF + FTT,15091,Philosophy,Accommodation & Food Services,11,"$19,963","$22,330",,,
50,Fullerton,1,FTF + FTT,15091,Philosophy,Other Services,,,,,,
50,Fullerton,1,FTF + FTT,15091,Philosophy,Government,5,"$63,677","$75,666",,,
50,Fullerton,1,FTF + FTT,15091,Philosophy,No Wages,151,,,234,,
50,Fullerton,1,FTF + FTT,15091,Philosophy,Wages - No NAICS Code,5,"$4,497","$13,735",,,
50,Fullerton,1,FTF + FTT,15101,Religious Studies,"Agriculture, Forestry, Fishing, & Hunting",,,,,,
50,Fullerton,1,FTF + FTT,15101,Religious Studies,Construction,,,,,,
50,Fullerton,1,FTF + FTT,15101,Religious Studies,Wholesale Trade,,,,,,
50,Fullerton,1,FTF + FTT,15101,Religious Studies,Retail Trade,6,"$19,016","$26,442",,,
50,Fullerton,1,FTF + FTT,15101,Religious Studies,Transportation & Warehousing,,,,,,
50,Fullerton,1,FTF + FTT,15101,Religious Studies,Information,,,,,,
50,Fullerton,1,FTF + FTT,15101,Religious Studies,Finance & Insurance,,,,,,
50,Fullerton,1,FTF + FTT,15101,Religious Studies,Real Estate & Rental & Leasing,,,,,,
50,Fullerton,1,FTF + FTT,15101,Religious Studies,"Professional, Scientific, & Technical Skills",,,,,,
50,Fullerton,1,FTF + FTT,15101,Religious Studies,Admin & Support & Waste Mgmt & Remediation,,,,,,
50,Fullerton,1,FTF + FTT,15101,Religious Studies,Educational Services,9,"$33,482","$35,095",6,"$38,821","$42,636"
50,Fullerton,1,FTF + FTT,15101,Religious Studies,Health Care & Social Assistance,,,,,,
50,Fullerton,1,FTF + FTT,15101,Religious Studies,Accommodation & Food Services,6,"$33,931","$29,318",,,
50,Fullerton,1,FTF + FTT,15101,Religious Studies,Other Services,7,"$22,177","$25,106",,,
50,Fullerton,1,FTF + FTT,15101,Religious Studies,Government,,,,,,
50,Fullerton,1,FTF + FTT,15101,Religious Studies,No Wages,76,,,111,,
50,Fullerton,1,FTF + FTT,15101,Religious Studies,Wages - No NAICS Code,5,"$2,897","$25,056",,,
50,Fullerton,1,FTF + FTT,17011,Mathematics,Utilities,,,,,,
50,Fullerton,1,FTF + FTT,17011,Mathematics,Construction,,,,,,
50,Fullerton,1,FTF + FTT,17011,Mathematics,Manufacturing,7,"$90,006","$82,025",,,
50,Fullerton,1,FTF + FTT,17011,Mathematics,Wholesale Trade,,,,,,
50,Fullerton,1,FTF + FTT,17011,Mathematics,Retail Trade,10,"$50,518","$42,682",,,
50,Fullerton,1,FTF + FTT,17011,Mathematics,Information,,,,,,
50,Fullerton,1,FTF + FTT,17011,Mathematics,Finance & Insurance,11,"$75,362","$69,373",5,"$84,947","$95,311"
50,Fullerton,1,FTF + FTT,17011,Mathematics,Real Estate & Rental & Leasing,,,,,,
50,Fullerton,1,FTF + FTT,17011,Mathematics,"Professional, Scientific, & Technical Skills",14,"$58,835","$55,847",5,"$75,697","$67,337"
50,Fullerton,1,FTF + FTT,17011,Mathematics,Admin & Support & Waste Mgmt & Remediation,5,"$22,351","$26,098",,,
50,Fullerton,1,FTF + FTT,17011,Mathematics,Educational Services,91,"$57,568","$52,428",49,"$78,846","$75,306"
50,Fullerton,1,FTF + FTT,17011,Mathematics,Health Care & Social Assistance,,,,,,
50,Fullerton,1,FTF + FTT,17011,Mathematics,"Arts, Entertainment, & Recreation",,,,,,
50,Fullerton,1,FTF + FTT,17011,Mathematics,Accommodation & Food Services,,,,,,
50,Fullerton,1,FTF + FTT,17011,Mathematics,Non-Classified,,,,,,
50,Fullerton,1,FTF + FTT,17011,Mathematics,Government,,,,,,
50,Fullerton,1,FTF + FTT,17011,Mathematics,No Wages,203,,,290,,
50,Fullerton,1,FTF + FTT,17011,Mathematics,Wages - No NAICS Code,10,"$6,722","$18,512",,,
50,Fullerton,1,FTF + FTT,17031,Applied Mathematics,No Wages,,,,,,
50,Fullerton,1,FTF + FTT,19021,Physics,Utilities,,,,,,
50,Fullerton,1,FTF + FTT,19021,Physics,Manufacturing,5,"$42,777","$53,635",,,
50,Fullerton,1,FTF + FTT,19021,Physics,Wholesale Trade,,,,,,
50,Fullerton,1,FTF + FTT,19021,Physics,Information,,,,,,
50,Fullerton,1,FTF + FTT,19021,Physics,Finance & Insurance,,,,,,
50,Fullerton,1,FTF + FTT,19021,Physics,"Professional, Scientific, & Technical Skills",,,,,,
50,Fullerton,1,FTF + FTT,19021,Physics,Admin & Support & Waste Mgmt & Remediation,,,,,,
50,Fullerton,1,FTF + FTT,19021,Physics,Educational Services,,,,,,
50,Fullerton,1,FTF + FTT,19021,Physics,"Arts, Entertainment, & Recreation",,,,,,
50,Fullerton,1,FTF + FTT,19021,Physics,Other Services,,,,,,
50,Fullerton,1,FTF + FTT,19021,Physics,No Wages,44,,,55,,
50,Fullerton,1,FTF + FTT,19021,Physics,Wages - No NAICS Code,,,,,,
50,Fullerton,1,FTF + FTT,19051,Chemistry,Utilities,,,,,,
50,Fullerton,1,FTF + FTT,19051,Chemistry,Manufacturing,20,"$57,678","$64,941",8,"$74,243","$85,019"
50,Fullerton,1,FTF + FTT,19051,Chemistry,Wholesale Trade,,,,,,
50,Fullerton,1,FTF + FTT,19051,Chemistry,Retail Trade,,,,,,
50,Fullerton,1,FTF + FTT,19051,Chemistry,Information,,,,,,
50,Fullerton,1,FTF + FTT,19051,Chemistry,Finance & Insurance,,,,,,
50,Fullerton,1,FTF + FTT,19051,Chemistry,Real Estate & Rental & Leasing,,,,,,
50,Fullerton,1,FTF + FTT,19051,Chemistry,"Professional, Scientific, & Technical Skills",15,"$57,520","$55,862",9,"$70,540","$65,310"
50,Fullerton,1,FTF + FTT,19051,Chemistry,Admin & Support & Waste Mgmt & Remediation,6,"$36,840","$41,352",,,
50,Fullerton,1,FTF + FTT,19051,Chemistry,Educational Services,11,"$50,148","$43,219",7,"$67,041","$69,120"
50,Fullerton,1,FTF + FTT,19051,Chemistry,Health Care & Social Assistance,,,,,,
50,Fullerton,1,FTF + FTT,19051,Chemistry,Accommodation & Food Services,,,,,,
50,Fullerton,1,FTF + FTT,19051,Chemistry,Other Services,,,,,,
50,Fullerton,1,FTF + FTT,19051,Chemistry,Government,6,"$51,980","$57,426",6,"$87,097","$85,327"
50,Fullerton,1,FTF + FTT,19051,Chemistry,No Wages,97,,,135,,
50,Fullerton,1,FTF + FTT,19051,Chemistry,Wages - No NAICS Code,10,"$10,060","$13,002",,,
50,Fullerton,1,FTF + FTT,19141,Geology,"Agriculture, Forestry, Fishing, & Hunting",,,,,,
50,Fullerton,1,FTF + FTT,19141,Geology,Utilities,,,,,,
50,Fullerton,1,FTF + FTT,19141,Geology,Construction,,,,,,
50,Fullerton,1,FTF + FTT,19141,Geology,Manufacturing,,,,,,
50,Fullerton,1,FTF + FTT,19141,Geology,Retail Trade,,,,,,
50,Fullerton,1,FTF + FTT,19141,Geology,"Professional, Scientific, & Technical Skills",32,"$69,168","$70,848",10,"$105,074","$100,139"
50,Fullerton,1,FTF + FTT,19141,Geology,Admin & Support & Waste Mgmt & Remediation,,,,,,
50,Fullerton,1,FTF + FTT,19141,Geology,Educational Services,,,,,,
50,Fullerton,1,FTF + FTT,19141,Geology,Health Care & Social Assistance,,,,,,
50,Fullerton,1,FTF + FTT,19141,Geology,Accommodation & Food Services,,,,,,
50,Fullerton,1,FTF + FTT,19141,Geology,Government,,,,,,
50,Fullerton,1,FTF + FTT,19141,Geology,No Wages,83,,,119,,
50,Fullerton,1,FTF + FTT,19141,Geology,Wages - No NAICS Code,,,,,,
50,Fullerton,1,FTF + FTT,19171,Earth Science,No Wages,40,,,40,,
50,Fullerton,1,FTF + FTT,20011 + 20013,Psychology,"Agriculture, Forestry, Fishing, & Hunting",,,,,,
50,Fullerton,1,FTF + FTT,20011 + 20013,Psychology,Utilities,7,"$78,390","$74,146",7,"$88,634","$81,302"
50,Fullerton,1,FTF + FTT,20011 + 20013,Psychology,Construction,35,"$40,496","$42,655",18,"$35,040","$42,763"
50,Fullerton,1,FTF + FTT,20011 + 20013,Psychology,Manufacturing,60,"$50,334","$56,556",34,"$67,389","$69,545"
50,Fullerton,1,FTF + FTT,20011 + 20013,Psychology,Wholesale Trade,75,"$49,069","$58,174",40,"$67,558","$82,559"
50,Fullerton,1,FTF + FTT,20011 + 20013,Psychology,Retail Trade,145,"$40,749","$42,127",41,"$47,273","$50,796"
50,Fullerton,1,FTF + FTT,20011 + 20013,Psychology,Transportation & Warehousing,21,"$40,966","$42,459",9,"$36,297","$34,480"
50,Fullerton,1,FTF + FTT,20011 + 20013,Psychology,Information,33,"$50,372","$55,458",23,"$52,102","$67,936"
50,Fullerton,1,FTF + FTT,20011 + 20013,Psychology,Finance & Insurance,176,"$49,503","$52,543",73,"$62,168","$63,560"
50,Fullerton,1,FTF + FTT,20011 + 20013,Psychology,Real Estate & Rental & Leasing,34,"$50,274","$52,364",18,"$61,674","$58,850"
50,Fullerton,1,FTF + FTT,20011 + 20013,Psychology,"Professional, Scientific, & Technical Skills",142,"$46,275","$49,443",61,"$60,299","$65,477"
50,Fullerton,1,FTF + FTT,20011 + 20013,Psychology,Management of Companies & Enterprises,,,,,,
50,Fullerton,1,FTF + FTT,20011 + 20013,Psychology,Admin & Support & Waste Mgmt & Remediation,92,"$35,054","$38,698",44,"$50,474","$53,100"
50,Fullerton,1,FTF + FTT,20011 + 20013,Psychology,Educational Services,254,"$41,624","$39,849",122,"$56,199","$55,229"
50,Fullerton,1,FTF + FTT,20011 + 20013,Psychology,Health Care & Social Assistance,343,"$37,336","$37,515",123,"$44,589","$51,263"
50,Fullerton,1,FTF + FTT,20011 + 20013,Psychology,"Arts, Entertainment, & Recreation",39,"$34,568","$32,360",13,"$42,975","$48,243"
50,Fullerton,1,FTF + FTT,20011 + 20013,Psychology,Accommodation & Food Services,73,"$28,922","$30,876",20,"$27,833","$34,588"
50,Fullerton,1,FTF + FTT,20011 + 20013,Psychology,Other Services,43,"$33,523","$31,072",17,"$36,598","$38,137"
50,Fullerton,1,FTF + FTT,20011 + 20013,Psychology,Non-Classified,7,"$13,376","$31,615",,,
50,Fullerton,1,FTF + FTT,20011 + 20013,Psychology,Government,139,"$59,183","$62,257",88,"$72,892","$80,469"
50,Fullerton,1,FTF + FTT,20011 + 20013,Psychology,No Wages,"2,565",,,"3,581",,
50,Fullerton,1,FTF + FTT,20011 + 20013,Psychology,Wages - No NAICS Code,85,"$7,460","$15,286",38,"$18,659","$35,295"
50,Fullerton,1,FTF + FTT,21021,Public Administration,Utilities,,,,,,
50,Fullerton,1,FTF + FTT,21021,Public Administration,Construction,,,,,,
50,Fullerton,1,FTF + FTT,21021,Public Administration,Manufacturing,,,,,,
50,Fullerton,1,FTF + FTT,21021,Public Administration,Wholesale Trade,5,"$50,705","$55,267",,,
50,Fullerton,1,FTF + FTT,21021,Public Administration,Retail Trade,8,"$47,509","$51,639",,,
50,Fullerton,1,FTF + FTT,21021,Public Administration,Transportation & Warehousing,,,,,,
50,Fullerton,1,FTF + FTT,21021,Public Administration,Finance & Insurance,15,"$52,092","$59,904",,,
50,Fullerton,1,FTF + FTT,21021,Public Administration,"Professional, Scientific, & Technical Skills",5,"$48,510","$51,496",,,
50,Fullerton,1,FTF + FTT,21021,Public Administration,Admin & Support & Waste Mgmt & Remediation,6,"$24,716","$38,609",,,
50,Fullerton,1,FTF + FTT,21021,Public Administration,Educational Services,7,"$40,111","$38,546",,,
50,Fullerton,1,FTF + FTT,21021,Public Administration,Health Care & Social Assistance,9,"$37,801","$37,808",6,"$60,175","$65,875"
50,Fullerton,1,FTF + FTT,21021,Public Administration,"Arts, Entertainment, & Recreation",,,,,,
50,Fullerton,1,FTF + FTT,21021,Public Administration,Accommodation & Food Services,,,,,,
50,Fullerton,1,FTF + FTT,21021,Public Administration,Other Services,5,"$56,840","$47,601",,,
50,Fullerton,1,FTF + FTT,21021,Public Administration,Government,41,"$74,427","$80,513",12,"$112,219","$111,784"
50,Fullerton,1,FTF + FTT,21021,Public Administration,No Wages,166,,,252,,
50,Fullerton,1,FTF + FTT,21021,Public Administration,Wages - No NAICS Code,6,"$35,426","$41,466",,,
50,Fullerton,1,FTF + FTT,21042,Human Services,"Agriculture, Forestry, Fishing, & Hunting",,,,,,
50,Fullerton,1,FTF + FTT,21042,Human Services,Utilities,,,,,,
50,Fullerton,1,FTF + FTT,21042,Human Services,Construction,7,"$50,907","$54,347",9,"$12,269","$26,335"
50,Fullerton,1,FTF + FTT,21042,Human Services,Manufacturing,16,"$45,910","$51,931",10,"$53,722","$74,435"
50,Fullerton,1,FTF + FTT,21042,Human Services,Wholesale Trade,34,"$47,720","$49,438",14,"$53,618","$60,236"
50,Fullerton,1,FTF + FTT,21042,Human Services,Retail Trade,48,"$33,532","$33,828",12,"$37,565","$52,862"
50,Fullerton,1,FTF + FTT,21042,Human Services,Transportation & Warehousing,6,"$36,202","$45,018",,,
50,Fullerton,1,FTF + FTT,21042,Human Services,Information,12,"$43,000","$48,314",7,"$68,257","$71,379"
50,Fullerton,1,FTF + FTT,21042,Human Services,Finance & Insurance,60,"$48,867","$48,840",24,"$59,270","$66,867"
50,Fullerton,1,FTF + FTT,21042,Human Services,Real Estate & Rental & Leasing,16,"$41,665","$41,693",6,"$56,136","$58,029"
50,Fullerton,1,FTF + FTT,21042,Human Services,"Professional, Scientific, & Technical Skills",45,"$43,334","$39,017",13,"$52,290","$52,390"
50,Fullerton,1,FTF + FTT,21042,Human Services,Management of Companies & Enterprises,,,,,,
50,Fullerton,1,FTF + FTT,21042,Human Services,Admin & Support & Waste Mgmt & Remediation,41,"$36,035","$34,515",16,"$30,958","$35,871"
50,Fullerton,1,FTF + FTT,21042,Human Services,Educational Services,200,"$34,991","$38,477",102,"$45,869","$46,714"
50,Fullerton,1,FTF + FTT,21042,Human Services,Health Care & Social Assistance,320,"$38,314","$37,029",137,"$44,691","$46,353"
50,Fullerton,1,FTF + FTT,21042,Human Services,"Arts, Entertainment, & Recreation",8,"$24,986","$24,459",5,"$38,201","$34,224"
50,Fullerton,1,FTF + FTT,21042,Human Services,Accommodation & Food Services,24,"$25,622","$27,204",10,"$18,815","$23,081"
50,Fullerton,1,FTF + FTT,21042,Human Services,Other Services,41,"$37,654","$36,656",15,"$40,179","$40,824"
50,Fullerton,1,FTF + FTT,21042,Human Services,Non-Classified,,,,,,
50,Fullerton,1,FTF + FTT,21042,Human Services,Government,202,"$57,929","$59,447",121,"$67,352","$69,436"
50,Fullerton,1,FTF + FTT,21042,Human Services,No Wages,"1,255",,,"1,861",,
50,Fullerton,1,FTF + FTT,21042,Human Services,Wages - No NAICS Code,62,"$11,850","$30,038",34,"$15,044","$35,845"
50,Fullerton,1,FTF + FTT,21051,Criminal Justice,"Agriculture, Forestry, Fishing, & Hunting",,,,,,
50,Fullerton,1,FTF + FTT,21051,Criminal Justice,Mining,,,,,,
50,Fullerton,1,FTF + FTT,21051,Criminal Justice,Utilities,11,"$70,298","$65,098",9,"$84,600","$79,760"
50,Fullerton,1,FTF + FTT,21051,Criminal Justice,Construction,38,"$50,378","$50,457",17,"$53,221","$66,808"
50,Fullerton,1,FTF + FTT,21051,Criminal Justice,Manufacturing,49,"$49,189","$55,385",21,"$72,824","$85,407"
50,Fullerton,1,FTF + FTT,21051,Criminal Justice,Wholesale Trade,45,"$47,828","$49,996",25,"$65,905","$70,723"
50,Fullerton,1,FTF + FTT,21051,Criminal Justice,Retail Trade,139,"$41,047","$47,755",53,"$56,719","$65,637"
50,Fullerton,1,FTF + FTT,21051,Criminal Justice,Transportation & Warehousing,34,"$36,193","$39,008",11,"$31,366","$44,783"
50,Fullerton,1,FTF + FTT,21051,Criminal Justice,Information,29,"$56,229","$60,091",13,"$67,453","$61,795"
50,Fullerton,1,FTF + FTT,21051,Criminal Justice,Finance & Insurance,204,"$56,580","$57,957",95,"$68,683","$67,625"
50,Fullerton,1,FTF + FTT,21051,Criminal Justice,Real Estate & Rental & Leasing,40,"$50,304","$50,973",12,"$87,586","$83,185"
50,Fullerton,1,FTF + FTT,21051,Criminal Justice,"Professional, Scientific, & Technical Skills",117,"$48,209","$46,607",73,"$63,248","$65,742"
50,Fullerton,1,FTF + FTT,21051,Criminal Justice,Management of Companies & Enterprises,,,,,,
50,Fullerton,1,FTF + FTT,21051,Criminal Justice,Admin & Support & Waste Mgmt & Remediation,107,"$38,643","$43,343",43,"$42,975","$54,279"
50,Fullerton,1,FTF + FTT,21051,Criminal Justice,Educational Services,103,"$35,694","$38,941",44,"$53,738","$52,230"
50,Fullerton,1,FTF + FTT,21051,Criminal Justice,Health Care & Social Assistance,126,"$37,591","$43,735",52,"$44,912","$50,802"
50,Fullerton,1,FTF + FTT,21051,Criminal Justice,"Arts, Entertainment, & Recreation",24,"$30,841","$32,006",11,"$40,258","$34,356"
50,Fullerton,1,FTF + FTT,21051,Criminal Justice,Accommodation & Food Services,79,"$30,395","$32,873",24,"$43,496","$48,830"
50,Fullerton,1,FTF + FTT,21051,Criminal Justice,Other Services,31,"$45,500","$43,198",10,"$47,567","$58,526"
50,Fullerton,1,FTF + FTT,21051,Criminal Justice,Non-Classified,,,,,,
50,Fullerton,1,FTF + FTT,21051,Criminal Justice,Government,657,"$75,575","$79,947",402,"$90,455","$93,919"
50,Fullerton,1,FTF + FTT,21051,Criminal Justice,No Wages,"1,737",,,"2,707",,
50,Fullerton,1,FTF + FTT,21051,Criminal Justice,Wages - No NAICS Code,139,"$38,320","$44,134",89,"$72,662","$63,969"
50,Fullerton,1,FTF + FTT,22021,Anthropology,"Agriculture, Forestry, Fishing, & Hunting",,,,,,
50,Fullerton,1,FTF + FTT,22021,Anthropology,Utilities,,,,,,
50,Fullerton,1,FTF + FTT,22021,Anthropology,Construction,6,"$47,663","$46,961",,,
50,Fullerton,1,FTF + FTT,22021,Anthropology,Manufacturing,16,"$43,434","$46,993",9,"$58,023","$63,388"
50,Fullerton,1,FTF + FTT,22021,Anthropology,Wholesale Trade,9,"$37,573","$42,148",5,"$43,567","$48,019"
50,Fullerton,1,FTF + FTT,22021,Anthropology,Retail Trade,33,"$28,708","$30,874",17,"$41,077","$40,592"
50,Fullerton,1,FTF + FTT,22021,Anthropology,Transportation & Warehousing,,,,,,
50,Fullerton,1,FTF + FTT,22021,Anthropology,Information,5,"$43,530","$43,708",,,
50,Fullerton,1,FTF + FTT,22021,Anthropology,Finance & Insurance,23,"$46,302","$54,165",15,"$53,904","$67,514"
50,Fullerton,1,FTF + FTT,22021,Anthropology,Real Estate & Rental & Leasing,6,"$43,732","$35,709",5,"$14,902","$17,424"
50,Fullerton,1,FTF + FTT,22021,Anthropology,"Professional, Scientific, & Technical Skills",35,"$35,448","$36,882",12,"$45,512","$42,568"
50,Fullerton,1,FTF + FTT,22021,Anthropology,Management of Companies & Enterprises,,,,,,
50,Fullerton,1,FTF + FTT,22021,Anthropology,Admin & Support & Waste Mgmt & Remediation,18,"$22,985","$31,567",11,"$40,702","$56,058"
50,Fullerton,1,FTF + FTT,22021,Anthropology,Educational Services,47,"$31,872","$34,546",30,"$49,861","$49,885"
50,Fullerton,1,FTF + FTT,22021,Anthropology,Health Care & Social Assistance,14,"$40,739","$33,308",12,"$46,329","$44,693"
50,Fullerton,1,FTF + FTT,22021,Anthropology,"Arts, Entertainment, & Recreation",14,"$32,703","$35,893",9,"$52,473","$51,911"
50,Fullerton,1,FTF + FTT,22021,Anthropology,Accommodation & Food Services,15,"$22,740","$24,309",9,"$24,512","$35,568"
50,Fullerton,1,FTF + FTT,22021,Anthropology,Other Services,14,"$35,003","$35,269",10,"$47,048","$45,212"
50,Fullerton,1,FTF + FTT,22021,Anthropology,Non-Classified,,,,,,
50,Fullerton,1,FTF + FTT,22021,Anthropology,Government,21,"$50,961","$52,705",8,"$77,219","$77,578"
50,Fullerton,1,FTF + FTT,22021,Anthropology,No Wages,273,,,406,,
50,Fullerton,1,FTF + FTT,22021,Anthropology,Wages - No NAICS Code,20,"$8,573","$22,802",11,"$18,412","$38,310"
50,Fullerton,1,FTF + FTT,22041,Economics,Utilities,,,,,,
50,Fullerton,1,FTF + FTT,22041,Economics,Construction,,,,,,
50,Fullerton,1,FTF + FTT,22041,Economics,Manufacturing,25,"$61,484","$59,836",11,"$82,753","$104,513"
50,Fullerton,1,FTF + FTT,22041,Economics,Wholesale Trade,23,"$60,613","$60,616",7,"$91,292","$101,586"
50,Fullerton,1,FTF + FTT,22041,Economics,Retail Trade,7,"$46,338","$53,825",,,
50,Fullerton,1,FTF + FTT,22041,Economics,Transportation & Warehousing,6,"$37,533","$58,100",,,
50,Fullerton,1,FTF + FTT,22041,Economics,Information,,,,,,
50,Fullerton,1,FTF + FTT,22041,Economics,Finance & Insurance,56,"$61,279","$66,792",27,"$91,221","$121,030"
50,Fullerton,1,FTF + FTT,22041,Economics,Real Estate & Rental & Leasing,8,"$48,166","$48,700",,,
50,Fullerton,1,FTF + FTT,22041,Economics,"Professional, Scientific, & Technical Skills",17,"$67,009","$64,824",7,"$79,574","$78,182"
50,Fullerton,1,FTF + FTT,22041,Economics,Management of Companies & Enterprises,,,,,,
50,Fullerton,1,FTF + FTT,22041,Economics,Admin & Support & Waste Mgmt & Remediation,16,"$40,493","$48,075",8,"$72,191","$89,360"
50,Fullerton,1,FTF + FTT,22041,Economics,Educational Services,16,"$32,442","$32,356",7,"$75,621","$57,811"
50,Fullerton,1,FTF + FTT,22041,Economics,Health Care & Social Assistance,8,"$53,231","$54,966",5,"$49,976","$42,571"
50,Fullerton,1,FTF + FTT,22041,Economics,"Arts, Entertainment, & Recreation",5,"$30,402","$35,871",,,
50,Fullerton,1,FTF + FTT,22041,Economics,Accommodation & Food Services,8,"$46,444","$45,384",,,
50,Fullerton,1,FTF + FTT,22041,Economics,Other Services,7,"$47,721","$44,932",,,
50,Fullerton,1,FTF + FTT,22041,Economics,Non-Classified,,,,,,
50,Fullerton,1,FTF + FTT,22041,Economics,Government,9,"$69,380","$75,128",5,"$134,346","$132,125"
50,Fullerton,1,FTF + FTT,22041,Economics,No Wages,280,,,410,,
50,Fullerton,1,FTF + FTT,22041,Economics,Wages - No NAICS Code,10,"$13,811","$18,089",7,"$15,554","$35,513"
50,Fullerton,1,FTF + FTT,22051,History,"Agriculture, Forestry, Fishing, & Hunting",,,,,,
50,Fullerton,1,FTF + FTT,22051,History,Utilities,,,,,,
50,Fullerton,1,FTF + FTT,22051,History,Construction,19,"$66,674","$65,618",5,"$73,714","$58,003"
50,Fullerton,1,FTF + FTT,22051,History,Manufacturing,14,"$57,662","$66,900",7,"$75,312","$64,039"
50,Fullerton,1,FTF + FTT,22051,History,Wholesale Trade,25,"$52,476","$60,323",12,"$75,382","$96,124"
50,Fullerton,1,FTF + FTT,22051,History,Retail Trade,70,"$40,007","$38,778",28,"$32,939","$35,906"
50,Fullerton,1,FTF + FTT,22051,History,Transportation & Warehousing,14,"$52,652","$56,732",7,"$82,239","$68,812"
50,Fullerton,1,FTF + FTT,22051,History,Information,16,"$42,503","$51,326",5,"$57,752","$74,787"
50,Fullerton,1,FTF + FTT,22051,History,Finance & Insurance,57,"$54,041","$55,640",24,"$73,392","$65,501"
50,Fullerton,1,FTF + FTT,22051,History,Real Estate & Rental & Leasing,19,"$43,970","$44,922",6,"$61,862","$60,080"
50,Fullerton,1,FTF + FTT,22051,History,"Professional, Scientific, & Technical Skills",52,"$47,131","$47,540",27,"$65,054","$62,633"
50,Fullerton,1,FTF + FTT,22051,History,Management of Companies & Enterprises,,,,,,
50,Fullerton,1,FTF + FTT,22051,History,Admin & Support & Waste Mgmt & Remediation,42,"$37,980","$40,514",10,"$36,893","$47,676"
50,Fullerton,1,FTF + FTT,22051,History,Educational Services,231,"$52,999","$47,994",122,"$69,893","$61,480"
50,Fullerton,1,FTF + FTT,22051,History,Health Care & Social Assistance,28,"$33,000","$35,051",14,"$34,154","$38,813"
50,Fullerton,1,FTF + FTT,22051,History,"Arts, Entertainment, & Recreation",27,"$33,662","$31,448",6,"$33,038","$31,910"
50,Fullerton,1,FTF + FTT,22051,History,Accommodation & Food Services,49,"$27,558","$28,335",8,"$26,986","$44,439"
50,Fullerton,1,FTF + FTT,22051,History,Other Services,22,"$27,790","$33,583",8,"$58,846","$63,044"
50,Fullerton,1,FTF + FTT,22051,History,Non-Classified,,,,,,
50,Fullerton,1,FTF + FTT,22051,History,Government,45,"$51,253","$57,044",29,"$72,177","$78,416"
50,Fullerton,1,FTF + FTT,22051,History,No Wages,739,,,"1,176",,
50,Fullerton,1,FTF + FTT,22051,History,Wages - No NAICS Code,30,"$5,381","$19,924",14,"$19,387","$40,539"
50,Fullerton,1,FTF + FTT,22061 + 22063,Geography,Utilities,,,,5,"$91,976","$96,116"
50,Fullerton,1,FTF + FTT,22061 + 22063,Geography,Construction,,,,,,
50,Fullerton,1,FTF + FTT,22061 + 22063,Geography,Manufacturing,5,"$47,338","$48,885",7,"$48,841","$53,611"
50,Fullerton,1,FTF + FTT,22061 + 22063,Geography,Wholesale Trade,5,"$39,601","$45,767",6,"$42,431","$56,457"
50,Fullerton,1,FTF + FTT,22061 + 22063,Geography,Retail Trade,14,"$45,064","$43,010",7,"$57,363","$53,501"
50,Fullerton,1,FTF + FTT,22061 + 22063,Geography,Transportation & Warehousing,5,"$53,107","$47,579",,,
50,Fullerton,1,FTF + FTT,22061 + 22063,Geography,Information,7,"$34,285","$33,343",,,
50,Fullerton,1,FTF + FTT,22061 + 22063,Geography,Finance & Insurance,5,"$54,089","$56,805",6,"$40,774","$55,992"
50,Fullerton,1,FTF + FTT,22061 + 22063,Geography,Real Estate & Rental & Leasing,,,,,,
50,Fullerton,1,FTF + FTT,22061 + 22063,Geography,"Professional, Scientific, & Technical Skills",48,"$57,033","$59,129",28,"$79,995","$81,165"
50,Fullerton,1,FTF + FTT,22061 + 22063,Geography,Admin & Support & Waste Mgmt & Remediation,15,"$42,715","$43,911",,,
50,Fullerton,1,FTF + FTT,22061 + 22063,Geography,Educational Services,21,"$40,143","$43,532",12,"$52,404","$47,976"
50,Fullerton,1,FTF + FTT,22061 + 22063,Geography,Health Care & Social Assistance,5,"$30,004","$34,786",,,
50,Fullerton,1,FTF + FTT,22061 + 22063,Geography,"Arts, Entertainment, & Recreation",6,"$26,214","$28,319",,,
50,Fullerton,1,FTF + FTT,22061 + 22063,Geography,Accommodation & Food Services,,,,,,
50,Fullerton,1,FTF + FTT,22061 + 22063,Geography,Other Services,7,"$26,619","$29,087",,,
50,Fullerton,1,FTF + FTT,22061 + 22063,Geography,Government,17,"$64,165","$64,205",16,"$79,161","$76,785"
50,Fullerton,1,FTF + FTT,22061 + 22063,Geography,No Wages,183,,,260,,
50,Fullerton,1,FTF + FTT,22061 + 22063,Geography,Wages - No NAICS Code,13,"$24,361","$38,640",6,"$35,718","$43,180"
50,Fullerton,1,FTF + FTT,22071,Political Science,"Agriculture, Forestry, Fishing, & Hunting",,,,,,
50,Fullerton,1,FTF + FTT,22071,Political Science,Utilities,,,,,,
50,Fullerton,1,FTF + FTT,22071,Political Science,Construction,12,"$35,009","$36,184",7,"$71,021","$72,317"
50,Fullerton,1,FTF + FTT,22071,Political Science,Manufacturing,26,"$62,522","$60,988",,,
50,Fullerton,1,FTF + FTT,22071,Political Science,Wholesale Trade,33,"$54,671","$58,515",13,"$35,000","$51,356"
50,Fullerton,1,FTF + FTT,22071,Political Science,Retail Trade,42,"$41,347","$48,354",19,"$63,951","$74,002"
50,Fullerton,1,FTF + FTT,22071,Political Science,Transportation & Warehousing,9,"$55,243","$54,582",5,"$74,022","$74,918"
50,Fullerton,1,FTF + FTT,22071,Political Science,Information,19,"$56,123","$67,287",,,
50,Fullerton,1,FTF + FTT,22071,Political Science,Finance & Insurance,58,"$52,208","$60,284",24,"$71,120","$70,022"
50,Fullerton,1,FTF + FTT,22071,Political Science,Real Estate & Rental & Leasing,16,"$39,064","$48,355",6,"$78,233","$65,059"
50,Fullerton,1,FTF + FTT,22071,Political Science,"Professional, Scientific, & Technical Skills",83,"$50,723","$51,260",39,"$66,101","$71,651"
50,Fullerton,1,FTF + FTT,22071,Political Science,Management of Companies & Enterprises,,,,,,
50,Fullerton,1,FTF + FTT,22071,Political Science,Admin & Support & Waste Mgmt & Remediation,39,"$40,526","$42,215",8,"$44,789","$49,386"
50,Fullerton,1,FTF + FTT,22071,Political Science,Educational Services,46,"$40,231","$39,393",28,"$51,924","$48,612"
50,Fullerton,1,FTF + FTT,22071,Political Science,Health Care & Social Assistance,26,"$33,960","$34,897",10,"$38,449","$41,218"
50,Fullerton,1,FTF + FTT,22071,Political Science,"Arts, Entertainment, & Recreation",16,"$22,516","$23,227",,,
50,Fullerton,1,FTF + FTT,22071,Political Science,Accommodation & Food Services,29,"$32,526","$31,432",8,"$30,799","$40,453"
50,Fullerton,1,FTF + FTT,22071,Political Science,Other Services,13,"$44,216","$45,383",6,"$52,648","$60,659"
50,Fullerton,1,FTF + FTT,22071,Political Science,Non-Classified,,,,,,
50,Fullerton,1,FTF + FTT,22071,Political Science,Government,87,"$72,421","$74,192",62,"$88,129","$90,148"
50,Fullerton,1,FTF + FTT,22071,Political Science,No Wages,648,,,974,,
50,Fullerton,1,FTF + FTT,22071,Political Science,Wages - No NAICS Code,33,"$15,739","$28,081",21,"$45,443","$49,651"
50,Fullerton,1,FTF + FTT,22081,Sociology,"Agriculture, Forestry, Fishing, & Hunting",,,,,,
50,Fullerton,1,FTF + FTT,22081,Sociology,Utilities,,,,,,
50,Fullerton,1,FTF + FTT,22081,Sociology,Construction,16,"$44,348","$48,708",8,"$50,341","$51,810"
50,Fullerton,1,FTF + FTT,22081,Sociology,Manufacturing,41,"$53,638","$56,031",14,"$59,494","$61,091"
50,Fullerton,1,FTF + FTT,22081,Sociology,Wholesale Trade,59,"$49,938","$54,534",28,"$69,307","$84,368"
50,Fullerton,1,FTF + FTT,22081,Sociology,Retail Trade,87,"$43,168","$53,070",32,"$53,321","$55,596"
50,Fullerton,1,FTF + FTT,22081,Sociology,Transportation & Warehousing,18,"$54,146","$55,692",11,"$54,545","$66,125"
50,Fullerton,1,FTF + FTT,22081,Sociology,Information,25,"$43,066","$42,726",8,"$41,988","$39,505"
50,Fullerton,1,FTF + FTT,22081,Sociology,Finance & Insurance,125,"$50,784","$58,846",58,"$65,658","$75,682"
50,Fullerton,1,FTF + FTT,22081,Sociology,Real Estate & Rental & Leasing,28,"$42,603","$45,810",9,"$52,491","$57,695"
50,Fullerton,1,FTF + FTT,22081,Sociology,"Professional, Scientific, & Technical Skills",90,"$46,541","$53,496",51,"$52,899","$57,226"
50,Fullerton,1,FTF + FTT,22081,Sociology,Management of Companies & Enterprises,,,,,,
50,Fullerton,1,FTF + FTT,22081,Sociology,Admin & Support & Waste Mgmt & Remediation,61,"$36,567","$43,584",19,"$36,692","$42,601"
50,Fullerton,1,FTF + FTT,22081,Sociology,Educational Services,189,"$45,809","$41,031",116,"$54,349","$50,051"
50,Fullerton,1,FTF + FTT,22081,Sociology,Health Care & Social Assistance,177,"$38,922","$39,886",74,"$47,577","$49,597"
50,Fullerton,1,FTF + FTT,22081,Sociology,"Arts, Entertainment, & Recreation",28,"$31,039","$33,906",14,"$20,967","$29,888"
50,Fullerton,1,FTF + FTT,22081,Sociology,Accommodation & Food Services,55,"$28,845","$30,998",17,"$22,924","$32,020"
50,Fullerton,1,FTF + FTT,22081,Sociology,Other Services,33,"$36,607","$33,799",15,"$26,723","$32,314"
50,Fullerton,1,FTF + FTT,22081,Sociology,Non-Classified,,,,,,
50,Fullerton,1,FTF + FTT,22081,Sociology,Government,177,"$59,085","$64,172",129,"$70,071","$73,581"
50,Fullerton,1,FTF + FTT,22081,Sociology,No Wages,"1,381",,,"2,018",,
50,Fullerton,1,FTF + FTT,22081,Sociology,Wages - No NAICS Code,60,"$16,750","$27,625",33,"$49,771","$48,130"
50,Fullerton,1,FTF + FTT,22111,African-American Studies,No Wages,,,,,,
50,Fullerton,1,FTF + FTT,22131,Mexican-American Studies,No Wages,,,,,,
50,Fullerton,1,FTF + FTT,22990 + 49991,Women's Studies,Utilities,,,,,,
50,Fullerton,1,FTF + FTT,22990 + 49991,Women's Studies,Retail Trade,,,,,,
50,Fullerton,1,FTF + FTT,22990 + 49991,Women's Studies,Transportation & Warehousing,,,,,,
50,Fullerton,1,FTF + FTT,22990 + 49991,Women's Studies,Information,,,,,,
50,Fullerton,1,FTF + FTT,22990 + 49991,Women's Studies,Finance & Insurance,,,,,,
50,Fullerton,1,FTF + FTT,22990 + 49991,Women's Studies,"Professional, Scientific, & Technical Skills",,,,,,
50,Fullerton,1,FTF + FTT,22990 + 49991,Women's Studies,Admin & Support & Waste Mgmt & Remediation,,,,,,
50,Fullerton,1,FTF + FTT,22990 + 49991,Women's Studies,Educational Services,6,"$39,180","$43,410",5,"$35,717","$34,484"
50,Fullerton,1,FTF + FTT,22990 + 49991,Women's Studies,Health Care & Social Assistance,,,,,,
50,Fullerton,1,FTF + FTT,22990 + 49991,Women's Studies,"Arts, Entertainment, & Recreation",,,,,,
50,Fullerton,1,FTF + FTT,22990 + 49991,Women's Studies,Accommodation & Food Services,,,,,,
50,Fullerton,1,FTF + FTT,22990 + 49991,Women's Studies,Other Services,,,,,,
50,Fullerton,1,FTF + FTT,22990 + 49991,Women's Studies,Government,,,,,,
50,Fullerton,1,FTF + FTT,22990 + 49991,Women's Studies,No Wages,48,,,65,,
50,Fullerton,1,FTF + FTT,22990 + 49991,Women's Studies,Wages - No NAICS Code,,,,,,
50,Fullerton,1,FTF + FTT,22991,Ethnic Studies,Construction,,,,,,
50,Fullerton,1,FTF + FTT,22991,Ethnic Studies,Manufacturing,,,,,,
50,Fullerton,1,FTF + FTT,22991,Ethnic Studies,Wholesale Trade,,,,,,
50,Fullerton,1,FTF + FTT,22991,Ethnic Studies,Retail Trade,11,"$26,112","$26,553",,,
50,Fullerton,1,FTF + FTT,22991,Ethnic Studies,Transportation & Warehousing,,,,,,
50,Fullerton,1,FTF + FTT,22991,Ethnic Studies,Information,,,,,,
50,Fullerton,1,FTF + FTT,22991,Ethnic Studies,Finance & Insurance,11,"$39,038","$44,494",9,"$56,976","$63,595"
50,Fullerton,1,FTF + FTT,22991,Ethnic Studies,Real Estate & Rental & Leasing,,,,,,
50,Fullerton,1,FTF + FTT,22991,Ethnic Studies,"Professional, Scientific, & Technical Skills",9,"$46,267","$48,604",,,
50,Fullerton,1,FTF + FTT,22991,Ethnic Studies,Admin & Support & Waste Mgmt & Remediation,8,"$36,607","$38,045",,,
50,Fullerton,1,FTF + FTT,22991,Ethnic Studies,Educational Services,32,"$48,448","$40,828",24,"$63,437","$60,726"
50,Fullerton,1,FTF + FTT,22991,Ethnic Studies,Health Care & Social Assistance,10,"$32,993","$32,629",5,"$22,936","$24,226"
50,Fullerton,1,FTF + FTT,22991,Ethnic Studies,"Arts, Entertainment, & Recreation",,,,,,
50,Fullerton,1,FTF + FTT,22991,Ethnic Studies,Accommodation & Food Services,,,,,,
50,Fullerton,1,FTF + FTT,22991,Ethnic Studies,Other Services,5,"$24,207","$32,824",,,
50,Fullerton,1,FTF + FTT,22991,Ethnic Studies,Government,8,"$52,185","$50,089",,,
50,Fullerton,1,FTF + FTT,22991,Ethnic Studies,No Wages,103,,,165,,
50,Fullerton,1,FTF + FTT,22991,Ethnic Studies,Wages - No NAICS Code,5,"$32,586","$20,526",,,
50,Fullerton,1,FTF + FTT,49012 + 49017,Women's Studies,"Agriculture, Forestry, Fishing, & Hunting",,,,,,
50,Fullerton,1,FTF + FTT,49012 + 49017,Women's Studies,Utilities,,,,5,"$87,457","$91,351"
50,Fullerton,1,FTF + FTT,49012 + 49017,Women's Studies,Construction,41,"$37,558","$41,202",21,"$43,917","$48,544"
50,Fullerton,1,FTF + FTT,49012 + 49017,Women's Studies,Manufacturing,53,"$48,245","$47,673",28,"$52,814","$60,369"
50,Fullerton,1,FTF + FTT,49012 + 49017,Women's Studies,Wholesale Trade,53,"$48,058","$55,334",27,"$73,224","$66,215"
50,Fullerton,1,FTF + FTT,49012 + 49017,Women's Studies,Retail Trade,105,"$31,548","$34,218",46,"$39,235","$40,154"
50,Fullerton,1,FTF + FTT,49012 + 49017,Women's Studies,Transportation & Warehousing,21,"$53,575","$56,736",13,"$68,789","$78,117"
50,Fullerton,1,FTF + FTT,49012 + 49017,Women's Studies,Information,27,"$52,608","$47,697",13,"$79,048","$72,801"
50,Fullerton,1,FTF + FTT,49012 + 49017,Women's Studies,Finance & Insurance,129,"$51,361","$53,978",66,"$57,611","$61,252"
50,Fullerton,1,FTF + FTT,49012 + 49017,Women's Studies,Real Estate & Rental & Leasing,40,"$45,643","$47,194",21,"$52,442","$49,384"
50,Fullerton,1,FTF + FTT,49012 + 49017,Women's Studies,"Professional, Scientific, & Technical Skills",98,"$44,068","$43,955",47,"$56,069","$54,633"
50,Fullerton,1,FTF + FTT,49012 + 49017,Women's Studies,Management of Companies & Enterprises,,,,,,
50,Fullerton,1,FTF + FTT,49012 + 49017,Women's Studies,Admin & Support & Waste Mgmt & Remediation,61,"$34,288","$34,148",35,"$42,522","$48,135"
50,Fullerton,1,FTF + FTT,49012 + 49017,Women's Studies,Educational Services,"1,215","$52,202","$45,080",780,"$61,997","$54,584"
50,Fullerton,1,FTF + FTT,49012 + 49017,Women's Studies,Health Care & Social Assistance,117,"$35,631","$35,374",75,"$35,284","$40,179"
50,Fullerton,1,FTF + FTT,49012 + 49017,Women's Studies,"Arts, Entertainment, & Recreation",40,"$32,497","$30,267",17,"$25,746","$26,416"
50,Fullerton,1,FTF + FTT,49012 + 49017,Women's Studies,Accommodation & Food Services,109,"$25,338","$28,124",37,"$16,243","$24,902"
50,Fullerton,1,FTF + FTT,49012 + 49017,Women's Studies,Other Services,70,"$35,818","$38,167",33,"$38,432","$36,502"
50,Fullerton,1,FTF + FTT,49012 + 49017,Women's Studies,Non-Classified,,,,,,
50,Fullerton,1,FTF + FTT,49012 + 49017,Women's Studies,Government,54,"$52,225","$49,851",37,"$55,223","$57,457"
50,Fullerton,1,FTF + FTT,49012 + 49017,Women's Studies,No Wages,"1,227",,,"2,214",,
50,Fullerton,1,FTF + FTT,49012 + 49017,Women's Studies,Wages - No NAICS Code,89,"$3,790","$10,177",38,"$5,593","$16,469"
50,Fullerton,1,FTF,00121 + 12031 + 12032,Nursing,Admin & Support & Waste Mgmt & Remediation,,,,,,
50,Fullerton,1,FTF,00121 + 12031 + 12032,Nursing,Educational Services,,,,,,
50,Fullerton,1,FTF,00121 + 12031 + 12032,Nursing,Health Care & Social Assistance,8,"$84,792","$94,310",,,
50,Fullerton,1,FTF,00121 + 12031 + 12032,Nursing,Accommodation & Food Services,,,,,,
50,Fullerton,1,FTF,00121 + 12031 + 12032,Nursing,Government,,,,,,
50,Fullerton,1,FTF,00121 + 12031 + 12032,Nursing,No Wages,147,,,161,,
50,Fullerton,1,FTF,03081 + 03085,Latin/Central American Studies,Retail Trade,,,,,,
50,Fullerton,1,FTF,03081 + 03085,Latin/Central American Studies,Transportation & Warehousing,,,,,,
50,Fullerton,1,FTF,03081 + 03085,Latin/Central American Studies,Accommodation & Food Services,,,,,,
50,Fullerton,1,FTF,03081 + 03085,Latin/Central American Studies,No Wages,,,,,,
50,Fullerton,1,FTF,03101 + 03121 + 03122,European Studies,Admin & Support & Waste Mgmt & Remediation,,,,,,
50,Fullerton,1,FTF,03101 + 03121 + 03122,European Studies,No Wages,,,,,,
50,Fullerton,1,FTF,03131,American Studies,Construction,,,,,,
50,Fullerton,1,FTF,03131,American Studies,Manufacturing,,,,,,
50,Fullerton,1,FTF,03131,American Studies,Wholesale Trade,5,"$39,479","$40,868",5,"$68,475","$69,767"
50,Fullerton,1,FTF,03131,American Studies,Retail Trade,9,"$41,582","$43,125",,,
50,Fullerton,1,FTF,03131,American Studies,Transportation & Warehousing,,,,,,
50,Fullerton,1,FTF,03131,American Studies,Information,,,,,,
50,Fullerton,1,FTF,03131,American Studies,Finance & Insurance,9,"$46,729","$43,812",5,"$44,460","$43,933"
50,Fullerton,1,FTF,03131,American Studies,Real Estate & Rental & Leasing,,,,,,
50,Fullerton,1,FTF,03131,American Studies,"Professional, Scientific, & Technical Skills",13,"$46,238","$44,184",,,
50,Fullerton,1,FTF,03131,American Studies,Management of Companies & Enterprises,,,,,,
50,Fullerton,1,FTF,03131,American Studies,Admin & Support & Waste Mgmt & Remediation,,,,,,
50,Fullerton,1,FTF,03131,American Studies,Educational Services,22,"$54,426","$46,915",11,"$69,437","$58,236"
50,Fullerton,1,FTF,03131,American Studies,Health Care & Social Assistance,,,,,,
50,Fullerton,1,FTF,03131,American Studies,"Arts, Entertainment, & Recreation",,,,,,
50,Fullerton,1,FTF,03131,American Studies,Accommodation & Food Services,5,"$20,843","$27,800",,,
50,Fullerton,1,FTF,03131,American Studies,Other Services,6,"$35,090","$33,295",,,
50,Fullerton,1,FTF,03131,American Studies,Government,8,"$49,254","$56,261",,,
50,Fullerton,1,FTF,03131,American Studies,No Wages,115,,,171,,
50,Fullerton,1,FTF,03131,American Studies,Wages - No NAICS Code,5,"$13,705","$34,447",,,
50,Fullerton,1,FTF,04011,Biology,"Agriculture, Forestry, Fishing, & Hunting",,,,,,
50,Fullerton,1,FTF,04011,Biology,Construction,,,,,,
50,Fullerton,1,FTF,04011,Biology,Manufacturing,19,"$57,139","$60,675",10,"$80,615","$89,837"
50,Fullerton,1,FTF,04011,Biology,Wholesale Trade,18,"$50,229","$61,177",5,"$115,475","$84,093"
50,Fullerton,1,FTF,04011,Biology,Retail Trade,20,"$40,800","$48,479",7,"$88,916","$88,662"
50,Fullerton,1,FTF,04011,Biology,Transportation & Warehousing,,,,,,
50,Fullerton,1,FTF,04011,Biology,Information,,,,,,
50,Fullerton,1,FTF,04011,Biology,Finance & Insurance,13,"$52,763","$49,915",7,"$68,575","$64,732"
50,Fullerton,1,FTF,04011,Biology,Real Estate & Rental & Leasing,,,,,,
50,Fullerton,1,FTF,04011,Biology,"Professional, Scientific, & Technical Skills",28,"$44,293","$44,260",8,"$68,434","$61,865"
50,Fullerton,1,FTF,04011,Biology,Admin & Support & Waste Mgmt & Remediation,11,"$41,580","$48,793",5,"$80,771","$82,530"
50,Fullerton,1,FTF,04011,Biology,Educational Services,37,"$57,611","$51,424",17,"$71,629","$64,876"
50,Fullerton,1,FTF,04011,Biology,Health Care & Social Assistance,49,"$47,936","$48,653",27,"$82,607","$100,943"
50,Fullerton,1,FTF,04011,Biology,"Arts, Entertainment, & Recreation",,,,,,
50,Fullerton,1,FTF,04011,Biology,Accommodation & Food Services,5,"$29,003","$45,501",,,
50,Fullerton,1,FTF,04011,Biology,Other Services,6,"$39,161","$41,616",,,
50,Fullerton,1,FTF,04011,Biology,Non-Classified,,,,,,
50,Fullerton,1,FTF,04011,Biology,Government,9,"$43,442","$48,066",,,
50,Fullerton,1,FTF,04011,Biology,No Wages,492,,,629,,
50,Fullerton,1,FTF,04011,Biology,Wages - No NAICS Code,11,"$19,913","$26,306",6,"$38,970","$36,082"
50,Fullerton,1,FTF,04012 + 04201,Environmental Biology & Ecology,No Wages,,,,,,
50,Fullerton,1,FTF,04141,Biochemistry,Manufacturing,16,"$49,922","$46,829",,,
50,Fullerton,1,FTF,04141,Biochemistry,Retail Trade,8,"$29,136","$40,886",,,
50,Fullerton,1,FTF,04141,Biochemistry,Information,,,,,,
50,Fullerton,1,FTF,04141,Biochemistry,"Professional, Scientific, & Technical Skills",6,"$30,792","$32,152",,,
50,Fullerton,1,FTF,04141,Biochemistry,Admin & Support & Waste Mgmt & Remediation,5,"$23,594","$20,606",,,
50,Fullerton,1,FTF,04141,Biochemistry,Educational Services,5,"$54,240","$46,787",,,
50,Fullerton,1,FTF,04141,Biochemistry,Health Care & Social Assistance,12,"$52,925","$64,594",5,"$61,941","$71,840"
50,Fullerton,1,FTF,04141,Biochemistry,Accommodation & Food Services,,,,,,
50,Fullerton,1,FTF,04141,Biochemistry,Government,,,,,,
50,Fullerton,1,FTF,04141,Biochemistry,No Wages,173,,,215,,
50,Fullerton,1,FTF,04141,Biochemistry,Wages - No NAICS Code,,,,,,
50,Fullerton,1,FTF,04171,Cell and Molecular Biology,Manufacturing,,,,,,
50,Fullerton,1,FTF,04171,Cell and Molecular Biology,No Wages,6,,,7,,
50,Fullerton,1,FTF,05011,Business Administration,"Agriculture, Forestry, Fishing, & Hunting",9,"$27,494","$29,435",,,
50,Fullerton,1,FTF,05011,Business Administration,Mining,,,,,,
50,Fullerton,1,FTF,05011,Business Administration,Utilities,23,"$83,354","$87,197",14,"$88,986","$86,035"
50,Fullerton,1,FTF,05011,Business Administration,Construction,119,"$61,844","$72,575",47,"$74,880","$93,575"
50,Fullerton,1,FTF,05011,Business Administration,Manufacturing,216,"$61,396","$64,000",100,"$72,159","$88,640"
50,Fullerton,1,FTF,05011,Business Administration,Wholesale Trade,296,"$55,230","$58,852",122,"$66,673","$75,639"
50,Fullerton,1,FTF,05011,Business Administration,Retail Trade,288,"$49,157","$50,359",79,"$59,300","$65,454"
50,Fullerton,1,FTF,05011,Business Administration,Transportation & Warehousing,42,"$52,601","$53,609",15,"$76,853","$80,883"
50,Fullerton,1,FTF,05011,Business Administration,Information,122,"$64,881","$70,161",41,"$82,569","$85,335"
50,Fullerton,1,FTF,05011,Business Administration,Finance & Insurance,638,"$59,703","$66,897",276,"$76,435","$83,314"
50,Fullerton,1,FTF,05011,Business Administration,Real Estate & Rental & Leasing,140,"$57,838","$61,404",64,"$76,091","$84,318"
50,Fullerton,1,FTF,05011,Business Administration,"Professional, Scientific, & Technical Skills",426,"$60,913","$63,205",201,"$79,489","$88,020"
50,Fullerton,1,FTF,05011,Business Administration,Management of Companies & Enterprises,18,"$58,064","$60,428",9,"$55,090","$84,656"
50,Fullerton,1,FTF,05011,Business Administration,Admin & Support & Waste Mgmt & Remediation,245,"$48,512","$50,861",82,"$63,007","$78,398"
50,Fullerton,1,FTF,05011,Business Administration,Educational Services,77,"$49,427","$49,457",51,"$58,224","$57,711"
50,Fullerton,1,FTF,05011,Business Administration,Health Care & Social Assistance,102,"$46,196","$47,395",55,"$61,689","$72,026"
50,Fullerton,1,FTF,05011,Business Administration,"Arts, Entertainment, & Recreation",49,"$44,912","$47,029",13,"$63,683","$64,114"
50,Fullerton,1,FTF,05011,Business Administration,Accommodation & Food Services,132,"$38,376","$41,399",46,"$58,009","$52,846"
50,Fullerton,1,FTF,05011,Business Administration,Other Services,49,"$42,021","$43,229",21,"$49,678","$65,032"
50,Fullerton,1,FTF,05011,Business Administration,Non-Classified,12,"$30,982","$45,412",,,
50,Fullerton,1,FTF,05011,Business Administration,Government,107,"$59,153","$62,090",61,"$76,366","$97,097"
50,Fullerton,1,FTF,05011,Business Administration,No Wages,"3,467",,,"5,361",,
50,Fullerton,1,FTF,05011,Business Administration,Wages - No NAICS Code,145,"$11,608","$27,988",60,"$9,373","$33,981"
50,Fullerton,1,FTF,05021,Accounting,"Professional, Scientific, & Technical Skills",,,,,,
50,Fullerton,1,FTF,05021,Accounting,Accommodation & Food Services,,,,,,
50,Fullerton,1,FTF,05021,Accounting,No Wages,,,,5,,
50,Fullerton,1,FTF,05041,Finance,No Wages,,,,,,
50,Fullerton,1,FTF,05091,Marketing,No Wages,,,,,,
50,Fullerton,1,FTF,05131,International Business,"Agriculture, Forestry, Fishing, & Hunting",,,,,,
50,Fullerton,1,FTF,05131,International Business,Construction,,,,,,
50,Fullerton,1,FTF,05131,International Business,Manufacturing,6,"$69,540","$70,296",,,
50,Fullerton,1,FTF,05131,International Business,Wholesale Trade,25,"$45,134","$49,303",12,"$44,987","$42,485"
50,Fullerton,1,FTF,05131,International Business,Retail Trade,10,"$46,000","$44,608",,,
50,Fullerton,1,FTF,05131,International Business,Transportation & Warehousing,5,"$53,038","$48,381",5,"$67,164","$57,345"
50,Fullerton,1,FTF,05131,International Business,Information,6,"$46,330","$44,129",,,
50,Fullerton,1,FTF,05131,International Business,Finance & Insurance,14,"$58,670","$58,882",8,"$73,248","$78,384"
50,Fullerton,1,FTF,05131,International Business,Real Estate & Rental & Leasing,,,,,,
50,Fullerton,1,FTF,05131,International Business,"Professional, Scientific, & Technical Skills",8,"$53,736","$47,690",6,"$65,912","$68,888"
50,Fullerton,1,FTF,05131,International Business,Admin & Support & Waste Mgmt & Remediation,11,"$44,945","$39,938",,,
50,Fullerton,1,FTF,05131,International Business,Educational Services,,,,,,
50,Fullerton,1,FTF,05131,International Business,Health Care & Social Assistance,,,,,,
50,Fullerton,1,FTF,05131,International Business,"Arts, Entertainment, & Recreation",,,,,,
50,Fullerton,1,FTF,05131,International Business,Accommodation & Food Services,,,,,,
50,Fullerton,1,FTF,05131,International Business,Other Services,,,,,,
50,Fullerton,1,FTF,05131,International Business,Government,,,,,,
50,Fullerton,1,FTF,05131,International Business,No Wages,123,,,174,,
50,Fullerton,1,FTF,05131,International Business,Wages - No NAICS Code,6,"$26,026","$23,347",,,
50,Fullerton,1,FTF,06011,Communications,"Agriculture, Forestry, Fishing, & Hunting",,,,,,
50,Fullerton,1,FTF,06011,Communications,Utilities,,,,,,
50,Fullerton,1,FTF,06011,Communications,Construction,36,"$49,267","$48,472",7,"$50,257","$44,868"
50,Fullerton,1,FTF,06011,Communications,Manufacturing,69,"$51,756","$56,741",31,"$69,039","$80,332"
50,Fullerton,1,FTF,06011,Communications,Wholesale Trade,123,"$49,770","$53,392",51,"$61,193","$74,971"
50,Fullerton,1,FTF,06011,Communications,Retail Trade,140,"$42,222","$42,543",35,"$44,191","$50,166"
50,Fullerton,1,FTF,06011,Communications,Transportation & Warehousing,20,"$44,513","$51,198",,,
50,Fullerton,1,FTF,06011,Communications,Information,184,"$51,551","$54,567",81,"$71,750","$80,292"
50,Fullerton,1,FTF,06011,Communications,Finance & Insurance,147,"$53,423","$57,752",47,"$65,157","$68,010"
50,Fullerton,1,FTF,06011,Communications,Real Estate & Rental & Leasing,51,"$47,851","$45,653",25,"$73,921","$69,396"
50,Fullerton,1,FTF,06011,Communications,"Professional, Scientific, & Technical Skills",306,"$52,528","$55,135",114,"$73,175","$80,005"
50,Fullerton,1,FTF,06011,Communications,Management of Companies & Enterprises,9,"$49,209","$52,301",,,
50,Fullerton,1,FTF,06011,Communications,Admin & Support & Waste Mgmt & Remediation,106,"$45,767","$47,215",45,"$56,689","$56,482"
50,Fullerton,1,FTF,06011,Communications,Educational Services,87,"$37,943","$35,713",39,"$51,394","$47,131"
50,Fullerton,1,FTF,06011,Communications,Health Care & Social Assistance,79,"$39,098","$43,362",35,"$53,234","$58,568"
50,Fullerton,1,FTF,06011,Communications,"Arts, Entertainment, & Recreation",79,"$42,235","$41,223",20,"$48,543","$48,972"
50,Fullerton,1,FTF,06011,Communications,Accommodation & Food Services,108,"$36,153","$35,889",28,"$45,463","$49,717"
50,Fullerton,1,FTF,06011,Communications,Other Services,45,"$34,570","$39,115",17,"$49,479","$51,227"
50,Fullerton,1,FTF,06011,Communications,Non-Classified,,,,,,
50,Fullerton,1,FTF,06011,Communications,Government,41,"$49,031","$50,527",29,"$60,159","$69,063"
50,Fullerton,1,FTF,06011,Communications,No Wages,"1,843",,,"2,914",,
50,Fullerton,1,FTF,06011,Communications,Wages - No NAICS Code,68,"$8,527","$17,799",21,"$4,891","$24,477"
50,Fullerton,1,FTF,06031,Radio/Television/Broadcast,"Agriculture, Forestry, Fishing, & Hunting",,,,,,
50,Fullerton,1,FTF,06031,Radio/Television/Broadcast,Utilities,,,,,,
50,Fullerton,1,FTF,06031,Radio/Television/Broadcast,Construction,7,"$40,052","$44,206",,,
50,Fullerton,1,FTF,06031,Radio/Television/Broadcast,Manufacturing,17,"$48,434","$53,938",,,
50,Fullerton,1,FTF,06031,Radio/Television/Broadcast,Wholesale Trade,19,"$50,505","$48,907",8,"$52,765","$59,163"
50,Fullerton,1,FTF,06031,Radio/Television/Broadcast,Retail Trade,24,"$28,262","$32,977",12,"$48,004","$46,413"
50,Fullerton,1,FTF,06031,Radio/Television/Broadcast,Transportation & Warehousing,,,,,,
50,Fullerton,1,FTF,06031,Radio/Television/Broadcast,Information,106,"$44,412","$46,665",41,"$66,646","$75,997"
50,Fullerton,1,FTF,06031,Radio/Television/Broadcast,Finance & Insurance,17,"$44,155","$48,096",9,"$55,044","$52,105"
50,Fullerton,1,FTF,06031,Radio/Television/Broadcast,Real Estate & Rental & Leasing,8,"$37,285","$32,500",6,"$67,936","$64,296"
50,Fullerton,1,FTF,06031,Radio/Television/Broadcast,"Professional, Scientific, & Technical Skills",36,"$39,181","$40,023",15,"$49,975","$61,605"
50,Fullerton,1,FTF,06031,Radio/Television/Broadcast,Management of Companies & Enterprises,,,,,,
50,Fullerton,1,FTF,06031,Radio/Television/Broadcast,Admin & Support & Waste Mgmt & Remediation,11,"$27,549","$30,546",,,
50,Fullerton,1,FTF,06031,Radio/Television/Broadcast,Educational Services,17,"$27,117","$25,549",8,"$36,171","$31,391"
50,Fullerton,1,FTF,06031,Radio/Television/Broadcast,Health Care & Social Assistance,15,"$39,131","$40,152",7,"$34,872","$38,683"
50,Fullerton,1,FTF,06031,Radio/Television/Broadcast,"Arts, Entertainment, & Recreation",35,"$29,031","$39,264",6,"$48,182","$64,029"
50,Fullerton,1,FTF,06031,Radio/Television/Broadcast,Accommodation & Food Services,20,"$24,372","$31,536",,,
50,Fullerton,1,FTF,06031,Radio/Television/Broadcast,Other Services,10,"$34,566","$28,764",,,
50,Fullerton,1,FTF,06031,Radio/Television/Broadcast,Non-Classified,,,,,,
50,Fullerton,1,FTF,06031,Radio/Television/Broadcast,Government,12,"$42,611","$45,768",5,"$73,747","$78,757"
50,Fullerton,1,FTF,06031,Radio/Television/Broadcast,No Wages,488,,,728,,
50,Fullerton,1,FTF,06031,Radio/Television/Broadcast,Wages - No NAICS Code,17,"$8,147","$10,119",,,
50,Fullerton,1,FTF,07011 + 07012 + 07028,Graphic Communications,Utilities,,,,,,
50,Fullerton,1,FTF,07011 + 07012 + 07028,Graphic Communications,Construction,,,,,,
50,Fullerton,1,FTF,07011 + 07012 + 07028,Graphic Communications,Manufacturing,27,"$74,468","$71,210",20,"$94,394","$96,651"
50,Fullerton,1,FTF,07011 + 07012 + 07028,Graphic Communications,Wholesale Trade,11,"$72,502","$66,892",,,
50,Fullerton,1,FTF,07011 + 07012 + 07028,Graphic Communications,Retail Trade,9,"$52,729","$59,413",,,
50,Fullerton,1,FTF,07011 + 07012 + 07028,Graphic Communications,Transportation & Warehousing,,,,,,
50,Fullerton,1,FTF,07011 + 07012 + 07028,Graphic Communications,Information,23,"$91,269","$94,958",11,"$98,516","$98,122"
50,Fullerton,1,FTF,07011 + 07012 + 07028,Graphic Communications,Finance & Insurance,17,"$103,447","$94,370",13,"$92,922","$107,261"
50,Fullerton,1,FTF,07011 + 07012 + 07028,Graphic Communications,"Professional, Scientific, & Technical Skills",43,"$72,946","$77,157",27,"$101,310","$104,795"
50,Fullerton,1,FTF,07011 + 07012 + 07028,Graphic Communications,Admin & Support & Waste Mgmt & Remediation,9,"$66,379","$64,480",13,"$81,636","$79,093"
50,Fullerton,1,FTF,07011 + 07012 + 07028,Graphic Communications,Educational Services,,,,5,"$69,570","$61,103"
50,Fullerton,1,FTF,07011 + 07012 + 07028,Graphic Communications,Health Care & Social Assistance,11,"$52,162","$64,419",7,"$66,215","$68,667"
50,Fullerton,1,FTF,07011 + 07012 + 07028,Graphic Communications,"Arts, Entertainment, & Recreation",,,,,,
50,Fullerton,1,FTF,07011 + 07012 + 07028,Graphic Communications,Accommodation & Food Services,,,,,,
50,Fullerton,1,FTF,07011 + 07012 + 07028,Graphic Communications,Government,5,"$80,044","$71,113",,,
50,Fullerton,1,FTF,07011 + 07012 + 07028,Graphic Communications,No Wages,182,,,235,,
50,Fullerton,1,FTF,07011 + 07012 + 07028,Graphic Communications,Wages - No NAICS Code,,,,,,
50,Fullerton,1,FTF,07021,Information Systems,Wholesale Trade,,,,,,
50,Fullerton,1,FTF,07021,Information Systems,No Wages,,,,,,
50,Fullerton,1,FTF,08231 + 08232,Child Development,"Agriculture, Forestry, Fishing, & Hunting",,,,,,
50,Fullerton,1,FTF,08231 + 08232,Child Development,Utilities,,,,,,
50,Fullerton,1,FTF,08231 + 08232,Child Development,Construction,8,"$42,950","$43,330",,,
50,Fullerton,1,FTF,08231 + 08232,Child Development,Manufacturing,11,"$53,191","$54,204",,,
50,Fullerton,1,FTF,08231 + 08232,Child Development,Wholesale Trade,19,"$40,631","$46,401",8,"$34,148","$63,877"
50,Fullerton,1,FTF,08231 + 08232,Child Development,Retail Trade,28,"$38,891","$38,502",8,"$24,377","$27,553"
50,Fullerton,1,FTF,08231 + 08232,Child Development,Transportation & Warehousing,7,"$25,817","$32,150",,,
50,Fullerton,1,FTF,08231 + 08232,Child Development,Information,,,,,,
50,Fullerton,1,FTF,08231 + 08232,Child Development,Finance & Insurance,41,"$51,565","$51,162",25,"$63,686","$68,923"
50,Fullerton,1,FTF,08231 + 08232,Child Development,Real Estate & Rental & Leasing,15,"$40,041","$42,364",,,
50,Fullerton,1,FTF,08231 + 08232,Child Development,"Professional, Scientific, & Technical Skills",21,"$43,567","$43,654",10,"$46,762","$52,708"
50,Fullerton,1,FTF,08231 + 08232,Child Development,Management of Companies & Enterprises,,,,,,
50,Fullerton,1,FTF,08231 + 08232,Child Development,Admin & Support & Waste Mgmt & Remediation,13,"$29,794","$30,554",6,"$30,104","$32,600"
50,Fullerton,1,FTF,08231 + 08232,Child Development,Educational Services,359,"$49,048","$44,850",186,"$66,673","$59,805"
50,Fullerton,1,FTF,08231 + 08232,Child Development,Health Care & Social Assistance,126,"$31,025","$30,720",35,"$33,749","$40,712"
50,Fullerton,1,FTF,08231 + 08232,Child Development,"Arts, Entertainment, & Recreation",17,"$34,261","$27,438",8,"$25,084","$28,974"
50,Fullerton,1,FTF,08231 + 08232,Child Development,Accommodation & Food Services,27,"$36,549","$36,664",8,"$36,905","$65,002"
50,Fullerton,1,FTF,08231 + 08232,Child Development,Other Services,52,"$33,844","$33,915",15,"$39,531","$43,115"
50,Fullerton,1,FTF,08231 + 08232,Child Development,Government,31,"$43,096","$45,214",17,"$58,427","$66,040"
50,Fullerton,1,FTF,08231 + 08232,Child Development,No Wages,900,,,"1,350",,
50,Fullerton,1,FTF,08231 + 08232,Child Development,Wages - No NAICS Code,23,"$4,886","$8,416",12,"$4,102","$13,679"
50,Fullerton,1,FTF,08351,Kinesiology,"Agriculture, Forestry, Fishing, & Hunting",,,,,,
50,Fullerton,1,FTF,08351,Kinesiology,Utilities,,,,,,
50,Fullerton,1,FTF,08351,Kinesiology,Construction,5,"$40,493","$50,018",,,
50,Fullerton,1,FTF,08351,Kinesiology,Manufacturing,14,"$51,403","$64,209",,,
50,Fullerton,1,FTF,08351,Kinesiology,Wholesale Trade,11,"$68,305","$60,880",,,
50,Fullerton,1,FTF,08351,Kinesiology,Retail Trade,39,"$33,358","$30,253",6,"$40,944","$49,176"
50,Fullerton,1,FTF,08351,Kinesiology,Transportation & Warehousing,,,,,,
50,Fullerton,1,FTF,08351,Kinesiology,Information,5,"$48,656","$45,625",,,
50,Fullerton,1,FTF,08351,Kinesiology,Finance & Insurance,19,"$47,233","$46,623",7,"$66,751","$76,726"
50,Fullerton,1,FTF,08351,Kinesiology,Real Estate & Rental & Leasing,7,"$42,319","$40,078",,,
50,Fullerton,1,FTF,08351,Kinesiology,"Professional, Scientific, & Technical Skills",12,"$53,038","$51,840",,,
50,Fullerton,1,FTF,08351,Kinesiology,Management of Companies & Enterprises,,,,,,
50,Fullerton,1,FTF,08351,Kinesiology,Admin & Support & Waste Mgmt & Remediation,11,"$27,152","$28,184",,,
50,Fullerton,1,FTF,08351,Kinesiology,Educational Services,58,"$40,226","$38,032",21,"$59,554","$54,841"
50,Fullerton,1,FTF,08351,Kinesiology,Health Care & Social Assistance,114,"$32,443","$35,688",26,"$47,620","$53,887"
50,Fullerton,1,FTF,08351,Kinesiology,"Arts, Entertainment, & Recreation",26,"$25,924","$27,584",7,"$47,712","$40,392"
50,Fullerton,1,FTF,08351,Kinesiology,Accommodation & Food Services,38,"$27,800","$29,932",5,"$13,341","$29,095"
50,Fullerton,1,FTF,08351,Kinesiology,Other Services,11,"$37,113","$35,669",,,
50,Fullerton,1,FTF,08351,Kinesiology,Non-Classified,,,,,,
50,Fullerton,1,FTF,08351,Kinesiology,Government,19,"$86,610","$76,127",5,"$136,559","$128,055"
50,Fullerton,1,FTF,08351,Kinesiology,No Wages,"1,083",,,"1,402",,
50,Fullerton,1,FTF,08351,Kinesiology,Wages - No NAICS Code,28,"$4,049","$19,026",7,"$46,354","$45,688"
50,Fullerton,1,FTF,08375,Athletic Training,Educational Services,,,,,,
50,Fullerton,1,FTF,08375,Athletic Training,No Wages,10,,,11,,
50,Fullerton,1,FTF,09011 + 09012 + 09013,Engineering,"Agriculture, Forestry, Fishing, & Hunting",,,,,,
50,Fullerton,1,FTF,09011 + 09012 + 09013,Engineering,Utilities,,,,,,
50,Fullerton,1,FTF,09011 + 09012 + 09013,Engineering,Construction,,,,,,
50,Fullerton,1,FTF,09011 + 09012 + 09013,Engineering,Manufacturing,5,"$85,188","$80,684",5,"$88,706","$83,517"
50,Fullerton,1,FTF,09011 + 09012 + 09013,Engineering,"Professional, Scientific, & Technical Skills",6,"$71,546","$80,675",,,
50,Fullerton,1,FTF,09011 + 09012 + 09013,Engineering,"Arts, Entertainment, & Recreation",,,,,,
50,Fullerton,1,FTF,09011 + 09012 + 09013,Engineering,No Wages,5,,,6,,
50,Fullerton,1,FTF,09011 + 09012 + 09013,Engineering,Wages - No NAICS Code,,,,,,
50,Fullerton,1,FTF,09081,Civil Engineering,Utilities,,,,,,
50,Fullerton,1,FTF,09081,Civil Engineering,Construction,18,"$73,923","$68,819",,,
50,Fullerton,1,FTF,09081,Civil Engineering,Manufacturing,,,,,,
50,Fullerton,1,FTF,09081,Civil Engineering,Wholesale Trade,,,,,,
50,Fullerton,1,FTF,09081,Civil Engineering,Retail Trade,,,,,,
50,Fullerton,1,FTF,09081,Civil Engineering,Transportation & Warehousing,,,,,,
50,Fullerton,1,FTF,09081,Civil Engineering,Information,,,,,,
50,Fullerton,1,FTF,09081,Civil Engineering,Finance & Insurance,,,,,,
50,Fullerton,1,FTF,09081,Civil Engineering,"Professional, Scientific, & Technical Skills",44,"$69,240","$68,215",10,"$85,063","$73,575"
50,Fullerton,1,FTF,09081,Civil Engineering,Admin & Support & Waste Mgmt & Remediation,,,,,,
50,Fullerton,1,FTF,09081,Civil Engineering,Educational Services,,,,,,
50,Fullerton,1,FTF,09081,Civil Engineering,"Arts, Entertainment, & Recreation",,,,,,
50,Fullerton,1,FTF,09081,Civil Engineering,Accommodation & Food Services,,,,,,
50,Fullerton,1,FTF,09081,Civil Engineering,Government,7,"$83,634","$86,826",,,
50,Fullerton,1,FTF,09081,Civil Engineering,No Wages,167,,,241,,
50,Fullerton,1,FTF,09081,Civil Engineering,Wages - No NAICS Code,9,"$29,011","$35,813",,,
50,Fullerton,1,FTF,09091,Electrical Engineering,Utilities,,,,,,
50,Fullerton,1,FTF,09091,Electrical Engineering,Construction,,,,,,
50,Fullerton,1,FTF,09091,Electrical Engineering,Manufacturing,16,"$68,003","$70,135",13,"$81,205","$82,452"
50,Fullerton,1,FTF,09091,Electrical Engineering,Wholesale Trade,,,,,,
50,Fullerton,1,FTF,09091,Electrical Engineering,Retail Trade,,,,,,
50,Fullerton,1,FTF,09091,Electrical Engineering,Transportation & Warehousing,,,,,,
50,Fullerton,1,FTF,09091,Electrical Engineering,Information,,,,,,
50,Fullerton,1,FTF,09091,Electrical Engineering,"Professional, Scientific, & Technical Skills",11,"$76,018","$72,440",,,
50,Fullerton,1,FTF,09091,Electrical Engineering,Admin & Support & Waste Mgmt & Remediation,,,,,,
50,Fullerton,1,FTF,09091,Electrical Engineering,Educational Services,,,,,,
50,Fullerton,1,FTF,09091,Electrical Engineering,Health Care & Social Assistance,,,,,,
50,Fullerton,1,FTF,09091,Electrical Engineering,Government,,,,,,
50,Fullerton,1,FTF,09091,Electrical Engineering,No Wages,65,,,84,,
50,Fullerton,1,FTF,09091,Electrical Engineering,Wages - No NAICS Code,,,,,,
50,Fullerton,1,FTF,09094,Computer Engineering,Manufacturing,,,,,,
50,Fullerton,1,FTF,09094,Computer Engineering,"Professional, Scientific, & Technical Skills",,,,,,
50,Fullerton,1,FTF,09094,Computer Engineering,Educational Services,,,,,,
50,Fullerton,1,FTF,09094,Computer Engineering,No Wages,53,,,59,,
50,Fullerton,1,FTF,09101,Mechanical Engineering,Utilities,,,,,,
50,Fullerton,1,FTF,09101,Mechanical Engineering,Construction,,,,,,
50,Fullerton,1,FTF,09101,Mechanical Engineering,Manufacturing,25,"$75,358","$70,937",,,
50,Fullerton,1,FTF,09101,Mechanical Engineering,Wholesale Trade,,,,,,
50,Fullerton,1,FTF,09101,Mechanical Engineering,Retail Trade,,,,,,
50,Fullerton,1,FTF,09101,Mechanical Engineering,Finance & Insurance,,,,,,
50,Fullerton,1,FTF,09101,Mechanical Engineering,"Professional, Scientific, & Technical Skills",8,"$83,477","$84,234",,,
50,Fullerton,1,FTF,09101,Mechanical Engineering,Management of Companies & Enterprises,,,,,,
50,Fullerton,1,FTF,09101,Mechanical Engineering,Admin & Support & Waste Mgmt & Remediation,,,,,,
50,Fullerton,1,FTF,09101,Mechanical Engineering,Educational Services,,,,,,
50,Fullerton,1,FTF,09101,Mechanical Engineering,No Wages,166,,,202,,
50,Fullerton,1,FTF,09101,Mechanical Engineering,Wages - No NAICS Code,,,,,,
50,Fullerton,1,FTF,10021 + 10022,Art,Utilities,,,,,,
50,Fullerton,1,FTF,10021 + 10022,Art,Construction,5,"$54,227","$46,810",,,
50,Fullerton,1,FTF,10021 + 10022,Art,Manufacturing,33,"$44,919","$45,696",14,"$56,133","$54,155"
50,Fullerton,1,FTF,10021 + 10022,Art,Wholesale Trade,44,"$44,180","$43,114",18,"$61,911","$54,505"
50,Fullerton,1,FTF,10021 + 10022,Art,Retail Trade,53,"$32,854","$40,012",13,"$51,820","$53,261"
50,Fullerton,1,FTF,10021 + 10022,Art,Transportation & Warehousing,,,,,,
50,Fullerton,1,FTF,10021 + 10022,Art,Information,70,"$52,628","$60,008",31,"$85,998","$94,496"
50,Fullerton,1,FTF,10021 + 10022,Art,Finance & Insurance,18,"$47,031","$45,112",9,"$64,107","$60,885"
50,Fullerton,1,FTF,10021 + 10022,Art,Real Estate & Rental & Leasing,12,"$44,437","$42,050",,,
50,Fullerton,1,FTF,10021 + 10022,Art,"Professional, Scientific, & Technical Skills",67,"$53,051","$58,522",29,"$63,595","$67,600"
50,Fullerton,1,FTF,10021 + 10022,Art,Management of Companies & Enterprises,,,,,,
50,Fullerton,1,FTF,10021 + 10022,Art,Admin & Support & Waste Mgmt & Remediation,33,"$36,553","$40,995",,,
50,Fullerton,1,FTF,10021 + 10022,Art,Educational Services,42,"$36,622","$40,407",17,"$28,866","$36,531"
50,Fullerton,1,FTF,10021 + 10022,Art,Health Care & Social Assistance,14,"$25,450","$38,853",7,"$40,609","$41,321"
50,Fullerton,1,FTF,10021 + 10022,Art,"Arts, Entertainment, & Recreation",22,"$22,534","$24,955",5,"$34,801","$38,977"
50,Fullerton,1,FTF,10021 + 10022,Art,Accommodation & Food Services,13,"$28,129","$28,431",6,"$39,989","$42,367"
50,Fullerton,1,FTF,10021 + 10022,Art,Other Services,11,"$31,646","$29,344",,,
50,Fullerton,1,FTF,10021 + 10022,Art,Non-Classified,,,,,,
50,Fullerton,1,FTF,10021 + 10022,Art,Government,7,"$28,004","$25,072",,,
50,Fullerton,1,FTF,10021 + 10022,Art,No Wages,552,,,863,,
50,Fullerton,1,FTF,10021 + 10022,Art,Wages - No NAICS Code,35,"$5,046","$13,589",13,"$27,422","$28,381"
50,Fullerton,1,FTF,10031,Art History,No Wages,,,,,,
50,Fullerton,1,FTF,10041,Music - Performance,Manufacturing,,,,,,
50,Fullerton,1,FTF,10041,Music - Performance,Wholesale Trade,,,,,,
50,Fullerton,1,FTF,10041,Music - Performance,Retail Trade,,,,,,
50,Fullerton,1,FTF,10041,Music - Performance,Finance & Insurance,,,,,,
50,Fullerton,1,FTF,10041,Music - Performance,"Professional, Scientific, & Technical Skills",,,,,,
50,Fullerton,1,FTF,10041,Music - Performance,Educational Services,7,"$27,559","$35,090",,,
50,Fullerton,1,FTF,10041,Music - Performance,"Arts, Entertainment, & Recreation",,,,,,
50,Fullerton,1,FTF,10041,Music - Performance,Other Services,,,,,,
50,Fullerton,1,FTF,10041,Music - Performance,No Wages,59,,,68,,
50,Fullerton,1,FTF,10041,Music - Performance,Wages - No NAICS Code,,,,,,
50,Fullerton,1,FTF,10051,Music,"Agriculture, Forestry, Fishing, & Hunting",,,,,,
50,Fullerton,1,FTF,10051,Music,Retail Trade,,,,,,
50,Fullerton,1,FTF,10051,Music,Information,,,,,,
50,Fullerton,1,FTF,10051,Music,Finance & Insurance,,,,,,
50,Fullerton,1,FTF,10051,Music,"Professional, Scientific, & Technical Skills",,,,,,
50,Fullerton,1,FTF,10051,Music,Admin & Support & Waste Mgmt & Remediation,,,,,,
50,Fullerton,1,FTF,10051,Music,Educational Services,34,"$60,916","$60,648",12,"$67,851","$54,927"
50,Fullerton,1,FTF,10051,Music,"Arts, Entertainment, & Recreation",,,,,,
50,Fullerton,1,FTF,10051,Music,Accommodation & Food Services,,,,,,
50,Fullerton,1,FTF,10051,Music,Other Services,5,"$28,888","$33,067",,,
50,Fullerton,1,FTF,10051,Music,Government,,,,,,
50,Fullerton,1,FTF,10051,Music,No Wages,80,,,117,,
50,Fullerton,1,FTF,10051,Music,Wages - No NAICS Code,,,,,,
50,Fullerton,1,FTF,10071,Theatre Arts,"Agriculture, Forestry, Fishing, & Hunting",,,,,,
50,Fullerton,1,FTF,10071,Theatre Arts,Construction,,,,,,
50,Fullerton,1,FTF,10071,Theatre Arts,Manufacturing,,,,,,
50,Fullerton,1,FTF,10071,Theatre Arts,Wholesale Trade,,,,,,
50,Fullerton,1,FTF,10071,Theatre Arts,Retail Trade,15,"$28,992","$28,860",,,
50,Fullerton,1,FTF,10071,Theatre Arts,Transportation & Warehousing,,,,,,
50,Fullerton,1,FTF,10071,Theatre Arts,Information,19,"$30,708","$31,739",5,"$59,559","$54,258"
50,Fullerton,1,FTF,10071,Theatre Arts,Finance & Insurance,,,,,,
50,Fullerton,1,FTF,10071,Theatre Arts,Real Estate & Rental & Leasing,,,,,,
50,Fullerton,1,FTF,10071,Theatre Arts,"Professional, Scientific, & Technical Skills",14,"$41,497","$39,343",5,"$55,058","$55,225"
50,Fullerton,1,FTF,10071,Theatre Arts,Management of Companies & Enterprises,,,,,,
50,Fullerton,1,FTF,10071,Theatre Arts,Admin & Support & Waste Mgmt & Remediation,8,"$21,534","$24,838",,,
50,Fullerton,1,FTF,10071,Theatre Arts,Educational Services,16,"$34,579","$36,009",11,"$31,891","$36,936"
50,Fullerton,1,FTF,10071,Theatre Arts,Health Care & Social Assistance,5,"$10,757","$15,158",,,
50,Fullerton,1,FTF,10071,Theatre Arts,"Arts, Entertainment, & Recreation",26,"$44,375","$47,329",,,
50,Fullerton,1,FTF,10071,Theatre Arts,Accommodation & Food Services,28,"$22,335","$22,838",9,"$31,080","$28,733"
50,Fullerton,1,FTF,10071,Theatre Arts,Other Services,8,"$13,846","$20,335",,,
50,Fullerton,1,FTF,10071,Theatre Arts,Non-Classified,,,,,,
50,Fullerton,1,FTF,10071,Theatre Arts,No Wages,257,,,367,,
50,Fullerton,1,FTF,10071,Theatre Arts,Wages - No NAICS Code,10,"$8,143","$12,102",5,"$1,996","$11,683"
50,Fullerton,1,FTF,10072,Theatre Arts - Performance,Wholesale Trade,,,,,,
50,Fullerton,1,FTF,10072,Theatre Arts - Performance,Retail Trade,,,,,,
50,Fullerton,1,FTF,10072,Theatre Arts - Performance,Information,,,,,,
50,Fullerton,1,FTF,10072,Theatre Arts - Performance,"Professional, Scientific, & Technical Skills",,,,,,
50,Fullerton,1,FTF,10072,Theatre Arts - Performance,Admin & Support & Waste Mgmt & Remediation,,,,,,
50,Fullerton,1,FTF,10072,Theatre Arts - Performance,Educational Services,,,,,,
50,Fullerton,1,FTF,10072,Theatre Arts - Performance,Health Care & Social Assistance,,,,,,
50,Fullerton,1,FTF,10072,Theatre Arts - Performance,"Arts, Entertainment, & Recreation",9,"$23,378","$20,046",,,
50,Fullerton,1,FTF,10072,Theatre Arts - Performance,Accommodation & Food Services,9,"$18,283","$21,140",,,
50,Fullerton,1,FTF,10072,Theatre Arts - Performance,Other Services,,,,,,
50,Fullerton,1,FTF,10072,Theatre Arts - Performance,Government,,,,,,
50,Fullerton,1,FTF,10072,Theatre Arts - Performance,No Wages,116,,,140,,
50,Fullerton,1,FTF,10072,Theatre Arts - Performance,Wages - No NAICS Code,,,,,,
50,Fullerton,1,FTF,10081,Dance,"Agriculture, Forestry, Fishing, & Hunting",,,,,,
50,Fullerton,1,FTF,10081,Dance,Construction,,,,,,
50,Fullerton,1,FTF,10081,Dance,Manufacturing,,,,,,
50,Fullerton,1,FTF,10081,Dance,Wholesale Trade,,,,,,
50,Fullerton,1,FTF,10081,Dance,Retail Trade,,,,,,
50,Fullerton,1,FTF,10081,Dance,Transportation & Warehousing,,,,,,
50,Fullerton,1,FTF,10081,Dance,Information,,,,,,
50,Fullerton,1,FTF,10081,Dance,Finance & Insurance,,,,,,
50,Fullerton,1,FTF,10081,Dance,Real Estate & Rental & Leasing,,,,,,
50,Fullerton,1,FTF,10081,Dance,Admin & Support & Waste Mgmt & Remediation,,,,,,
50,Fullerton,1,FTF,10081,Dance,Educational Services,11,"$20,170","$28,807",11,"$19,680","$32,428"
50,Fullerton,1,FTF,10081,Dance,Health Care & Social Assistance,6,"$25,139","$29,446",,,
50,Fullerton,1,FTF,10081,Dance,"Arts, Entertainment, & Recreation",7,"$27,846","$34,897",,,
50,Fullerton,1,FTF,10081,Dance,Accommodation & Food Services,,,,,,
50,Fullerton,1,FTF,10081,Dance,Other Services,,,,,,
50,Fullerton,1,FTF,10081,Dance,No Wages,47,,,70,,
50,Fullerton,1,FTF,10081,Dance,Wages - No NAICS Code,,,,,,
50,Fullerton,1,FTF,11021,French,Transportation & Warehousing,,,,,,
50,Fullerton,1,FTF,11021,French,"Professional, Scientific, & Technical Skills",,,,,,
50,Fullerton,1,FTF,11021,French,Educational Services,,,,,,
50,Fullerton,1,FTF,11021,French,"Arts, Entertainment, & Recreation",,,,,,
50,Fullerton,1,FTF,11021,French,Accommodation & Food Services,,,,,,
50,Fullerton,1,FTF,11021,French,Government,,,,,,
50,Fullerton,1,FTF,11021,French,No Wages,9,,,13,,
50,Fullerton,1,FTF,11021,French,Wages - No NAICS Code,,,,,,
50,Fullerton,1,FTF,11031,German,Manufacturing,,,,,,
50,Fullerton,1,FTF,11031,German,Wholesale Trade,,,,,,
50,Fullerton,1,FTF,11031,German,Retail Trade,,,,,,
50,Fullerton,1,FTF,11031,German,"Professional, Scientific, & Technical Skills",,,,,,
50,Fullerton,1,FTF,11031,German,Educational Services,,,,,,
50,Fullerton,1,FTF,11031,German,"Arts, Entertainment, & Recreation",,,,,,
50,Fullerton,1,FTF,11031,German,Accommodation & Food Services,,,,,,
50,Fullerton,1,FTF,11031,German,No Wages,,,,6,,
50,Fullerton,1,FTF,11051,Spanish,Manufacturing,,,,,,
50,Fullerton,1,FTF,11051,Spanish,Wholesale Trade,,,,,,
50,Fullerton,1,FTF,11051,Spanish,Retail Trade,,,,,,
50,Fullerton,1,FTF,11051,Spanish,Finance & Insurance,,,,,,
50,Fullerton,1,FTF,11051,Spanish,Real Estate & Rental & Leasing,,,,,,
50,Fullerton,1,FTF,11051,Spanish,"Professional, Scientific, & Technical Skills",,,,,,
50,Fullerton,1,FTF,11051,Spanish,Admin & Support & Waste Mgmt & Remediation,,,,,,
50,Fullerton,1,FTF,11051,Spanish,Educational Services,20,"$51,056","$46,084",10,"$70,715","$67,512"
50,Fullerton,1,FTF,11051,Spanish,Health Care & Social Assistance,,,,,,
50,Fullerton,1,FTF,11051,Spanish,Other Services,,,,,,
50,Fullerton,1,FTF,11051,Spanish,Government,5,"$50,388","$65,250",,,
50,Fullerton,1,FTF,11051,Spanish,No Wages,53,,,79,,
50,Fullerton,1,FTF,11051,Spanish,Wages - No NAICS Code,,,,,,
50,Fullerton,1,FTF,11081,Japanese,Manufacturing,,,,,,
50,Fullerton,1,FTF,11081,Japanese,Wholesale Trade,,,,,,
50,Fullerton,1,FTF,11081,Japanese,Retail Trade,,,,,,
50,Fullerton,1,FTF,11081,Japanese,Transportation & Warehousing,,,,,,
50,Fullerton,1,FTF,11081,Japanese,Finance & Insurance,,,,,,
50,Fullerton,1,FTF,11081,Japanese,"Professional, Scientific, & Technical Skills",,,,,,
50,Fullerton,1,FTF,11081,Japanese,Admin & Support & Waste Mgmt & Remediation,,,,,,
50,Fullerton,1,FTF,11081,Japanese,Educational Services,,,,,,
50,Fullerton,1,FTF,11081,Japanese,Health Care & Social Assistance,,,,,,
50,Fullerton,1,FTF,11081,Japanese,Accommodation & Food Services,,,,,,
50,Fullerton,1,FTF,11081,Japanese,Other Services,,,,,,
50,Fullerton,1,FTF,11081,Japanese,No Wages,27,,,37,,
50,Fullerton,1,FTF,12011,Health Science,"Agriculture, Forestry, Fishing, & Hunting",,,,,,
50,Fullerton,1,FTF,12011,Health Science,Mining,,,,,,
50,Fullerton,1,FTF,12011,Health Science,Utilities,,,,,,
50,Fullerton,1,FTF,12011,Health Science,Manufacturing,6,"$52,928","$53,470",,,
50,Fullerton,1,FTF,12011,Health Science,Wholesale Trade,13,"$68,483","$61,698",,,
50,Fullerton,1,FTF,12011,Health Science,Retail Trade,24,"$33,387","$40,395",,,
50,Fullerton,1,FTF,12011,Health Science,Information,,,,,,
50,Fullerton,1,FTF,12011,Health Science,Finance & Insurance,13,"$57,820","$64,587",,,
50,Fullerton,1,FTF,12011,Health Science,Real Estate & Rental & Leasing,,,,,,
50,Fullerton,1,FTF,12011,Health Science,"Professional, Scientific, & Technical Skills",11,"$47,120","$52,075",,,
50,Fullerton,1,FTF,12011,Health Science,Management of Companies & Enterprises,,,,,,
50,Fullerton,1,FTF,12011,Health Science,Admin & Support & Waste Mgmt & Remediation,14,"$38,010","$43,484",,,
50,Fullerton,1,FTF,12011,Health Science,Educational Services,30,"$27,981","$29,956",6,"$29,961","$37,841"
50,Fullerton,1,FTF,12011,Health Science,Health Care & Social Assistance,73,"$41,133","$45,016",10,"$73,610","$79,420"
50,Fullerton,1,FTF,12011,Health Science,"Arts, Entertainment, & Recreation",8,"$31,284","$31,430",,,
50,Fullerton,1,FTF,12011,Health Science,Accommodation & Food Services,14,"$29,251","$28,461",,,
50,Fullerton,1,FTF,12011,Health Science,Other Services,9,"$34,539","$28,731",,,
50,Fullerton,1,FTF,12011,Health Science,Government,9,"$32,210","$35,163",,,
50,Fullerton,1,FTF,12011,Health Science,No Wages,"1,037",,,"1,241",,
50,Fullerton,1,FTF,12011,Health Science,Wages - No NAICS Code,10,"$7,240","$14,066",,,
50,Fullerton,1,FTF,12201,Communicative Disorders,Wholesale Trade,,,,,,
50,Fullerton,1,FTF,12201,Communicative Disorders,Retail Trade,,,,,,
50,Fullerton,1,FTF,12201,Communicative Disorders,Transportation & Warehousing,,,,,,
50,Fullerton,1,FTF,12201,Communicative Disorders,Information,,,,,,
50,Fullerton,1,FTF,12201,Communicative Disorders,Finance & Insurance,,,,,,
50,Fullerton,1,FTF,12201,Communicative Disorders,"Professional, Scientific, & Technical Skills",,,,,,
50,Fullerton,1,FTF,12201,Communicative Disorders,Admin & Support & Waste Mgmt & Remediation,,,,,,
50,Fullerton,1,FTF,12201,Communicative Disorders,Educational Services,16,"$54,017","$51,820",8,"$81,278","$81,625"
50,Fullerton,1,FTF,12201,Communicative Disorders,Health Care & Social Assistance,12,"$44,172","$43,801",5,"$40,904","$38,122"
50,Fullerton,1,FTF,12201,Communicative Disorders,"Arts, Entertainment, & Recreation",,,,,,
50,Fullerton,1,FTF,12201,Communicative Disorders,Accommodation & Food Services,,,,,,
50,Fullerton,1,FTF,12201,Communicative Disorders,Non-Classified,,,,,,
50,Fullerton,1,FTF,12201,Communicative Disorders,No Wages,144,,,168,,
50,Fullerton,1,FTF,12201,Communicative Disorders,Wages - No NAICS Code,,,,,,
50,Fullerton,1,FTF,15011,English,Utilities,,,,,,
50,Fullerton,1,FTF,15011,English,Construction,,,,,,
50,Fullerton,1,FTF,15011,English,Manufacturing,8,"$37,166","$33,390",,,
50,Fullerton,1,FTF,15011,English,Wholesale Trade,8,"$35,700","$38,475",,,
50,Fullerton,1,FTF,15011,English,Retail Trade,28,"$25,920","$29,857",5,"$48,179","$41,911"
50,Fullerton,1,FTF,15011,English,Transportation & Warehousing,,,,,,
50,Fullerton,1,FTF,15011,English,Information,9,"$42,877","$39,313",,,
50,Fullerton,1,FTF,15011,English,Finance & Insurance,15,"$41,307","$37,465",5,"$58,372","$51,978"
50,Fullerton,1,FTF,15011,English,Real Estate & Rental & Leasing,,,,,,
50,Fullerton,1,FTF,15011,English,"Professional, Scientific, & Technical Skills",21,"$41,691","$54,774",,,
50,Fullerton,1,FTF,15011,English,Admin & Support & Waste Mgmt & Remediation,11,"$33,302","$31,355",,,
50,Fullerton,1,FTF,15011,English,Educational Services,94,"$56,085","$48,964",48,"$72,059","$65,190"
50,Fullerton,1,FTF,15011,English,Health Care & Social Assistance,8,"$33,860","$33,007",8,"$43,831","$53,227"
50,Fullerton,1,FTF,15011,English,"Arts, Entertainment, & Recreation",6,"$27,046","$29,463",,,
50,Fullerton,1,FTF,15011,English,Accommodation & Food Services,21,"$21,925","$26,416",,,
50,Fullerton,1,FTF,15011,English,Other Services,5,"$29,992","$41,117",,,
50,Fullerton,1,FTF,15011,English,Government,13,"$41,018","$38,975",,,
50,Fullerton,1,FTF,15011,English,No Wages,286,,,450,,
50,Fullerton,1,FTF,15011,English,Wages - No NAICS Code,15,"$23,497","$25,069",7,"$52,500","$44,017"
50,Fullerton,1,FTF,15031,Comparative Literature,No Wages,,,,,,
50,Fullerton,1,FTF,15051,Linguistics,Retail Trade,,,,,,
50,Fullerton,1,FTF,15051,Linguistics,Information,,,,,,
50,Fullerton,1,FTF,15051,Linguistics,Finance & Insurance,,,,,,
50,Fullerton,1,FTF,15051,Linguistics,Management of Companies & Enterprises,,,,,,
50,Fullerton,1,FTF,15051,Linguistics,Educational Services,,,,,,
50,Fullerton,1,FTF,15051,Linguistics,No Wages,22,,,23,,
50,Fullerton,1,FTF,15061,Speech Communication,Construction,,,,,,
50,Fullerton,1,FTF,15061,Speech Communication,Manufacturing,,,,,,
50,Fullerton,1,FTF,15061,Speech Communication,Wholesale Trade,8,"$55,404","$58,067",5,"$75,539","$61,355"
50,Fullerton,1,FTF,15061,Speech Communication,Retail Trade,8,"$39,679","$55,034",,,
50,Fullerton,1,FTF,15061,Speech Communication,Transportation & Warehousing,,,,,,
50,Fullerton,1,FTF,15061,Speech Communication,Information,,,,,,
50,Fullerton,1,FTF,15061,Speech Communication,Finance & Insurance,7,"$62,935","$63,594",,,
50,Fullerton,1,FTF,15061,Speech Communication,Real Estate & Rental & Leasing,,,,,,
50,Fullerton,1,FTF,15061,Speech Communication,"Professional, Scientific, & Technical Skills",8,"$51,131","$50,879",,,
50,Fullerton,1,FTF,15061,Speech Communication,Admin & Support & Waste Mgmt & Remediation,8,"$51,224","$51,604",,,
50,Fullerton,1,FTF,15061,Speech Communication,Educational Services,15,"$31,855","$34,374",6,"$49,819","$51,994"
50,Fullerton,1,FTF,15061,Speech Communication,Health Care & Social Assistance,10,"$28,387","$30,227",,,
50,Fullerton,1,FTF,15061,Speech Communication,"Arts, Entertainment, & Recreation",,,,,,
50,Fullerton,1,FTF,15061,Speech Communication,Accommodation & Food Services,6,"$36,334","$43,589",,,
50,Fullerton,1,FTF,15061,Speech Communication,Government,,,,,,
50,Fullerton,1,FTF,15061,Speech Communication,No Wages,111,,,164,,
50,Fullerton,1,FTF,15061,Speech Communication,Wages - No NAICS Code,,,,,,
50,Fullerton,1,FTF,15091,Philosophy,Utilities,,,,,,
50,Fullerton,1,FTF,15091,Philosophy,Manufacturing,,,,,,
50,Fullerton,1,FTF,15091,Philosophy,Retail Trade,,,,,,
50,Fullerton,1,FTF,15091,Philosophy,Transportation & Warehousing,,,,,,
50,Fullerton,1,FTF,15091,Philosophy,Finance & Insurance,,,,,,
50,Fullerton,1,FTF,15091,Philosophy,"Professional, Scientific, & Technical Skills",,,,,,
50,Fullerton,1,FTF,15091,Philosophy,Admin & Support & Waste Mgmt & Remediation,,,,,,
50,Fullerton,1,FTF,15091,Philosophy,Educational Services,,,,,,
50,Fullerton,1,FTF,15091,Philosophy,Health Care & Social Assistance,,,,,,
50,Fullerton,1,FTF,15091,Philosophy,"Arts, Entertainment, & Recreation",,,,,,
50,Fullerton,1,FTF,15091,Philosophy,Accommodation & Food Services,,,,,,
50,Fullerton,1,FTF,15091,Philosophy,Other Services,,,,,,
50,Fullerton,1,FTF,15091,Philosophy,Government,,,,,,
50,Fullerton,1,FTF,15091,Philosophy,No Wages,53,,,81,,
50,Fullerton,1,FTF,15091,Philosophy,Wages - No NAICS Code,,,,,,
50,Fullerton,1,FTF,15101,Religious Studies,Wholesale Trade,,,,,,
50,Fullerton,1,FTF,15101,Religious Studies,Retail Trade,,,,,,
50,Fullerton,1,FTF,15101,Religious Studies,Information,,,,,,
50,Fullerton,1,FTF,15101,Religious Studies,Educational Services,,,,,,
50,Fullerton,1,FTF,15101,Religious Studies,Health Care & Social Assistance,,,,,,
50,Fullerton,1,FTF,15101,Religious Studies,Accommodation & Food Services,,,,,,
50,Fullerton,1,FTF,15101,Religious Studies,Other Services,5,"$6,246","$15,183",,,
50,Fullerton,1,FTF,15101,Religious Studies,Government,,,,,,
50,Fullerton,1,FTF,15101,Religious Studies,No Wages,23,,,35,,
50,Fullerton,1,FTF,17011,Mathematics,Utilities,,,,,,
50,Fullerton,1,FTF,17011,Mathematics,Construction,,,,,,
50,Fullerton,1,FTF,17011,Mathematics,Manufacturing,,,,,,
50,Fullerton,1,FTF,17011,Mathematics,Wholesale Trade,,,,,,
50,Fullerton,1,FTF,17011,Mathematics,Retail Trade,,,,,,
50,Fullerton,1,FTF,17011,Mathematics,Information,,,,,,
50,Fullerton,1,FTF,17011,Mathematics,Finance & Insurance,,,,,,
50,Fullerton,1,FTF,17011,Mathematics,"Professional, Scientific, & Technical Skills",5,"$44,884","$39,088",,,
50,Fullerton,1,FTF,17011,Mathematics,Admin & Support & Waste Mgmt & Remediation,,,,,,
50,Fullerton,1,FTF,17011,Mathematics,Educational Services,31,"$63,467","$54,697",17,"$79,074","$78,505"
50,Fullerton,1,FTF,17011,Mathematics,Non-Classified,,,,,,
50,Fullerton,1,FTF,17011,Mathematics,No Wages,97,,,126,,
50,Fullerton,1,FTF,17011,Mathematics,Wages - No NAICS Code,,,,,,
50,Fullerton,1,FTF,17031,Applied Mathematics,No Wages,,,,,,
50,Fullerton,1,FTF,19021,Physics,Utilities,,,,,,
50,Fullerton,1,FTF,19021,Physics,Manufacturing,,,,,,
50,Fullerton,1,FTF,19021,Physics,"Professional, Scientific, & Technical Skills",,,,,,
50,Fullerton,1,FTF,19021,Physics,Educational Services,,,,,,
50,Fullerton,1,FTF,19021,Physics,No Wages,23,,,29,,
50,Fullerton,1,FTF,19021,Physics,Wages - No NAICS Code,,,,,,
50,Fullerton,1,FTF,19051,Chemistry,Manufacturing,6,"$51,393","$47,282",,,
50,Fullerton,1,FTF,19051,Chemistry,Finance & Insurance,,,,,,
50,Fullerton,1,FTF,19051,Chemistry,"Professional, Scientific, & Technical Skills",7,"$62,595","$59,675",,,
50,Fullerton,1,FTF,19051,Chemistry,Admin & Support & Waste Mgmt & Remediation,,,,,,
50,Fullerton,1,FTF,19051,Chemistry,Educational Services,,,,,,
50,Fullerton,1,FTF,19051,Chemistry,Health Care & Social Assistance,,,,,,
50,Fullerton,1,FTF,19051,Chemistry,Government,,,,,,
50,Fullerton,1,FTF,19051,Chemistry,No Wages,37,,,51,,
50,Fullerton,1,FTF,19051,Chemistry,Wages - No NAICS Code,,,,,,
50,Fullerton,1,FTF,19141,Geology,Construction,,,,,,
50,Fullerton,1,FTF,19141,Geology,Manufacturing,,,,,,
50,Fullerton,1,FTF,19141,Geology,"Professional, Scientific, & Technical Skills",10,"$64,825","$57,432",,,
50,Fullerton,1,FTF,19141,Geology,Admin & Support & Waste Mgmt & Remediation,,,,,,
50,Fullerton,1,FTF,19141,Geology,Educational Services,,,,,,
50,Fullerton,1,FTF,19141,Geology,No Wages,30,,,49,,
50,Fullerton,1,FTF,19141,Geology,Wages - No NAICS Code,,,,,,
50,Fullerton,1,FTF,19171,Earth Science,No Wages,17,,,17,,
50,Fullerton,1,FTF,20011 + 20013,Psychology,Utilities,,,,,,
50,Fullerton,1,FTF,20011 + 20013,Psychology,Construction,7,"$46,154","$33,843",,,
50,Fullerton,1,FTF,20011 + 20013,Psychology,Manufacturing,12,"$44,602","$46,315",10,"$69,335","$67,469"
50,Fullerton,1,FTF,20011 + 20013,Psychology,Wholesale Trade,17,"$49,405","$64,914",7,"$72,003","$82,943"
50,Fullerton,1,FTF,20011 + 20013,Psychology,Retail Trade,35,"$40,108","$42,427",5,"$47,273","$52,995"
50,Fullerton,1,FTF,20011 + 20013,Psychology,Transportation & Warehousing,,,,,,
50,Fullerton,1,FTF,20011 + 20013,Psychology,Information,7,"$53,656","$53,736",,,
50,Fullerton,1,FTF,20011 + 20013,Psychology,Finance & Insurance,34,"$42,871","$54,380",14,"$57,048","$57,909"
50,Fullerton,1,FTF,20011 + 20013,Psychology,Real Estate & Rental & Leasing,7,"$49,414","$49,294",,,
50,Fullerton,1,FTF,20011 + 20013,Psychology,"Professional, Scientific, & Technical Skills",42,"$48,431","$48,544",16,"$50,374","$64,047"
50,Fullerton,1,FTF,20011 + 20013,Psychology,Admin & Support & Waste Mgmt & Remediation,29,"$34,945","$39,077",6,"$63,350","$57,225"
50,Fullerton,1,FTF,20011 + 20013,Psychology,Educational Services,67,"$42,158","$40,853",33,"$55,915","$52,494"
50,Fullerton,1,FTF,20011 + 20013,Psychology,Health Care & Social Assistance,91,"$35,425","$36,604",25,"$46,324","$53,844"
50,Fullerton,1,FTF,20011 + 20013,Psychology,"Arts, Entertainment, & Recreation",16,"$33,331","$28,561",7,"$42,796","$41,928"
50,Fullerton,1,FTF,20011 + 20013,Psychology,Accommodation & Food Services,20,"$25,349","$22,333",,,
50,Fullerton,1,FTF,20011 + 20013,Psychology,Other Services,12,"$24,517","$25,483",6,"$24,628","$37,963"
50,Fullerton,1,FTF,20011 + 20013,Psychology,Non-Classified,,,,,,
50,Fullerton,1,FTF,20011 + 20013,Psychology,Government,39,"$59,351","$66,034",28,"$72,061","$82,076"
50,Fullerton,1,FTF,20011 + 20013,Psychology,No Wages,814,,,"1,097",,
50,Fullerton,1,FTF,20011 + 20013,Psychology,Wages - No NAICS Code,24,"$10,111","$15,373",10,"$15,482","$51,606"
50,Fullerton,1,FTF,21021,Public Administration,Utilities,,,,,,
50,Fullerton,1,FTF,21021,Public Administration,Construction,,,,,,
50,Fullerton,1,FTF,21021,Public Administration,Wholesale Trade,,,,,,
50,Fullerton,1,FTF,21021,Public Administration,Retail Trade,,,,,,
50,Fullerton,1,FTF,21021,Public Administration,Transportation & Warehousing,,,,,,
50,Fullerton,1,FTF,21021,Public Administration,Finance & Insurance,6,"$53,312","$69,503",,,
50,Fullerton,1,FTF,21021,Public Administration,"Professional, Scientific, & Technical Skills",,,,,,
50,Fullerton,1,FTF,21021,Public Administration,Educational Services,,,,,,
50,Fullerton,1,FTF,21021,Public Administration,Health Care & Social Assistance,,,,,,
50,Fullerton,1,FTF,21021,Public Administration,Other Services,,,,,,
50,Fullerton,1,FTF,21021,Public Administration,Government,6,"$70,341","$68,229",,,
50,Fullerton,1,FTF,21021,Public Administration,No Wages,38,,,60,,
50,Fullerton,1,FTF,21021,Public Administration,Wages - No NAICS Code,,,,,,
50,Fullerton,1,FTF,21042,Human Services,"Agriculture, Forestry, Fishing, & Hunting",,,,,,
50,Fullerton,1,FTF,21042,Human Services,Construction,,,,,,
50,Fullerton,1,FTF,21042,Human Services,Manufacturing,,,,,,
50,Fullerton,1,FTF,21042,Human Services,Wholesale Trade,7,"$54,386","$50,531",,,
50,Fullerton,1,FTF,21042,Human Services,Retail Trade,12,"$35,441","$35,428",,,
50,Fullerton,1,FTF,21042,Human Services,Transportation & Warehousing,,,,,,
50,Fullerton,1,FTF,21042,Human Services,Information,,,,,,
50,Fullerton,1,FTF,21042,Human Services,Finance & Insurance,15,"$49,146","$49,937",9,"$65,252","$72,409"
50,Fullerton,1,FTF,21042,Human Services,Real Estate & Rental & Leasing,,,,,,
50,Fullerton,1,FTF,21042,Human Services,"Professional, Scientific, & Technical Skills",14,"$41,471","$36,125",,,
50,Fullerton,1,FTF,21042,Human Services,Management of Companies & Enterprises,,,,,,
50,Fullerton,1,FTF,21042,Human Services,Admin & Support & Waste Mgmt & Remediation,9,"$24,034","$22,106",,,
50,Fullerton,1,FTF,21042,Human Services,Educational Services,39,"$43,035","$43,195",21,"$53,812","$61,541"
50,Fullerton,1,FTF,21042,Human Services,Health Care & Social Assistance,87,"$38,095","$35,967",34,"$43,659","$43,884"
50,Fullerton,1,FTF,21042,Human Services,"Arts, Entertainment, & Recreation",,,,,,
50,Fullerton,1,FTF,21042,Human Services,Accommodation & Food Services,7,"$35,441","$29,741",,,
50,Fullerton,1,FTF,21042,Human Services,Other Services,10,"$30,464","$33,741",,,
50,Fullerton,1,FTF,21042,Human Services,Government,37,"$51,403","$52,168",18,"$67,073","$70,378"
50,Fullerton,1,FTF,21042,Human Services,No Wages,341,,,500,,
50,Fullerton,1,FTF,21042,Human Services,Wages - No NAICS Code,13,"$49,994","$36,835",6,"$36,429","$53,954"
50,Fullerton,1,FTF,21051,Criminal Justice,"Agriculture, Forestry, Fishing, & Hunting",,,,,,
50,Fullerton,1,FTF,21051,Criminal Justice,Utilities,5,"$47,432","$50,396",6,"$63,641","$65,611"
50,Fullerton,1,FTF,21051,Criminal Justice,Construction,14,"$38,617","$37,312",8,"$47,716","$58,695"
50,Fullerton,1,FTF,21051,Criminal Justice,Manufacturing,17,"$41,869","$60,550",,,
50,Fullerton,1,FTF,21051,Criminal Justice,Wholesale Trade,17,"$48,209","$51,201",5,"$52,759","$66,575"
50,Fullerton,1,FTF,21051,Criminal Justice,Retail Trade,39,"$40,612","$41,872",15,"$63,866","$67,599"
50,Fullerton,1,FTF,21051,Criminal Justice,Transportation & Warehousing,6,"$46,878","$46,480",,,
50,Fullerton,1,FTF,21051,Criminal Justice,Information,13,"$43,142","$63,181",5,"$98,913","$93,484"
50,Fullerton,1,FTF,21051,Criminal Justice,Finance & Insurance,79,"$54,524","$53,165",34,"$65,376","$59,522"
50,Fullerton,1,FTF,21051,Criminal Justice,Real Estate & Rental & Leasing,19,"$52,354","$54,459",,,
50,Fullerton,1,FTF,21051,Criminal Justice,"Professional, Scientific, & Technical Skills",40,"$49,436","$47,887",24,"$67,518","$61,664"
50,Fullerton,1,FTF,21051,Criminal Justice,Management of Companies & Enterprises,,,,,,
50,Fullerton,1,FTF,21051,Criminal Justice,Admin & Support & Waste Mgmt & Remediation,34,"$36,479","$40,110",10,"$59,231","$59,550"
50,Fullerton,1,FTF,21051,Criminal Justice,Educational Services,38,"$34,725","$39,284",15,"$55,806","$50,550"
50,Fullerton,1,FTF,21051,Criminal Justice,Health Care & Social Assistance,55,"$35,866","$38,540",22,"$48,742","$55,258"
50,Fullerton,1,FTF,21051,Criminal Justice,"Arts, Entertainment, & Recreation",7,"$30,138","$30,305",,,
50,Fullerton,1,FTF,21051,Criminal Justice,Accommodation & Food Services,23,"$30,395","$32,100",6,"$43,496","$52,065"
50,Fullerton,1,FTF,21051,Criminal Justice,Other Services,10,"$47,999","$47,379",6,"$39,550","$53,928"
50,Fullerton,1,FTF,21051,Criminal Justice,Non-Classified,,,,,,
50,Fullerton,1,FTF,21051,Criminal Justice,Government,220,"$69,737","$74,648",115,"$76,862","$85,404"
50,Fullerton,1,FTF,21051,Criminal Justice,No Wages,686,,,"1,064",,
50,Fullerton,1,FTF,21051,Criminal Justice,Wages - No NAICS Code,45,"$30,626","$40,751",27,"$74,410","$68,610"
50,Fullerton,1,FTF,22021,Anthropology,Utilities,,,,,,
50,Fullerton,1,FTF,22021,Anthropology,Construction,,,,,,
50,Fullerton,1,FTF,22021,Anthropology,Manufacturing,7,"$45,044","$55,026",,,
50,Fullerton,1,FTF,22021,Anthropology,Wholesale Trade,,,,,,
50,Fullerton,1,FTF,22021,Anthropology,Retail Trade,6,"$9,202","$15,042",,,
50,Fullerton,1,FTF,22021,Anthropology,Transportation & Warehousing,,,,,,
50,Fullerton,1,FTF,22021,Anthropology,Information,,,,,,
50,Fullerton,1,FTF,22021,Anthropology,Finance & Insurance,,,,,,
50,Fullerton,1,FTF,22021,Anthropology,Real Estate & Rental & Leasing,,,,,,
50,Fullerton,1,FTF,22021,Anthropology,"Professional, Scientific, & Technical Skills",8,"$29,403","$29,478",,,
50,Fullerton,1,FTF,22021,Anthropology,Admin & Support & Waste Mgmt & Remediation,,,,,,
50,Fullerton,1,FTF,22021,Anthropology,Educational Services,8,"$20,458","$32,778",,,
50,Fullerton,1,FTF,22021,Anthropology,Health Care & Social Assistance,,,,,,
50,Fullerton,1,FTF,22021,Anthropology,"Arts, Entertainment, & Recreation",,,,,,
50,Fullerton,1,FTF,22021,Anthropology,Accommodation & Food Services,5,"$15,967","$16,200",,,
50,Fullerton,1,FTF,22021,Anthropology,Other Services,5,"$44,506","$38,750",,,
50,Fullerton,1,FTF,22021,Anthropology,Non-Classified,,,,,,
50,Fullerton,1,FTF,22021,Anthropology,Government,,,,,,
50,Fullerton,1,FTF,22021,Anthropology,No Wages,80,,,114,,
50,Fullerton,1,FTF,22021,Anthropology,Wages - No NAICS Code,,,,,,
50,Fullerton,1,FTF,22041,Economics,Manufacturing,8,"$59,440","$50,836",,,
50,Fullerton,1,FTF,22041,Economics,Wholesale Trade,5,"$70,877","$69,089",,,
50,Fullerton,1,FTF,22041,Economics,Retail Trade,,,,,,
50,Fullerton,1,FTF,22041,Economics,Information,,,,,,
50,Fullerton,1,FTF,22041,Economics,Finance & Insurance,18,"$61,279","$63,781",8,"$151,899","$155,617"
50,Fullerton,1,FTF,22041,Economics,Real Estate & Rental & Leasing,,,,,,
50,Fullerton,1,FTF,22041,Economics,"Professional, Scientific, & Technical Skills",5,"$67,009","$62,129",,,
50,Fullerton,1,FTF,22041,Economics,Admin & Support & Waste Mgmt & Remediation,,,,,,
50,Fullerton,1,FTF,22041,Economics,Educational Services,,,,,,
50,Fullerton,1,FTF,22041,Economics,Health Care & Social Assistance,,,,,,
50,Fullerton,1,FTF,22041,Economics,"Arts, Entertainment, & Recreation",,,,,,
50,Fullerton,1,FTF,22041,Economics,Accommodation & Food Services,,,,,,
50,Fullerton,1,FTF,22041,Economics,Other Services,,,,,,
50,Fullerton,1,FTF,22041,Economics,Government,5,"$67,953","$61,880",,,
50,Fullerton,1,FTF,22041,Economics,No Wages,85,,,127,,
50,Fullerton,1,FTF,22041,Economics,Wages - No NAICS Code,,,,,,
50,Fullerton,1,FTF,22051,History,"Agriculture, Forestry, Fishing, & Hunting",,,,,,
50,Fullerton,1,FTF,22051,History,Construction,,,,,,
50,Fullerton,1,FTF,22051,History,Wholesale Trade,5,"$51,267","$47,732",,,
50,Fullerton,1,FTF,22051,History,Retail Trade,15,"$38,410","$40,553",,,
50,Fullerton,1,FTF,22051,History,Transportation & Warehousing,,,,,,
50,Fullerton,1,FTF,22051,History,Information,,,,,,
50,Fullerton,1,FTF,22051,History,Finance & Insurance,14,"$58,259","$51,685",,,
50,Fullerton,1,FTF,22051,History,Real Estate & Rental & Leasing,7,"$50,260","$53,712",,,
50,Fullerton,1,FTF,22051,History,"Professional, Scientific, & Technical Skills",14,"$39,277","$39,659",5,"$76,217","$71,869"
50,Fullerton,1,FTF,22051,History,Management of Companies & Enterprises,,,,,,
50,Fullerton,1,FTF,22051,History,Admin & Support & Waste Mgmt & Remediation,5,"$37,985","$51,687",5,"$35,097","$44,212"
50,Fullerton,1,FTF,22051,History,Educational Services,45,"$51,521","$47,951",18,"$71,270","$62,479"
50,Fullerton,1,FTF,22051,History,Health Care & Social Assistance,,,,5,"$33,618","$34,967"
50,Fullerton,1,FTF,22051,History,"Arts, Entertainment, & Recreation",,,,,,
50,Fullerton,1,FTF,22051,History,Accommodation & Food Services,11,"$30,941","$35,391",,,
50,Fullerton,1,FTF,22051,History,Other Services,6,"$29,526","$27,445",,,
50,Fullerton,1,FTF,22051,History,Government,11,"$53,958","$53,021",5,"$35,124","$55,304"
50,Fullerton,1,FTF,22051,History,No Wages,205,,,305,,
50,Fullerton,1,FTF,22051,History,Wages - No NAICS Code,5,"$6,028","$10,479",,,
50,Fullerton,1,FTF,22061 + 22063,Geography,Utilities,,,,,,
50,Fullerton,1,FTF,22061 + 22063,Geography,Wholesale Trade,,,,,,
50,Fullerton,1,FTF,22061 + 22063,Geography,Retail Trade,,,,,,
50,Fullerton,1,FTF,22061 + 22063,Geography,Information,,,,,,
50,Fullerton,1,FTF,22061 + 22063,Geography,"Professional, Scientific, & Technical Skills",,,,,,
50,Fullerton,1,FTF,22061 + 22063,Geography,Admin & Support & Waste Mgmt & Remediation,,,,,,
50,Fullerton,1,FTF,22061 + 22063,Geography,Educational Services,5,"$63,578","$53,853",,,
50,Fullerton,1,FTF,22061 + 22063,Geography,Health Care & Social Assistance,,,,,,
50,Fullerton,1,FTF,22061 + 22063,Geography,"Arts, Entertainment, & Recreation",,,,,,
50,Fullerton,1,FTF,22061 + 22063,Geography,Accommodation & Food Services,,,,,,
50,Fullerton,1,FTF,22061 + 22063,Geography,Other Services,,,,,,
50,Fullerton,1,FTF,22061 + 22063,Geography,Government,,,,,,
50,Fullerton,1,FTF,22061 + 22063,Geography,No Wages,41,,,57,,
50,Fullerton,1,FTF,22061 + 22063,Geography,Wages - No NAICS Code,,,,,,
50,Fullerton,1,FTF,22071,Political Science,"Agriculture, Forestry, Fishing, & Hunting",,,,,,
50,Fullerton,1,FTF,22071,Political Science,Construction,,,,,,
50,Fullerton,1,FTF,22071,Political Science,Manufacturing,5,"$50,564","$67,797",,,
50,Fullerton,1,FTF,22071,Political Science,Wholesale Trade,12,"$55,708","$55,967",,,
50,Fullerton,1,FTF,22071,Political Science,Retail Trade,14,"$38,996","$36,062",,,
50,Fullerton,1,FTF,22071,Political Science,Transportation & Warehousing,,,,,,
50,Fullerton,1,FTF,22071,Political Science,Information,11,"$48,954","$56,756",,,
50,Fullerton,1,FTF,22071,Political Science,Finance & Insurance,15,"$51,375","$70,005",6,"$87,369","$83,153"
50,Fullerton,1,FTF,22071,Political Science,Real Estate & Rental & Leasing,5,"$44,696","$47,326",,,
50,Fullerton,1,FTF,22071,Political Science,"Professional, Scientific, & Technical Skills",36,"$51,247","$49,286",10,"$57,206","$58,857"
50,Fullerton,1,FTF,22071,Political Science,Admin & Support & Waste Mgmt & Remediation,10,"$42,003","$41,506",,,
50,Fullerton,1,FTF,22071,Political Science,Educational Services,15,"$33,782","$38,237",9,"$28,137","$35,177"
50,Fullerton,1,FTF,22071,Political Science,Health Care & Social Assistance,8,"$38,742","$39,887",,,
50,Fullerton,1,FTF,22071,Political Science,"Arts, Entertainment, & Recreation",10,"$22,516","$19,996",,,
50,Fullerton,1,FTF,22071,Political Science,Accommodation & Food Services,9,"$30,262","$25,756",,,
50,Fullerton,1,FTF,22071,Political Science,Other Services,6,"$48,942","$50,683",,,
50,Fullerton,1,FTF,22071,Political Science,Non-Classified,,,,,,
50,Fullerton,1,FTF,22071,Political Science,Government,29,"$70,390","$69,963",18,"$91,631","$90,885"
50,Fullerton,1,FTF,22071,Political Science,No Wages,302,,,425,,
50,Fullerton,1,FTF,22071,Political Science,Wages - No NAICS Code,8,"$30,763","$42,002",5,"$49,411","$51,780"
50,Fullerton,1,FTF,22081,Sociology,Utilities,,,,,,
50,Fullerton,1,FTF,22081,Sociology,Manufacturing,7,"$64,857","$57,769",,,
50,Fullerton,1,FTF,22081,Sociology,Wholesale Trade,10,"$41,540","$46,975",,,
50,Fullerton,1,FTF,22081,Sociology,Retail Trade,15,"$42,927","$43,198",,,
50,Fullerton,1,FTF,22081,Sociology,Transportation & Warehousing,,,,,,
50,Fullerton,1,FTF,22081,Sociology,Information,,,,,,
50,Fullerton,1,FTF,22081,Sociology,Finance & Insurance,23,"$44,416","$47,440",10,"$55,558","$64,423"
50,Fullerton,1,FTF,22081,Sociology,Real Estate & Rental & Leasing,7,"$40,747","$39,113",,,
50,Fullerton,1,FTF,22081,Sociology,"Professional, Scientific, & Technical Skills",18,"$46,020","$48,869",13,"$49,016","$50,425"
50,Fullerton,1,FTF,22081,Sociology,Admin & Support & Waste Mgmt & Remediation,13,"$27,320","$44,995",,,
50,Fullerton,1,FTF,22081,Sociology,Educational Services,41,"$42,435","$41,134",20,"$59,223","$51,898"
50,Fullerton,1,FTF,22081,Sociology,Health Care & Social Assistance,41,"$38,124","$39,507",15,"$47,882","$54,946"
50,Fullerton,1,FTF,22081,Sociology,"Arts, Entertainment, & Recreation",,,,,,
50,Fullerton,1,FTF,22081,Sociology,Accommodation & Food Services,16,"$30,521","$31,873",5,"$31,026","$28,840"
50,Fullerton,1,FTF,22081,Sociology,Other Services,5,"$24,189","$32,187",,,
50,Fullerton,1,FTF,22081,Sociology,Government,33,"$58,986","$57,799",29,"$61,725","$66,594"
50,Fullerton,1,FTF,22081,Sociology,No Wages,391,,,529,,
50,Fullerton,1,FTF,22081,Sociology,Wages - No NAICS Code,12,"$22,351","$28,662",7,"$59,301","$52,545"
50,Fullerton,1,FTF,22990 + 49991,Women's Studies,Retail Trade,,,,,,
50,Fullerton,1,FTF,22990 + 49991,Women's Studies,Information,,,,,,
50,Fullerton,1,FTF,22990 + 49991,Women's Studies,"Professional, Scientific, & Technical Skills",,,,,,
50,Fullerton,1,FTF,22990 + 49991,Women's Studies,Admin & Support & Waste Mgmt & Remediation,,,,,,
50,Fullerton,1,FTF,22990 + 49991,Women's Studies,Educational Services,,,,,,
50,Fullerton,1,FTF,22990 + 49991,Women's Studies,Health Care & Social Assistance,,,,,,
50,Fullerton,1,FTF,22990 + 49991,Women's Studies,"Arts, Entertainment, & Recreation",,,,,,
50,Fullerton,1,FTF,22990 + 49991,Women's Studies,Accommodation & Food Services,,,,,,
50,Fullerton,1,FTF,22990 + 49991,Women's Studies,Other Services,,,,,,
50,Fullerton,1,FTF,22990 + 49991,Women's Studies,No Wages,29,,,36,,
50,Fullerton,1,FTF,22990 + 49991,Women's Studies,Wages - No NAICS Code,,,,,,
50,Fullerton,1,FTF,22991,Ethnic Studies,Construction,,,,,,
50,Fullerton,1,FTF,22991,Ethnic Studies,Manufacturing,,,,,,
50,Fullerton,1,FTF,22991,Ethnic Studies,Wholesale Trade,,,,,,
50,Fullerton,1,FTF,22991,Ethnic Studies,Retail Trade,,,,,,
50,Fullerton,1,FTF,22991,Ethnic Studies,Information,,,,,,
50,Fullerton,1,FTF,22991,Ethnic Studies,Finance & Insurance,6,"$40,005","$40,088",6,"$58,105","$63,642"
50,Fullerton,1,FTF,22991,Ethnic Studies,Real Estate & Rental & Leasing,,,,,,
50,Fullerton,1,FTF,22991,Ethnic Studies,"Professional, Scientific, & Technical Skills",6,"$52,226","$54,188",,,
50,Fullerton,1,FTF,22991,Ethnic Studies,Admin & Support & Waste Mgmt & Remediation,,,,,,
50,Fullerton,1,FTF,22991,Ethnic Studies,Educational Services,8,"$15,804","$24,007",5,"$63,080","$59,155"
50,Fullerton,1,FTF,22991,Ethnic Studies,Health Care & Social Assistance,,,,,,
50,Fullerton,1,FTF,22991,Ethnic Studies,"Arts, Entertainment, & Recreation",,,,,,
50,Fullerton,1,FTF,22991,Ethnic Studies,Accommodation & Food Services,,,,,,
50,Fullerton,1,FTF,22991,Ethnic Studies,Other Services,,,,,,
50,Fullerton,1,FTF,22991,Ethnic Studies,Government,,,,,,
50,Fullerton,1,FTF,22991,Ethnic Studies,No Wages,51,,,82,,
50,Fullerton,1,FTF,22991,Ethnic Studies,Wages - No NAICS Code,,,,,,
50,Fullerton,1,FTF,49012 + 49017,Women's Studies,"Agriculture, Forestry, Fishing, & Hunting",,,,,,
50,Fullerton,1,FTF,49012 + 49017,Women's Studies,Construction,11,"$48,992","$46,806",6,"$63,568","$56,266"
50,Fullerton,1,FTF,49012 + 49017,Women's Studies,Manufacturing,5,"$47,135","$44,887",,,
50,Fullerton,1,FTF,49012 + 49017,Women's Studies,Wholesale Trade,8,"$48,112","$47,846",,,
50,Fullerton,1,FTF,49012 + 49017,Women's Studies,Retail Trade,16,"$35,276","$36,448",8,"$29,959","$32,111"
50,Fullerton,1,FTF,49012 + 49017,Women's Studies,Transportation & Warehousing,7,"$42,072","$40,147",,,
50,Fullerton,1,FTF,49012 + 49017,Women's Studies,Information,,,,,,
50,Fullerton,1,FTF,49012 + 49017,Women's Studies,Finance & Insurance,22,"$56,749","$57,979",14,"$54,726","$58,200"
50,Fullerton,1,FTF,49012 + 49017,Women's Studies,Real Estate & Rental & Leasing,11,"$45,854","$49,461",5,"$61,897","$68,445"
50,Fullerton,1,FTF,49012 + 49017,Women's Studies,"Professional, Scientific, & Technical Skills",20,"$36,479","$39,425",8,"$59,901","$58,057"
50,Fullerton,1,FTF,49012 + 49017,Women's Studies,Management of Companies & Enterprises,,,,,,
50,Fullerton,1,FTF,49012 + 49017,Women's Studies,Admin & Support & Waste Mgmt & Remediation,6,"$43,155","$43,813",,,
50,Fullerton,1,FTF,49012 + 49017,Women's Studies,Educational Services,163,"$52,177","$46,327",94,"$65,741","$57,688"
50,Fullerton,1,FTF,49012 + 49017,Women's Studies,Health Care & Social Assistance,18,"$31,328","$31,940",8,"$45,243","$42,281"
50,Fullerton,1,FTF,49012 + 49017,Women's Studies,"Arts, Entertainment, & Recreation",8,"$32,497","$32,077",,,
50,Fullerton,1,FTF,49012 + 49017,Women's Studies,Accommodation & Food Services,15,"$27,269","$29,137",,,
50,Fullerton,1,FTF,49012 + 49017,Women's Studies,Other Services,10,"$37,150","$33,998",10,"$45,692","$47,020"
50,Fullerton,1,FTF,49012 + 49017,Women's Studies,Government,8,"$26,496","$24,342",,,
50,Fullerton,1,FTF,49012 + 49017,Women's Studies,No Wages,277,,,441,,
50,Fullerton,1,FTF,49012 + 49017,Women's Studies,Wages - No NAICS Code,10,"$12,563","$15,215",,,
50,Fullerton,1,FTT,00121 + 12031 + 12032,Nursing,"Agriculture, Forestry, Fishing, & Hunting",,,,,,
50,Fullerton,1,FTT,00121 + 12031 + 12032,Nursing,Manufacturing,,,,,,
50,Fullerton,1,FTT,00121 + 12031 + 12032,Nursing,Wholesale Trade,,,,,,
50,Fullerton,1,FTT,00121 + 12031 + 12032,Nursing,Retail Trade,,,,,,
50,Fullerton,1,FTT,00121 + 12031 + 12032,Nursing,Finance & Insurance,5,"$94,860","$85,193",,,
50,Fullerton,1,FTT,00121 + 12031 + 12032,Nursing,"Professional, Scientific, & Technical Skills",,,,,,
50,Fullerton,1,FTT,00121 + 12031 + 12032,Nursing,Admin & Support & Waste Mgmt & Remediation,6,"$95,380","$82,790",,,
50,Fullerton,1,FTT,00121 + 12031 + 12032,Nursing,Educational Services,39,"$90,660","$87,112",25,"$93,523","$88,323"
50,Fullerton,1,FTT,00121 + 12031 + 12032,Nursing,Health Care & Social Assistance,457,"$102,819","$105,251",158,"$105,130","$108,020"
50,Fullerton,1,FTT,00121 + 12031 + 12032,Nursing,"Arts, Entertainment, & Recreation",,,,,,
50,Fullerton,1,FTT,00121 + 12031 + 12032,Nursing,Government,29,"$98,561","$102,339",13,"$102,930","$106,303"
50,Fullerton,1,FTT,00121 + 12031 + 12032,Nursing,No Wages,608,,,956,,
50,Fullerton,1,FTT,00121 + 12031 + 12032,Nursing,Wages - No NAICS Code,6,"$44,159","$66,202",,,
50,Fullerton,1,FTT,03011 + 03021 + 03071,Asian/East Asian Studies,"Professional, Scientific, & Technical Skills",,,,,,
50,Fullerton,1,FTT,03011 + 03021 + 03071,Asian/East Asian Studies,No Wages,,,,,,
50,Fullerton,1,FTT,03081 + 03085,Latin/Central American Studies,Information,,,,,,
50,Fullerton,1,FTT,03081 + 03085,Latin/Central American Studies,Finance & Insurance,,,,,,
50,Fullerton,1,FTT,03081 + 03085,Latin/Central American Studies,Educational Services,,,,,,
50,Fullerton,1,FTT,03081 + 03085,Latin/Central American Studies,Health Care & Social Assistance,,,,,,
50,Fullerton,1,FTT,03081 + 03085,Latin/Central American Studies,Non-Classified,,,,,,
50,Fullerton,1,FTT,03081 + 03085,Latin/Central American Studies,No Wages,14,,,21,,
50,Fullerton,1,FTT,03081 + 03085,Latin/Central American Studies,Wages - No NAICS Code,,,,,,
50,Fullerton,1,FTT,03101 + 03121 + 03122,European Studies,Information,,,,,,
50,Fullerton,1,FTT,03101 + 03121 + 03122,European Studies,Admin & Support & Waste Mgmt & Remediation,,,,,,
50,Fullerton,1,FTT,03101 + 03121 + 03122,European Studies,No Wages,,,,6,,
50,Fullerton,1,FTT,03101 + 03121 + 03122,European Studies,Wages - No NAICS Code,,,,,,
50,Fullerton,1,FTT,03131,American Studies,Construction,6,"$21,007","$46,922",,,
50,Fullerton,1,FTT,03131,American Studies,Manufacturing,,,,,,
50,Fullerton,1,FTT,03131,American Studies,Wholesale Trade,7,"$41,525","$43,662",,,
50,Fullerton,1,FTT,03131,American Studies,Retail Trade,17,"$37,013","$37,478",6,"$46,445","$43,303"
50,Fullerton,1,FTT,03131,American Studies,Transportation & Warehousing,,,,,,
50,Fullerton,1,FTT,03131,American Studies,Information,,,,,,
50,Fullerton,1,FTT,03131,American Studies,Finance & Insurance,8,"$61,383","$87,677",7,"$57,168","$61,015"
50,Fullerton,1,FTT,03131,American Studies,Real Estate & Rental & Leasing,,,,,,
50,Fullerton,1,FTT,03131,American Studies,"Professional, Scientific, & Technical Skills",9,"$43,254","$45,629",6,"$60,974","$62,089"
50,Fullerton,1,FTT,03131,American Studies,Admin & Support & Waste Mgmt & Remediation,15,"$45,441","$49,715",,,
50,Fullerton,1,FTT,03131,American Studies,Educational Services,44,"$54,391","$47,666",34,"$68,258","$59,344"
50,Fullerton,1,FTT,03131,American Studies,Health Care & Social Assistance,5,"$30,969","$32,186",,,
50,Fullerton,1,FTT,03131,American Studies,"Arts, Entertainment, & Recreation",5,"$32,673","$33,778",7,"$47,623","$39,328"
50,Fullerton,1,FTT,03131,American Studies,Accommodation & Food Services,5,"$39,931","$42,636",,,
50,Fullerton,1,FTT,03131,American Studies,Other Services,,,,,,
50,Fullerton,1,FTT,03131,American Studies,Non-Classified,,,,,,
50,Fullerton,1,FTT,03131,American Studies,Government,9,"$66,241","$69,636",7,"$105,454","$87,875"
50,Fullerton,1,FTT,03131,American Studies,No Wages,93,,,149,,
50,Fullerton,1,FTT,03131,American Studies,Wages - No NAICS Code,7,"$46,661","$41,636",6,"$20,940","$24,292"
50,Fullerton,1,FTT,04011,Biology,"Agriculture, Forestry, Fishing, & Hunting",,,,,,
50,Fullerton,1,FTT,04011,Biology,Utilities,,,,,,
50,Fullerton,1,FTT,04011,Biology,Construction,,,,,,
50,Fullerton,1,FTT,04011,Biology,Manufacturing,28,"$56,774","$62,542",12,"$78,173","$75,015"
50,Fullerton,1,FTT,04011,Biology,Wholesale Trade,18,"$63,672","$66,078",7,"$90,267","$85,003"
50,Fullerton,1,FTT,04011,Biology,Retail Trade,23,"$52,003","$56,817",19,"$75,976","$93,515"
50,Fullerton,1,FTT,04011,Biology,Transportation & Warehousing,,,,,,
50,Fullerton,1,FTT,04011,Biology,Information,,,,,,
50,Fullerton,1,FTT,04011,Biology,Finance & Insurance,10,"$57,989","$56,247",9,"$64,255","$69,815"
50,Fullerton,1,FTT,04011,Biology,Real Estate & Rental & Leasing,,,,,,
50,Fullerton,1,FTT,04011,Biology,"Professional, Scientific, & Technical Skills",39,"$59,333","$59,218",31,"$64,210","$63,135"
50,Fullerton,1,FTT,04011,Biology,Management of Companies & Enterprises,,,,,,
50,Fullerton,1,FTT,04011,Biology,Admin & Support & Waste Mgmt & Remediation,30,"$39,648","$45,775",10,"$45,854","$56,950"
50,Fullerton,1,FTT,04011,Biology,Educational Services,60,"$51,938","$48,325",37,"$70,582","$64,784"
50,Fullerton,1,FTT,04011,Biology,Health Care & Social Assistance,64,"$48,033","$54,663",35,"$77,960","$82,494"
50,Fullerton,1,FTT,04011,Biology,"Arts, Entertainment, & Recreation",,,,,,
50,Fullerton,1,FTT,04011,Biology,Accommodation & Food Services,8,"$35,343","$37,567",5,"$52,543","$56,952"
50,Fullerton,1,FTT,04011,Biology,Other Services,5,"$21,099","$27,789",,,
50,Fullerton,1,FTT,04011,Biology,Government,13,"$66,962","$56,862",15,"$79,618","$82,773"
50,Fullerton,1,FTT,04011,Biology,No Wages,419,,,559,,
50,Fullerton,1,FTT,04011,Biology,Wages - No NAICS Code,16,"$26,742","$30,988",7,"$9,227","$23,597"
50,Fullerton,1,FTT,04141,Biochemistry,"Agriculture, Forestry, Fishing, & Hunting",,,,,,
50,Fullerton,1,FTT,04141,Biochemistry,Construction,,,,,,
50,Fullerton,1,FTT,04141,Biochemistry,Manufacturing,19,"$64,040","$61,278",10,"$82,590","$82,492"
50,Fullerton,1,FTT,04141,Biochemistry,Wholesale Trade,,,,,,
50,Fullerton,1,FTT,04141,Biochemistry,Retail Trade,10,"$42,357","$61,139",,,
50,Fullerton,1,FTT,04141,Biochemistry,Transportation & Warehousing,,,,,,
50,Fullerton,1,FTT,04141,Biochemistry,Finance & Insurance,,,,,,
50,Fullerton,1,FTT,04141,Biochemistry,Real Estate & Rental & Leasing,,,,,,
50,Fullerton,1,FTT,04141,Biochemistry,"Professional, Scientific, & Technical Skills",15,"$37,344","$43,508",5,"$57,539","$65,192"
50,Fullerton,1,FTT,04141,Biochemistry,Admin & Support & Waste Mgmt & Remediation,,,,,,
50,Fullerton,1,FTT,04141,Biochemistry,Educational Services,7,"$32,396","$26,641",,,
50,Fullerton,1,FTT,04141,Biochemistry,Health Care & Social Assistance,19,"$61,961","$58,857",10,"$69,489","$70,954"
50,Fullerton,1,FTT,04141,Biochemistry,Accommodation & Food Services,,,,,,
50,Fullerton,1,FTT,04141,Biochemistry,Other Services,,,,,,
50,Fullerton,1,FTT,04141,Biochemistry,Government,,,,,,
50,Fullerton,1,FTT,04141,Biochemistry,No Wages,121,,,166,,
50,Fullerton,1,FTT,04141,Biochemistry,Wages - No NAICS Code,,,,,,
50,Fullerton,1,FTT,04171,Cell and Molecular Biology,No Wages,,,,,,
50,Fullerton,1,FTT,05011,Business Administration,"Agriculture, Forestry, Fishing, & Hunting",24,"$34,043","$52,048",17,"$23,790","$50,332"
50,Fullerton,1,FTT,05011,Business Administration,Mining,,,,,,
50,Fullerton,1,FTT,05011,Business Administration,Utilities,48,"$79,062","$82,101",40,"$95,310","$99,212"
50,Fullerton,1,FTT,05011,Business Administration,Construction,230,"$60,111","$66,301",132,"$70,986","$83,072"
50,Fullerton,1,FTT,05011,Business Administration,Manufacturing,726,"$60,880","$65,720",411,"$76,472","$83,987"
50,Fullerton,1,FTT,05011,Business Administration,Wholesale Trade,760,"$56,878","$62,379",378,"$70,020","$82,970"
50,Fullerton,1,FTT,05011,Business Administration,Retail Trade,561,"$52,048","$53,478",245,"$63,271","$66,692"
50,Fullerton,1,FTT,05011,Business Administration,Transportation & Warehousing,142,"$52,002","$63,836",80,"$70,024","$126,704"
50,Fullerton,1,FTT,05011,Business Administration,Information,269,"$64,463","$68,531",133,"$74,575","$92,945"
50,Fullerton,1,FTT,05011,Business Administration,Finance & Insurance,"1,434","$59,946","$66,634",739,"$75,846","$86,825"
50,Fullerton,1,FTT,05011,Business Administration,Real Estate & Rental & Leasing,377,"$56,833","$59,786",214,"$66,591","$75,968"
50,Fullerton,1,FTT,05011,Business Administration,"Professional, Scientific, & Technical Skills","1,115","$61,726","$63,750",548,"$76,842","$82,474"
50,Fullerton,1,FTT,05011,Business Administration,Management of Companies & Enterprises,54,"$60,643","$59,188",19,"$70,700","$71,827"
50,Fullerton,1,FTT,05011,Business Administration,Admin & Support & Waste Mgmt & Remediation,583,"$46,068","$50,924",249,"$55,317","$62,934"
50,Fullerton,1,FTT,05011,Business Administration,Educational Services,297,"$49,484","$47,854",173,"$56,412","$57,097"
50,Fullerton,1,FTT,05011,Business Administration,Health Care & Social Assistance,319,"$47,083","$51,551",197,"$53,129","$57,963"
50,Fullerton,1,FTT,05011,Business Administration,"Arts, Entertainment, & Recreation",105,"$40,865","$46,201",59,"$47,154","$47,668"
50,Fullerton,1,FTT,05011,Business Administration,Accommodation & Food Services,245,"$37,748","$41,682",104,"$43,932","$51,083"
50,Fullerton,1,FTT,05011,Business Administration,Other Services,151,"$48,759","$55,024",82,"$51,635","$56,612"
50,Fullerton,1,FTT,05011,Business Administration,Non-Classified,23,"$21,111","$36,802",12,"$17,992","$38,919"
50,Fullerton,1,FTT,05011,Business Administration,Government,306,"$65,135","$67,708",234,"$77,398","$79,753"
50,Fullerton,1,FTT,05011,Business Administration,No Wages,"6,864",,,"10,768",,
50,Fullerton,1,FTT,05011,Business Administration,Wages - No NAICS Code,434,"$12,757","$30,137",234,"$19,393","$46,834"
50,Fullerton,1,FTT,05021,Accounting,No Wages,5,,,5,,
50,Fullerton,1,FTT,05041,Finance,No Wages,5,,,5,,
50,Fullerton,1,FTT,05091,Marketing,Construction,,,,,,
50,Fullerton,1,FTT,05091,Marketing,No Wages,,,,,,
50,Fullerton,1,FTT,05131,International Business,Utilities,,,,,,
50,Fullerton,1,FTT,05131,International Business,Construction,7,"$31,450","$39,138",,,
50,Fullerton,1,FTT,05131,International Business,Manufacturing,24,"$58,607","$64,363",20,"$76,551","$76,398"
50,Fullerton,1,FTT,05131,International Business,Wholesale Trade,61,"$49,809","$49,207",30,"$66,884","$65,612"
50,Fullerton,1,FTT,05131,International Business,Retail Trade,25,"$42,826","$54,463",17,"$52,399","$54,979"
50,Fullerton,1,FTT,05131,International Business,Transportation & Warehousing,19,"$47,419","$56,564",13,"$51,989","$60,354"
50,Fullerton,1,FTT,05131,International Business,Information,6,"$61,463","$61,559",8,"$62,332","$61,155"
50,Fullerton,1,FTT,05131,International Business,Finance & Insurance,42,"$52,580","$62,479",27,"$69,326","$75,984"
50,Fullerton,1,FTT,05131,International Business,Real Estate & Rental & Leasing,13,"$37,566","$42,564",6,"$38,494","$42,321"
50,Fullerton,1,FTT,05131,International Business,"Professional, Scientific, & Technical Skills",25,"$48,790","$53,866",14,"$61,785","$66,247"
50,Fullerton,1,FTT,05131,International Business,Management of Companies & Enterprises,,,,,,
50,Fullerton,1,FTT,05131,International Business,Admin & Support & Waste Mgmt & Remediation,15,"$53,925","$59,072",12,"$43,201","$64,681"
50,Fullerton,1,FTT,05131,International Business,Educational Services,11,"$22,056","$30,040",9,"$60,883","$49,703"
50,Fullerton,1,FTT,05131,International Business,Health Care & Social Assistance,,,,,,
50,Fullerton,1,FTT,05131,International Business,"Arts, Entertainment, & Recreation",6,"$53,326","$48,659",5,"$75,468","$72,786"
50,Fullerton,1,FTT,05131,International Business,Accommodation & Food Services,6,"$40,253","$33,801",5,"$16,952","$31,595"
50,Fullerton,1,FTT,05131,International Business,Other Services,,,,5,"$60,040","$51,098"
50,Fullerton,1,FTT,05131,International Business,Non-Classified,,,,,,
50,Fullerton,1,FTT,05131,International Business,Government,9,"$56,220","$51,059",7,"$58,721","$68,218"
50,Fullerton,1,FTT,05131,International Business,No Wages,242,,,340,,
50,Fullerton,1,FTT,05131,International Business,Wages - No NAICS Code,14,"$10,368","$20,788",8,"$17,153","$26,109"
50,Fullerton,1,FTT,06011,Communications,"Agriculture, Forestry, Fishing, & Hunting",11,"$28,978","$37,558",5,"$2,413","$33,739"
50,Fullerton,1,FTT,06011,Communications,Utilities,16,"$53,123","$60,427",11,"$73,487","$72,251"
50,Fullerton,1,FTT,06011,Communications,Construction,73,"$50,999","$64,853",33,"$64,718","$67,474"
50,Fullerton,1,FTT,06011,Communications,Manufacturing,163,"$57,369","$59,610",88,"$74,352","$80,770"
50,Fullerton,1,FTT,06011,Communications,Wholesale Trade,287,"$55,602","$61,359",133,"$86,559","$89,853"
50,Fullerton,1,FTT,06011,Communications,Retail Trade,293,"$39,428","$42,463",114,"$52,555","$54,874"
50,Fullerton,1,FTT,06011,Communications,Transportation & Warehousing,54,"$44,920","$51,711",27,"$56,262","$56,888"
50,Fullerton,1,FTT,06011,Communications,Information,369,"$49,522","$53,658",174,"$63,255","$73,087"
50,Fullerton,1,FTT,06011,Communications,Finance & Insurance,314,"$53,334","$55,721",148,"$65,542","$71,500"
50,Fullerton,1,FTT,06011,Communications,Real Estate & Rental & Leasing,114,"$50,094","$49,601",47,"$60,769","$64,131"
50,Fullerton,1,FTT,06011,Communications,"Professional, Scientific, & Technical Skills",541,"$52,409","$55,258",226,"$66,013","$70,919"
50,Fullerton,1,FTT,06011,Communications,Management of Companies & Enterprises,16,"$59,888","$61,032",,,
50,Fullerton,1,FTT,06011,Communications,Admin & Support & Waste Mgmt & Remediation,236,"$44,606","$48,370",105,"$49,120","$55,339"
50,Fullerton,1,FTT,06011,Communications,Educational Services,216,"$33,251","$34,906",135,"$46,944","$45,661"
50,Fullerton,1,FTT,06011,Communications,Health Care & Social Assistance,149,"$37,727","$43,371",80,"$48,106","$54,323"
50,Fullerton,1,FTT,06011,Communications,"Arts, Entertainment, & Recreation",153,"$38,625","$40,652",62,"$49,619","$47,114"
50,Fullerton,1,FTT,06011,Communications,Accommodation & Food Services,231,"$32,156","$35,609",71,"$38,078","$43,412"
50,Fullerton,1,FTT,06011,Communications,Other Services,96,"$44,118","$40,307",49,"$50,651","$54,070"
50,Fullerton,1,FTT,06011,Communications,Non-Classified,10,"$43,525","$44,741",,,
50,Fullerton,1,FTT,06011,Communications,Government,94,"$59,983","$65,992",67,"$74,525","$82,952"
50,Fullerton,1,FTT,06011,Communications,No Wages,"2,757",,,"4,681",,
50,Fullerton,1,FTT,06011,Communications,Wages - No NAICS Code,169,"$8,181","$19,806",99,"$7,974","$22,391"
50,Fullerton,1,FTT,06031,Radio/Television/Broadcast,"Agriculture, Forestry, Fishing, & Hunting",,,,,,
50,Fullerton,1,FTT,06031,Radio/Television/Broadcast,Utilities,,,,,,
50,Fullerton,1,FTT,06031,Radio/Television/Broadcast,Construction,9,"$56,787","$57,648",,,
50,Fullerton,1,FTT,06031,Radio/Television/Broadcast,Manufacturing,18,"$36,820","$38,345",12,"$54,225","$51,703"
50,Fullerton,1,FTT,06031,Radio/Television/Broadcast,Wholesale Trade,22,"$44,188","$46,992",9,"$63,182","$61,239"
50,Fullerton,1,FTT,06031,Radio/Television/Broadcast,Retail Trade,49,"$36,293","$37,319",13,"$36,245","$36,979"
50,Fullerton,1,FTT,06031,Radio/Television/Broadcast,Transportation & Warehousing,9,"$29,085","$30,494",,,
50,Fullerton,1,FTT,06031,Radio/Television/Broadcast,Information,137,"$45,354","$46,778",58,"$58,103","$63,876"
50,Fullerton,1,FTT,06031,Radio/Television/Broadcast,Finance & Insurance,27,"$42,309","$44,907",18,"$45,077","$60,385"
50,Fullerton,1,FTT,06031,Radio/Television/Broadcast,Real Estate & Rental & Leasing,15,"$32,416","$33,377",5,"$65,010","$51,484"
50,Fullerton,1,FTT,06031,Radio/Television/Broadcast,"Professional, Scientific, & Technical Skills",73,"$49,121","$46,512",32,"$39,801","$57,680"
50,Fullerton,1,FTT,06031,Radio/Television/Broadcast,Management of Companies & Enterprises,,,,,,
50,Fullerton,1,FTT,06031,Radio/Television/Broadcast,Admin & Support & Waste Mgmt & Remediation,35,"$42,174","$40,721",20,"$36,551","$50,208"
50,Fullerton,1,FTT,06031,Radio/Television/Broadcast,Educational Services,36,"$30,038","$33,756",19,"$43,724","$46,478"
50,Fullerton,1,FTT,06031,Radio/Television/Broadcast,Health Care & Social Assistance,18,"$40,083","$47,396",5,"$49,829","$48,442"
50,Fullerton,1,FTT,06031,Radio/Television/Broadcast,"Arts, Entertainment, & Recreation",47,"$26,288","$31,125",16,"$35,404","$64,041"
50,Fullerton,1,FTT,06031,Radio/Television/Broadcast,Accommodation & Food Services,38,"$21,530","$24,923",10,"$25,309","$35,650"
50,Fullerton,1,FTT,06031,Radio/Television/Broadcast,Other Services,10,"$30,896","$29,378",5,"$48,182","$41,679"
50,Fullerton,1,FTT,06031,Radio/Television/Broadcast,Government,19,"$51,200","$50,526",8,"$63,208","$77,841"
50,Fullerton,1,FTT,06031,Radio/Television/Broadcast,No Wages,563,,,920,,
50,Fullerton,1,FTT,06031,Radio/Television/Broadcast,Wages - No NAICS Code,37,"$8,231","$15,113",10,"$8,073","$30,144"
50,Fullerton,1,FTT,07011 + 07012 + 07028,Graphic Communications,"Agriculture, Forestry, Fishing, & Hunting",,,,,,
50,Fullerton,1,FTT,07011 + 07012 + 07028,Graphic Communications,Utilities,,,,,,
50,Fullerton,1,FTT,07011 + 07012 + 07028,Graphic Communications,Construction,,,,,,
50,Fullerton,1,FTT,07011 + 07012 + 07028,Graphic Communications,Manufacturing,69,"$81,152","$78,813",43,"$90,875","$89,599"
50,Fullerton,1,FTT,07011 + 07012 + 07028,Graphic Communications,Wholesale Trade,31,"$62,644","$66,433",19,"$70,051","$71,676"
50,Fullerton,1,FTT,07011 + 07012 + 07028,Graphic Communications,Retail Trade,18,"$57,081","$53,331",10,"$51,664","$59,128"
50,Fullerton,1,FTT,07011 + 07012 + 07028,Graphic Communications,Transportation & Warehousing,,,,6,"$63,163","$65,289"
50,Fullerton,1,FTT,07011 + 07012 + 07028,Graphic Communications,Information,36,"$80,339","$78,349",27,"$101,384","$111,007"
50,Fullerton,1,FTT,07011 + 07012 + 07028,Graphic Communications,Finance & Insurance,28,"$69,379","$73,538",16,"$82,645","$89,822"
50,Fullerton,1,FTT,07011 + 07012 + 07028,Graphic Communications,Real Estate & Rental & Leasing,5,"$55,932","$56,053",,,
50,Fullerton,1,FTT,07011 + 07012 + 07028,Graphic Communications,"Professional, Scientific, & Technical Skills",107,"$79,864","$79,150",59,"$91,276","$90,718"
50,Fullerton,1,FTT,07011 + 07012 + 07028,Graphic Communications,Management of Companies & Enterprises,,,,,,
50,Fullerton,1,FTT,07011 + 07012 + 07028,Graphic Communications,Admin & Support & Waste Mgmt & Remediation,22,"$59,895","$60,748",21,"$102,192","$87,919"
50,Fullerton,1,FTT,07011 + 07012 + 07028,Graphic Communications,Educational Services,15,"$56,354","$54,525",9,"$62,067","$51,151"
50,Fullerton,1,FTT,07011 + 07012 + 07028,Graphic Communications,Health Care & Social Assistance,10,"$40,596","$38,558",6,"$27,265","$39,608"
50,Fullerton,1,FTT,07011 + 07012 + 07028,Graphic Communications,"Arts, Entertainment, & Recreation",5,"$77,964","$74,262",,,
50,Fullerton,1,FTT,07011 + 07012 + 07028,Graphic Communications,Other Services,,,,,,
50,Fullerton,1,FTT,07011 + 07012 + 07028,Graphic Communications,Non-Classified,,,,,,
50,Fullerton,1,FTT,07011 + 07012 + 07028,Graphic Communications,Government,8,"$70,681","$74,457",10,"$80,633","$77,713"
50,Fullerton,1,FTT,07011 + 07012 + 07028,Graphic Communications,No Wages,253,,,379,,
50,Fullerton,1,FTT,07011 + 07012 + 07028,Graphic Communications,Wages - No NAICS Code,6,"$7,991","$15,175",10,"$14,945","$33,887"
50,Fullerton,1,FTT,07021,Information Systems,No Wages,,,,,,
50,Fullerton,1,FTT,08231 + 08232,Child Development,"Agriculture, Forestry, Fishing, & Hunting",,,,5,"$16,412","$29,394"
50,Fullerton,1,FTT,08231 + 08232,Child Development,Utilities,,,,,,
50,Fullerton,1,FTT,08231 + 08232,Child Development,Construction,20,"$44,455","$42,812",8,"$42,357","$49,521"
50,Fullerton,1,FTT,08231 + 08232,Child Development,Manufacturing,27,"$46,393","$42,160",19,"$58,427","$55,923"
50,Fullerton,1,FTT,08231 + 08232,Child Development,Wholesale Trade,27,"$48,378","$48,963",20,"$46,880","$53,755"
50,Fullerton,1,FTT,08231 + 08232,Child Development,Retail Trade,72,"$28,637","$28,092",39,"$35,410","$32,928"
50,Fullerton,1,FTT,08231 + 08232,Child Development,Transportation & Warehousing,14,"$44,874","$46,825",6,"$45,364","$45,758"
50,Fullerton,1,FTT,08231 + 08232,Child Development,Information,21,"$47,328","$51,456",10,"$46,975","$41,231"
50,Fullerton,1,FTT,08231 + 08232,Child Development,Finance & Insurance,67,"$49,506","$47,530",19,"$40,301","$47,539"
50,Fullerton,1,FTT,08231 + 08232,Child Development,Real Estate & Rental & Leasing,20,"$42,256","$38,924",6,"$52,662","$51,991"
50,Fullerton,1,FTT,08231 + 08232,Child Development,"Professional, Scientific, & Technical Skills",49,"$40,983","$45,615",29,"$47,340","$56,923"
50,Fullerton,1,FTT,08231 + 08232,Child Development,Admin & Support & Waste Mgmt & Remediation,36,"$30,918","$29,996",19,"$33,637","$35,410"
50,Fullerton,1,FTT,08231 + 08232,Child Development,Educational Services,939,"$47,425","$43,533",560,"$59,496","$53,241"
50,Fullerton,1,FTT,08231 + 08232,Child Development,Health Care & Social Assistance,291,"$32,500","$32,838",137,"$39,895","$38,592"
50,Fullerton,1,FTT,08231 + 08232,Child Development,"Arts, Entertainment, & Recreation",20,"$26,011","$26,483",15,"$20,959","$28,688"
50,Fullerton,1,FTT,08231 + 08232,Child Development,Accommodation & Food Services,50,"$23,724","$27,092",28,"$26,008","$29,533"
50,Fullerton,1,FTT,08231 + 08232,Child Development,Other Services,65,"$27,419","$29,036",27,"$34,304","$37,815"
50,Fullerton,1,FTT,08231 + 08232,Child Development,Non-Classified,,,,,,
50,Fullerton,1,FTT,08231 + 08232,Child Development,Government,70,"$54,204","$50,926",44,"$68,025","$66,003"
50,Fullerton,1,FTT,08231 + 08232,Child Development,No Wages,"1,403",,,"2,241",,
50,Fullerton,1,FTT,08231 + 08232,Child Development,Wages - No NAICS Code,81,"$4,187","$7,962",44,"$4,547","$9,189"
50,Fullerton,1,FTT,08351,Kinesiology,"Agriculture, Forestry, Fishing, & Hunting",,,,,,
50,Fullerton,1,FTT,08351,Kinesiology,Utilities,,,,,,
50,Fullerton,1,FTT,08351,Kinesiology,Construction,13,"$37,745","$48,691",5,"$48,991","$69,840"
50,Fullerton,1,FTT,08351,Kinesiology,Manufacturing,21,"$49,989","$50,413",7,"$45,478","$43,692"
50,Fullerton,1,FTT,08351,Kinesiology,Wholesale Trade,31,"$63,336","$61,915",14,"$63,910","$71,946"
50,Fullerton,1,FTT,08351,Kinesiology,Retail Trade,49,"$26,172","$34,448",17,"$41,374","$53,224"
50,Fullerton,1,FTT,08351,Kinesiology,Transportation & Warehousing,12,"$40,612","$48,212",8,"$37,483","$49,667"
50,Fullerton,1,FTT,08351,Kinesiology,Information,16,"$45,018","$45,345",8,"$20,337","$41,713"
50,Fullerton,1,FTT,08351,Kinesiology,Finance & Insurance,28,"$51,623","$47,900",16,"$70,519","$78,979"
50,Fullerton,1,FTT,08351,Kinesiology,Real Estate & Rental & Leasing,21,"$46,591","$49,320",8,"$51,991","$56,187"
50,Fullerton,1,FTT,08351,Kinesiology,"Professional, Scientific, & Technical Skills",24,"$53,042","$51,099",13,"$59,612","$56,143"
50,Fullerton,1,FTT,08351,Kinesiology,Management of Companies & Enterprises,,,,,,
50,Fullerton,1,FTT,08351,Kinesiology,Admin & Support & Waste Mgmt & Remediation,28,"$42,858","$42,072",11,"$24,407","$44,591"
50,Fullerton,1,FTT,08351,Kinesiology,Educational Services,175,"$45,817","$43,031",95,"$66,762","$60,339"
50,Fullerton,1,FTT,08351,Kinesiology,Health Care & Social Assistance,172,"$37,051","$41,804",76,"$56,738","$54,445"
50,Fullerton,1,FTT,08351,Kinesiology,"Arts, Entertainment, & Recreation",75,"$32,290","$30,517",25,"$31,340","$37,878"
50,Fullerton,1,FTT,08351,Kinesiology,Accommodation & Food Services,48,"$24,861","$28,526",14,"$42,253","$41,605"
50,Fullerton,1,FTT,08351,Kinesiology,Other Services,25,"$46,140","$46,322",7,"$42,704","$40,361"
50,Fullerton,1,FTT,08351,Kinesiology,Government,56,"$56,709","$62,336",31,"$71,241","$81,398"
50,Fullerton,1,FTT,08351,Kinesiology,No Wages,"1,060",,,"1,508",,
50,Fullerton,1,FTT,08351,Kinesiology,Wages - No NAICS Code,28,"$2,708","$13,784",18,"$11,902","$23,327"
50,Fullerton,1,FTT,08375,Athletic Training,Health Care & Social Assistance,,,,,,
50,Fullerton,1,FTT,08375,Athletic Training,No Wages,14,,,15,,
50,Fullerton,1,FTT,09011 + 09012 + 09013,Engineering,Utilities,,,,,,
50,Fullerton,1,FTT,09011 + 09012 + 09013,Engineering,Construction,,,,,,
50,Fullerton,1,FTT,09011 + 09012 + 09013,Engineering,Manufacturing,10,"$72,549","$68,376",9,"$97,226","$101,815"
50,Fullerton,1,FTT,09011 + 09012 + 09013,Engineering,Wholesale Trade,,,,6,"$78,336","$75,192"
50,Fullerton,1,FTT,09011 + 09012 + 09013,Engineering,Retail Trade,,,,,,
50,Fullerton,1,FTT,09011 + 09012 + 09013,Engineering,Transportation & Warehousing,,,,,,
50,Fullerton,1,FTT,09011 + 09012 + 09013,Engineering,"Professional, Scientific, & Technical Skills",11,"$81,634","$86,007",6,"$94,142","$119,817"
50,Fullerton,1,FTT,09011 + 09012 + 09013,Engineering,Admin & Support & Waste Mgmt & Remediation,,,,,,
50,Fullerton,1,FTT,09011 + 09012 + 09013,Engineering,Educational Services,,,,,,
50,Fullerton,1,FTT,09011 + 09012 + 09013,Engineering,Accommodation & Food Services,,,,,,
50,Fullerton,1,FTT,09011 + 09012 + 09013,Engineering,Government,,,,,,
50,Fullerton,1,FTT,09011 + 09012 + 09013,Engineering,No Wages,8,,,11,,
50,Fullerton,1,FTT,09011 + 09012 + 09013,Engineering,Wages - No NAICS Code,5,"$73,319","$57,131",6,"$97,750","$83,003"
50,Fullerton,1,FTT,09081,Civil Engineering,Utilities,,,,,,
50,Fullerton,1,FTT,09081,Civil Engineering,Construction,,,,,,
50,Fullerton,1,FTT,09081,Civil Engineering,Manufacturing,5,"$94,330","$85,298",,,
50,Fullerton,1,FTT,09081,Civil Engineering,Wholesale Trade,,,,,,
50,Fullerton,1,FTT,09081,Civil Engineering,Retail Trade,,,,,,
50,Fullerton,1,FTT,09081,Civil Engineering,Information,,,,,,
50,Fullerton,1,FTT,09081,Civil Engineering,Finance & Insurance,,,,,,
50,Fullerton,1,FTT,09081,Civil Engineering,"Professional, Scientific, & Technical Skills",21,"$64,670","$68,245",7,"$68,584","$57,622"
50,Fullerton,1,FTT,09081,Civil Engineering,Admin & Support & Waste Mgmt & Remediation,,,,,,
50,Fullerton,1,FTT,09081,Civil Engineering,Health Care & Social Assistance,,,,,,
50,Fullerton,1,FTT,09081,Civil Engineering,Accommodation & Food Services,,,,,,
50,Fullerton,1,FTT,09081,Civil Engineering,Government,8,"$69,101","$70,602",,,
50,Fullerton,1,FTT,09081,Civil Engineering,No Wages,101,,,136,,
50,Fullerton,1,FTT,09081,Civil Engineering,Wages - No NAICS Code,,,,,,
50,Fullerton,1,FTT,09091,Electrical Engineering,Utilities,5,"$104,199","$100,784",,,
50,Fullerton,1,FTT,09091,Electrical Engineering,Construction,,,,,,
50,Fullerton,1,FTT,09091,Electrical Engineering,Manufacturing,36,"$71,899","$69,882",15,"$83,031","$79,691"
50,Fullerton,1,FTT,09091,Electrical Engineering,Wholesale Trade,5,"$45,603","$44,434",,,
50,Fullerton,1,FTT,09091,Electrical Engineering,Retail Trade,,,,,,
50,Fullerton,1,FTT,09091,Electrical Engineering,Transportation & Warehousing,,,,,,
50,Fullerton,1,FTT,09091,Electrical Engineering,Information,,,,,,
50,Fullerton,1,FTT,09091,Electrical Engineering,"Professional, Scientific, & Technical Skills",15,"$74,461","$80,273",12,"$89,662","$91,467"
50,Fullerton,1,FTT,09091,Electrical Engineering,Admin & Support & Waste Mgmt & Remediation,,,,,,
50,Fullerton,1,FTT,09091,Electrical Engineering,Educational Services,,,,,,
50,Fullerton,1,FTT,09091,Electrical Engineering,Accommodation & Food Services,,,,,,
50,Fullerton,1,FTT,09091,Electrical Engineering,Other Services,,,,,,
50,Fullerton,1,FTT,09091,Electrical Engineering,Government,,,,,,
50,Fullerton,1,FTT,09091,Electrical Engineering,No Wages,84,,,124,,
50,Fullerton,1,FTT,09091,Electrical Engineering,Wages - No NAICS Code,,,,,,
50,Fullerton,1,FTT,09094,Computer Engineering,Manufacturing,,,,,,
50,Fullerton,1,FTT,09094,Computer Engineering,Information,,,,,,
50,Fullerton,1,FTT,09094,Computer Engineering,Finance & Insurance,,,,,,
50,Fullerton,1,FTT,09094,Computer Engineering,Admin & Support & Waste Mgmt & Remediation,,,,,,
50,Fullerton,1,FTT,09094,Computer Engineering,Educational Services,,,,,,
50,Fullerton,1,FTT,09094,Computer Engineering,No Wages,20,,,26,,
50,Fullerton,1,FTT,09094,Computer Engineering,Wages - No NAICS Code,,,,,,
50,Fullerton,1,FTT,09101,Mechanical Engineering,Mining,,,,,,
50,Fullerton,1,FTT,09101,Mechanical Engineering,Utilities,,,,,,
50,Fullerton,1,FTT,09101,Mechanical Engineering,Manufacturing,17,"$82,498","$82,703",,,
50,Fullerton,1,FTT,09101,Mechanical Engineering,Wholesale Trade,5,"$87,374","$97,139",,,
50,Fullerton,1,FTT,09101,Mechanical Engineering,Retail Trade,,,,,,
50,Fullerton,1,FTT,09101,Mechanical Engineering,"Professional, Scientific, & Technical Skills",6,"$63,571","$56,778",,,
50,Fullerton,1,FTT,09101,Mechanical Engineering,Management of Companies & Enterprises,,,,,,
50,Fullerton,1,FTT,09101,Mechanical Engineering,Admin & Support & Waste Mgmt & Remediation,,,,,,
50,Fullerton,1,FTT,09101,Mechanical Engineering,"Arts, Entertainment, & Recreation",,,,,,
50,Fullerton,1,FTT,09101,Mechanical Engineering,Accommodation & Food Services,,,,,,
50,Fullerton,1,FTT,09101,Mechanical Engineering,Government,,,,,,
50,Fullerton,1,FTT,09101,Mechanical Engineering,No Wages,108,,,137,,
50,Fullerton,1,FTT,09101,Mechanical Engineering,Wages - No NAICS Code,,,,,,
50,Fullerton,1,FTT,10021 + 10022,Art,"Agriculture, Forestry, Fishing, & Hunting",,,,,,
50,Fullerton,1,FTT,10021 + 10022,Art,Utilities,6,"$58,360","$56,869",,,
50,Fullerton,1,FTT,10021 + 10022,Art,Construction,21,"$58,646","$53,664",10,"$51,309","$67,076"
50,Fullerton,1,FTT,10021 + 10022,Art,Manufacturing,93,"$44,783","$49,906",49,"$49,311","$54,704"
50,Fullerton,1,FTT,10021 + 10022,Art,Wholesale Trade,132,"$43,190","$44,858",59,"$57,694","$64,707"
50,Fullerton,1,FTT,10021 + 10022,Art,Retail Trade,159,"$32,527","$36,099",54,"$42,732","$55,875"
50,Fullerton,1,FTT,10021 + 10022,Art,Transportation & Warehousing,15,"$30,502","$36,334",5,"$69,485","$67,879"
50,Fullerton,1,FTT,10021 + 10022,Art,Information,113,"$55,193","$60,284",46,"$75,870","$87,067"
50,Fullerton,1,FTT,10021 + 10022,Art,Finance & Insurance,43,"$50,345","$49,165",22,"$50,723","$55,497"
50,Fullerton,1,FTT,10021 + 10022,Art,Real Estate & Rental & Leasing,18,"$54,134","$54,875",9,"$54,067","$55,808"
50,Fullerton,1,FTT,10021 + 10022,Art,"Professional, Scientific, & Technical Skills",186,"$50,824","$50,914",98,"$61,456","$67,026"
50,Fullerton,1,FTT,10021 + 10022,Art,Management of Companies & Enterprises,6,"$58,069","$52,894",,,
50,Fullerton,1,FTT,10021 + 10022,Art,Admin & Support & Waste Mgmt & Remediation,76,"$33,400","$34,264",32,"$28,551","$34,978"
50,Fullerton,1,FTT,10021 + 10022,Art,Educational Services,159,"$37,665","$38,591",73,"$53,125","$50,947"
50,Fullerton,1,FTT,10021 + 10022,Art,Health Care & Social Assistance,44,"$31,147","$32,526",17,"$31,384","$40,564"
50,Fullerton,1,FTT,10021 + 10022,Art,"Arts, Entertainment, & Recreation",50,"$32,854","$38,191",18,"$50,168","$45,102"
50,Fullerton,1,FTT,10021 + 10022,Art,Accommodation & Food Services,65,"$26,479","$30,059",21,"$29,398","$38,127"
50,Fullerton,1,FTT,10021 + 10022,Art,Other Services,25,"$34,784","$34,563",13,"$40,260","$35,213"
50,Fullerton,1,FTT,10021 + 10022,Art,Non-Classified,,,,,,
50,Fullerton,1,FTT,10021 + 10022,Art,Government,28,"$37,652","$44,199",22,"$56,353","$60,176"
50,Fullerton,1,FTT,10021 + 10022,Art,No Wages,"1,296",,,"1,994",,
50,Fullerton,1,FTT,10021 + 10022,Art,Wages - No NAICS Code,49,"$7,645","$14,404",36,"$13,139","$20,830"
50,Fullerton,1,FTT,10041,Music - Performance,Construction,,,,,,
50,Fullerton,1,FTT,10041,Music - Performance,Manufacturing,,,,,,
50,Fullerton,1,FTT,10041,Music - Performance,Wholesale Trade,,,,,,
50,Fullerton,1,FTT,10041,Music - Performance,Retail Trade,,,,,,
50,Fullerton,1,FTT,10041,Music - Performance,Information,,,,,,
50,Fullerton,1,FTT,10041,Music - Performance,Real Estate & Rental & Leasing,,,,,,
50,Fullerton,1,FTT,10041,Music - Performance,"Professional, Scientific, & Technical Skills",,,,,,
50,Fullerton,1,FTT,10041,Music - Performance,Educational Services,7,"$13,520","$15,901",,,
50,Fullerton,1,FTT,10041,Music - Performance,"Arts, Entertainment, & Recreation",,,,,,
50,Fullerton,1,FTT,10041,Music - Performance,Accommodation & Food Services,,,,,,
50,Fullerton,1,FTT,10041,Music - Performance,Other Services,,,,,,
50,Fullerton,1,FTT,10041,Music - Performance,Government,,,,,,
50,Fullerton,1,FTT,10041,Music - Performance,No Wages,58,,,76,,
50,Fullerton,1,FTT,10041,Music - Performance,Wages - No NAICS Code,,,,,,
50,Fullerton,1,FTT,10051,Music,Construction,,,,,,
50,Fullerton,1,FTT,10051,Music,Manufacturing,,,,,,
50,Fullerton,1,FTT,10051,Music,Wholesale Trade,,,,,,
50,Fullerton,1,FTT,10051,Music,Retail Trade,10,"$26,029","$33,461",,,
50,Fullerton,1,FTT,10051,Music,Information,,,,,,
50,Fullerton,1,FTT,10051,Music,Finance & Insurance,,,,,,
50,Fullerton,1,FTT,10051,Music,Real Estate & Rental & Leasing,,,,,,
50,Fullerton,1,FTT,10051,Music,"Professional, Scientific, & Technical Skills",,,,,,
50,Fullerton,1,FTT,10051,Music,Admin & Support & Waste Mgmt & Remediation,,,,,,
50,Fullerton,1,FTT,10051,Music,Educational Services,52,"$57,680","$48,542",27,"$66,246","$56,256"
50,Fullerton,1,FTT,10051,Music,Health Care & Social Assistance,,,,,,
50,Fullerton,1,FTT,10051,Music,"Arts, Entertainment, & Recreation",5,"$22,053","$21,921",,,
50,Fullerton,1,FTT,10051,Music,Accommodation & Food Services,,,,,,
50,Fullerton,1,FTT,10051,Music,Other Services,,,,,,
50,Fullerton,1,FTT,10051,Music,Government,,,,,,
50,Fullerton,1,FTT,10051,Music,No Wages,117,,,161,,
50,Fullerton,1,FTT,10051,Music,Wages - No NAICS Code,5,"$5,485","$18,153",,,
50,Fullerton,1,FTT,10071,Theatre Arts,"Agriculture, Forestry, Fishing, & Hunting",,,,,,
50,Fullerton,1,FTT,10071,Theatre Arts,Utilities,,,,,,
50,Fullerton,1,FTT,10071,Theatre Arts,Construction,,,,,,
50,Fullerton,1,FTT,10071,Theatre Arts,Manufacturing,,,,,,
50,Fullerton,1,FTT,10071,Theatre Arts,Wholesale Trade,5,"$37,989","$37,158",,,
50,Fullerton,1,FTT,10071,Theatre Arts,Retail Trade,21,"$20,520","$20,745",9,"$19,196","$29,663"
50,Fullerton,1,FTT,10071,Theatre Arts,Transportation & Warehousing,,,,,,
50,Fullerton,1,FTT,10071,Theatre Arts,Information,11,"$21,074","$29,459",21,"$38,450","$40,191"
50,Fullerton,1,FTT,10071,Theatre Arts,Finance & Insurance,9,"$42,498","$38,491",,,
50,Fullerton,1,FTT,10071,Theatre Arts,Real Estate & Rental & Leasing,,,,,,
50,Fullerton,1,FTT,10071,Theatre Arts,"Professional, Scientific, & Technical Skills",14,"$25,452","$25,109",7,"$52,248","$53,798"
50,Fullerton,1,FTT,10071,Theatre Arts,Management of Companies & Enterprises,,,,,,
50,Fullerton,1,FTT,10071,Theatre Arts,Admin & Support & Waste Mgmt & Remediation,9,"$33,594","$29,581",6,"$39,717","$30,455"
50,Fullerton,1,FTT,10071,Theatre Arts,Educational Services,30,"$47,430","$40,417",20,"$51,962","$45,245"
50,Fullerton,1,FTT,10071,Theatre Arts,Health Care & Social Assistance,8,"$20,131","$20,158",,,
50,Fullerton,1,FTT,10071,Theatre Arts,"Arts, Entertainment, & Recreation",43,"$30,968","$36,573",15,"$23,005","$36,810"
50,Fullerton,1,FTT,10071,Theatre Arts,Accommodation & Food Services,34,"$19,723","$19,427",8,"$22,668","$23,858"
50,Fullerton,1,FTT,10071,Theatre Arts,Other Services,6,"$35,759","$34,911",5,"$17,469","$28,527"
50,Fullerton,1,FTT,10071,Theatre Arts,Non-Classified,,,,,,
50,Fullerton,1,FTT,10071,Theatre Arts,Government,,,,,,
50,Fullerton,1,FTT,10071,Theatre Arts,No Wages,158,,,261,,
50,Fullerton,1,FTT,10071,Theatre Arts,Wages - No NAICS Code,12,"$11,233","$24,994",7,"$1,368","$13,879"
50,Fullerton,1,FTT,10072,Theatre Arts - Performance,"Agriculture, Forestry, Fishing, & Hunting",,,,,,
50,Fullerton,1,FTT,10072,Theatre Arts - Performance,Construction,,,,,,
50,Fullerton,1,FTT,10072,Theatre Arts - Performance,Information,,,,,,
50,Fullerton,1,FTT,10072,Theatre Arts - Performance,Finance & Insurance,,,,,,
50,Fullerton,1,FTT,10072,Theatre Arts - Performance,"Professional, Scientific, & Technical Skills",,,,,,
50,Fullerton,1,FTT,10072,Theatre Arts - Performance,Admin & Support & Waste Mgmt & Remediation,,,,,,
50,Fullerton,1,FTT,10072,Theatre Arts - Performance,Educational Services,,,,,,
50,Fullerton,1,FTT,10072,Theatre Arts - Performance,"Arts, Entertainment, & Recreation",,,,,,
50,Fullerton,1,FTT,10072,Theatre Arts - Performance,Accommodation & Food Services,,,,,,
50,Fullerton,1,FTT,10072,Theatre Arts - Performance,Other Services,,,,,,
50,Fullerton,1,FTT,10072,Theatre Arts - Performance,Government,,,,,,
50,Fullerton,1,FTT,10072,Theatre Arts - Performance,No Wages,27,,,41,,
50,Fullerton,1,FTT,10072,Theatre Arts - Performance,Wages - No NAICS Code,,,,,,
50,Fullerton,1,FTT,10081,Dance,Construction,,,,,,
50,Fullerton,1,FTT,10081,Dance,Manufacturing,,,,,,
50,Fullerton,1,FTT,10081,Dance,Retail Trade,,,,,,
50,Fullerton,1,FTT,10081,Dance,Information,,,,,,
50,Fullerton,1,FTT,10081,Dance,Finance & Insurance,,,,,,
50,Fullerton,1,FTT,10081,Dance,Real Estate & Rental & Leasing,,,,,,
50,Fullerton,1,FTT,10081,Dance,"Professional, Scientific, & Technical Skills",,,,,,
50,Fullerton,1,FTT,10081,Dance,Admin & Support & Waste Mgmt & Remediation,,,,,,
50,Fullerton,1,FTT,10081,Dance,Educational Services,12,"$16,633","$27,331",,,
50,Fullerton,1,FTT,10081,Dance,Health Care & Social Assistance,,,,,,
50,Fullerton,1,FTT,10081,Dance,"Arts, Entertainment, & Recreation",,,,,,
50,Fullerton,1,FTT,10081,Dance,Accommodation & Food Services,,,,,,
50,Fullerton,1,FTT,10081,Dance,Other Services,,,,,,
50,Fullerton,1,FTT,10081,Dance,No Wages,35,,,52,,
50,Fullerton,1,FTT,10081,Dance,Wages - No NAICS Code,,,,,,
50,Fullerton,1,FTT,11011 + 11013,World Languages and Cultures/Translation,No Wages,,,,,,
50,Fullerton,1,FTT,11021,French,Wholesale Trade,,,,,,
50,Fullerton,1,FTT,11021,French,Retail Trade,,,,,,
50,Fullerton,1,FTT,11021,French,Finance & Insurance,,,,,,
50,Fullerton,1,FTT,11021,French,Real Estate & Rental & Leasing,,,,,,
50,Fullerton,1,FTT,11021,French,"Professional, Scientific, & Technical Skills",,,,,,
50,Fullerton,1,FTT,11021,French,Admin & Support & Waste Mgmt & Remediation,,,,,,
50,Fullerton,1,FTT,11021,French,Educational Services,9,"$34,577","$32,987",6,"$60,319","$53,973"
50,Fullerton,1,FTT,11021,French,Health Care & Social Assistance,,,,,,
50,Fullerton,1,FTT,11021,French,Accommodation & Food Services,,,,,,
50,Fullerton,1,FTT,11021,French,Other Services,,,,,,
50,Fullerton,1,FTT,11021,French,Government,,,,,,
50,Fullerton,1,FTT,11021,French,No Wages,14,,,23,,
50,Fullerton,1,FTT,11031,German,Construction,,,,,,
50,Fullerton,1,FTT,11031,German,Manufacturing,,,,,,
50,Fullerton,1,FTT,11031,German,Wholesale Trade,,,,,,
50,Fullerton,1,FTT,11031,German,Retail Trade,,,,,,
50,Fullerton,1,FTT,11031,German,Finance & Insurance,,,,,,
50,Fullerton,1,FTT,11031,German,Real Estate & Rental & Leasing,,,,,,
50,Fullerton,1,FTT,11031,German,Educational Services,,,,,,
50,Fullerton,1,FTT,11031,German,Accommodation & Food Services,,,,,,
50,Fullerton,1,FTT,11031,German,No Wages,,,,5,,
50,Fullerton,1,FTT,11031,German,Wages - No NAICS Code,,,,,,
50,Fullerton,1,FTT,11051,Spanish,Construction,,,,,,
50,Fullerton,1,FTT,11051,Spanish,Manufacturing,,,,,,
50,Fullerton,1,FTT,11051,Spanish,Wholesale Trade,5,"$44,199","$37,206",,,
50,Fullerton,1,FTT,11051,Spanish,Retail Trade,8,"$53,600","$50,334",,,
50,Fullerton,1,FTT,11051,Spanish,Transportation & Warehousing,,,,,,
50,Fullerton,1,FTT,11051,Spanish,Information,,,,,,
50,Fullerton,1,FTT,11051,Spanish,Finance & Insurance,7,"$63,120","$94,658",6,"$60,822","$66,172"
50,Fullerton,1,FTT,11051,Spanish,Real Estate & Rental & Leasing,,,,,,
50,Fullerton,1,FTT,11051,Spanish,"Professional, Scientific, & Technical Skills",6,"$34,089","$41,458",6,"$50,458","$59,439"
50,Fullerton,1,FTT,11051,Spanish,Admin & Support & Waste Mgmt & Remediation,7,"$35,507","$37,939",,,
50,Fullerton,1,FTT,11051,Spanish,Educational Services,90,"$44,395","$40,981",54,"$64,328","$57,595"
50,Fullerton,1,FTT,11051,Spanish,Health Care & Social Assistance,11,"$41,080","$37,359",,,
50,Fullerton,1,FTT,11051,Spanish,"Arts, Entertainment, & Recreation",,,,,,
50,Fullerton,1,FTT,11051,Spanish,Accommodation & Food Services,,,,,,
50,Fullerton,1,FTT,11051,Spanish,Other Services,6,"$15,718","$29,956",,,
50,Fullerton,1,FTT,11051,Spanish,Government,5,"$51,480","$60,011",,,
50,Fullerton,1,FTT,11051,Spanish,No Wages,103,,,183,,
50,Fullerton,1,FTT,11051,Spanish,Wages - No NAICS Code,8,"$14,464","$21,241",,,
50,Fullerton,1,FTT,11081,Japanese,Construction,,,,,,
50,Fullerton,1,FTT,11081,Japanese,Wholesale Trade,7,"$31,852","$59,377",,,
50,Fullerton,1,FTT,11081,Japanese,Retail Trade,,,,,,
50,Fullerton,1,FTT,11081,Japanese,Transportation & Warehousing,,,,,,
50,Fullerton,1,FTT,11081,Japanese,Information,,,,,,
50,Fullerton,1,FTT,11081,Japanese,Finance & Insurance,,,,,,
50,Fullerton,1,FTT,11081,Japanese,Real Estate & Rental & Leasing,,,,,,
50,Fullerton,1,FTT,11081,Japanese,"Professional, Scientific, & Technical Skills",,,,,,
50,Fullerton,1,FTT,11081,Japanese,Admin & Support & Waste Mgmt & Remediation,,,,,,
50,Fullerton,1,FTT,11081,Japanese,Educational Services,,,,,,
50,Fullerton,1,FTT,11081,Japanese,Health Care & Social Assistance,,,,,,
50,Fullerton,1,FTT,11081,Japanese,Accommodation & Food Services,,,,,,
50,Fullerton,1,FTT,11081,Japanese,No Wages,48,,,70,,
50,Fullerton,1,FTT,11081,Japanese,Wages - No NAICS Code,,,,,,
50,Fullerton,1,FTT,12011,Health Science,Utilities,,,,,,
50,Fullerton,1,FTT,12011,Health Science,Construction,,,,,,
50,Fullerton,1,FTT,12011,Health Science,Manufacturing,5,"$34,091","$32,079",,,
50,Fullerton,1,FTT,12011,Health Science,Wholesale Trade,8,"$49,967","$58,705",,,
50,Fullerton,1,FTT,12011,Health Science,Retail Trade,11,"$31,162","$48,797",,,
50,Fullerton,1,FTT,12011,Health Science,Transportation & Warehousing,,,,,,
50,Fullerton,1,FTT,12011,Health Science,Information,,,,,,
50,Fullerton,1,FTT,12011,Health Science,Finance & Insurance,9,"$53,897","$55,924",,,
50,Fullerton,1,FTT,12011,Health Science,Real Estate & Rental & Leasing,,,,,,
50,Fullerton,1,FTT,12011,Health Science,"Professional, Scientific, & Technical Skills",18,"$41,810","$44,506",,,
50,Fullerton,1,FTT,12011,Health Science,Admin & Support & Waste Mgmt & Remediation,18,"$43,444","$43,953",,,
50,Fullerton,1,FTT,12011,Health Science,Educational Services,29,"$28,247","$33,078",9,"$56,891","$55,883"
50,Fullerton,1,FTT,12011,Health Science,Health Care & Social Assistance,82,"$49,521","$52,944",24,"$64,570","$60,300"
50,Fullerton,1,FTT,12011,Health Science,"Arts, Entertainment, & Recreation",5,"$33,461","$32,787",,,
50,Fullerton,1,FTT,12011,Health Science,Accommodation & Food Services,14,"$13,536","$14,926",,,
50,Fullerton,1,FTT,12011,Health Science,Other Services,,,,,,
50,Fullerton,1,FTT,12011,Health Science,Government,15,"$63,590","$69,300",5,"$87,421","$96,851"
50,Fullerton,1,FTT,12011,Health Science,No Wages,581,,,750,,
50,Fullerton,1,FTT,12011,Health Science,Wages - No NAICS Code,9,"$14,173","$21,326",7,"$16,744","$24,423"
50,Fullerton,1,FTT,12201,Communicative Disorders,"Agriculture, Forestry, Fishing, & Hunting",,,,,,
50,Fullerton,1,FTT,12201,Communicative Disorders,Construction,,,,,,
50,Fullerton,1,FTT,12201,Communicative Disorders,Manufacturing,,,,,,
50,Fullerton,1,FTT,12201,Communicative Disorders,Wholesale Trade,5,"$60,149","$72,270",,,
50,Fullerton,1,FTT,12201,Communicative Disorders,Retail Trade,8,"$27,816","$37,036",,,
50,Fullerton,1,FTT,12201,Communicative Disorders,Information,,,,,,
50,Fullerton,1,FTT,12201,Communicative Disorders,Finance & Insurance,7,"$42,463","$43,285",6,"$59,292","$53,179"
50,Fullerton,1,FTT,12201,Communicative Disorders,Real Estate & Rental & Leasing,,,,,,
50,Fullerton,1,FTT,12201,Communicative Disorders,"Professional, Scientific, & Technical Skills",,,,,,
50,Fullerton,1,FTT,12201,Communicative Disorders,Admin & Support & Waste Mgmt & Remediation,14,"$36,168","$28,984",,,
50,Fullerton,1,FTT,12201,Communicative Disorders,Educational Services,107,"$47,973","$46,908",55,"$62,292","$62,257"
50,Fullerton,1,FTT,12201,Communicative Disorders,Health Care & Social Assistance,52,"$44,489","$45,036",22,"$38,248","$47,346"
50,Fullerton,1,FTT,12201,Communicative Disorders,"Arts, Entertainment, & Recreation",,,,,,
50,Fullerton,1,FTT,12201,Communicative Disorders,Accommodation & Food Services,,,,,,
50,Fullerton,1,FTT,12201,Communicative Disorders,Other Services,,,,,,
50,Fullerton,1,FTT,12201,Communicative Disorders,Government,,,,,,
50,Fullerton,1,FTT,12201,Communicative Disorders,No Wages,302,,,417,,
50,Fullerton,1,FTT,12201,Communicative Disorders,Wages - No NAICS Code,6,"$2,824","$12,972",5,"$53,185","$46,053"
50,Fullerton,1,FTT,15011,English,"Agriculture, Forestry, Fishing, & Hunting",,,,,,
50,Fullerton,1,FTT,15011,English,Utilities,,,,,,
50,Fullerton,1,FTT,15011,English,Construction,9,"$44,005","$57,492",,,
50,Fullerton,1,FTT,15011,English,Manufacturing,17,"$35,383","$49,171",10,"$52,406","$46,503"
50,Fullerton,1,FTT,15011,English,Wholesale Trade,24,"$56,154","$60,992",17,"$71,267","$92,882"
50,Fullerton,1,FTT,15011,English,Retail Trade,53,"$32,464","$32,844",16,"$36,671","$42,681"
50,Fullerton,1,FTT,15011,English,Transportation & Warehousing,11,"$41,350","$39,763",,,
50,Fullerton,1,FTT,15011,English,Information,20,"$43,164","$42,204",16,"$51,036","$52,141"
50,Fullerton,1,FTT,15011,English,Finance & Insurance,51,"$52,662","$51,605",17,"$68,357","$64,033"
50,Fullerton,1,FTT,15011,English,Real Estate & Rental & Leasing,13,"$45,833","$44,436",8,"$48,727","$55,076"
50,Fullerton,1,FTT,15011,English,"Professional, Scientific, & Technical Skills",60,"$52,753","$53,878",23,"$75,885","$70,566"
50,Fullerton,1,FTT,15011,English,Management of Companies & Enterprises,,,,,,
50,Fullerton,1,FTT,15011,English,Admin & Support & Waste Mgmt & Remediation,28,"$45,409","$45,818",10,"$34,003","$31,099"
50,Fullerton,1,FTT,15011,English,Educational Services,241,"$52,967","$48,048",149,"$68,206","$62,416"
50,Fullerton,1,FTT,15011,English,Health Care & Social Assistance,38,"$42,761","$39,553",19,"$40,692","$54,000"
50,Fullerton,1,FTT,15011,English,"Arts, Entertainment, & Recreation",20,"$25,340","$26,839",,,
50,Fullerton,1,FTT,15011,English,Accommodation & Food Services,39,"$19,456","$23,317",6,"$27,639","$25,924"
50,Fullerton,1,FTT,15011,English,Other Services,15,"$38,489","$32,708",8,"$42,937","$39,554"
50,Fullerton,1,FTT,15011,English,Non-Classified,,,,,,
50,Fullerton,1,FTT,15011,English,Government,21,"$67,226","$67,747",18,"$66,805","$74,491"
50,Fullerton,1,FTT,15011,English,No Wages,597,,,938,,
50,Fullerton,1,FTT,15011,English,Wages - No NAICS Code,27,"$9,775","$13,475",22,"$9,911","$18,778"
50,Fullerton,1,FTT,15031,Comparative Literature,Real Estate & Rental & Leasing,,,,,,
50,Fullerton,1,FTT,15031,Comparative Literature,"Professional, Scientific, & Technical Skills",,,,,,
50,Fullerton,1,FTT,15031,Comparative Literature,Educational Services,,,,,,
50,Fullerton,1,FTT,15031,Comparative Literature,Other Services,,,,,,
50,Fullerton,1,FTT,15031,Comparative Literature,No Wages,,,,,,
50,Fullerton,1,FTT,15031,Comparative Literature,Wages - No NAICS Code,,,,,,
50,Fullerton,1,FTT,15051,Linguistics,Construction,,,,,,
50,Fullerton,1,FTT,15051,Linguistics,Manufacturing,,,,,,
50,Fullerton,1,FTT,15051,Linguistics,Wholesale Trade,,,,,,
50,Fullerton,1,FTT,15051,Linguistics,Retail Trade,,,,,,
50,Fullerton,1,FTT,15051,Linguistics,Information,,,,,,
50,Fullerton,1,FTT,15051,Linguistics,Finance & Insurance,,,,,,
50,Fullerton,1,FTT,15051,Linguistics,"Professional, Scientific, & Technical Skills",,,,,,
50,Fullerton,1,FTT,15051,Linguistics,Admin & Support & Waste Mgmt & Remediation,,,,,,
50,Fullerton,1,FTT,15051,Linguistics,Educational Services,19,"$27,996","$33,356",13,"$60,314","$48,029"
50,Fullerton,1,FTT,15051,Linguistics,"Arts, Entertainment, & Recreation",,,,,,
50,Fullerton,1,FTT,15051,Linguistics,Accommodation & Food Services,,,,,,
50,Fullerton,1,FTT,15051,Linguistics,Other Services,,,,,,
50,Fullerton,1,FTT,15051,Linguistics,Non-Classified,,,,,,
50,Fullerton,1,FTT,15051,Linguistics,No Wages,70,,,90,,
50,Fullerton,1,FTT,15051,Linguistics,Wages - No NAICS Code,5,"$8,535","$8,421",,,
50,Fullerton,1,FTT,15061,Speech Communication,"Agriculture, Forestry, Fishing, & Hunting",,,,,,
50,Fullerton,1,FTT,15061,Speech Communication,Utilities,,,,,,
50,Fullerton,1,FTT,15061,Speech Communication,Construction,8,"$60,774","$69,099",,,
50,Fullerton,1,FTT,15061,Speech Communication,Manufacturing,10,"$86,963","$77,284",7,"$65,028","$78,366"
50,Fullerton,1,FTT,15061,Speech Communication,Wholesale Trade,15,"$71,448","$73,425",12,"$68,197","$86,106"
50,Fullerton,1,FTT,15061,Speech Communication,Retail Trade,20,"$37,813","$59,403",7,"$52,706","$47,947"
50,Fullerton,1,FTT,15061,Speech Communication,Transportation & Warehousing,5,"$66,379","$57,657",,,
50,Fullerton,1,FTT,15061,Speech Communication,Information,8,"$45,352","$42,620",,,
50,Fullerton,1,FTT,15061,Speech Communication,Finance & Insurance,24,"$54,180","$58,415",11,"$61,479","$62,930"
50,Fullerton,1,FTT,15061,Speech Communication,Real Estate & Rental & Leasing,13,"$41,611","$55,099",7,"$41,217","$50,166"
50,Fullerton,1,FTT,15061,Speech Communication,"Professional, Scientific, & Technical Skills",21,"$51,490","$53,538",7,"$92,012","$96,798"
50,Fullerton,1,FTT,15061,Speech Communication,Admin & Support & Waste Mgmt & Remediation,15,"$36,467","$34,661",5,"$39,922","$36,608"
50,Fullerton,1,FTT,15061,Speech Communication,Educational Services,27,"$50,749","$44,378",27,"$58,034","$52,023"
50,Fullerton,1,FTT,15061,Speech Communication,Health Care & Social Assistance,14,"$40,866","$48,990",8,"$56,361","$52,610"
50,Fullerton,1,FTT,15061,Speech Communication,"Arts, Entertainment, & Recreation",7,"$41,125","$43,371",,,
50,Fullerton,1,FTT,15061,Speech Communication,Accommodation & Food Services,22,"$20,565","$28,765",6,"$25,187","$29,780"
50,Fullerton,1,FTT,15061,Speech Communication,Other Services,5,"$55,007","$51,177",,,
50,Fullerton,1,FTT,15061,Speech Communication,Government,6,"$64,612","$76,604",,,
50,Fullerton,1,FTT,15061,Speech Communication,No Wages,265,,,380,,
50,Fullerton,1,FTT,15061,Speech Communication,Wages - No NAICS Code,8,"$7,815","$13,832",9,"$5,237","$18,721"
50,Fullerton,1,FTT,15091,Philosophy,"Agriculture, Forestry, Fishing, & Hunting",,,,,,
50,Fullerton,1,FTT,15091,Philosophy,Utilities,,,,,,
50,Fullerton,1,FTT,15091,Philosophy,Construction,,,,,,
50,Fullerton,1,FTT,15091,Philosophy,Manufacturing,5,"$55,131","$64,583",,,
50,Fullerton,1,FTT,15091,Philosophy,Wholesale Trade,,,,,,
50,Fullerton,1,FTT,15091,Philosophy,Retail Trade,12,"$40,286","$34,337",,,
50,Fullerton,1,FTT,15091,Philosophy,Transportation & Warehousing,,,,,,
50,Fullerton,1,FTT,15091,Philosophy,Information,5,"$37,027","$43,276",,,
50,Fullerton,1,FTT,15091,Philosophy,Finance & Insurance,7,"$16,633","$40,004",,,
50,Fullerton,1,FTT,15091,Philosophy,Real Estate & Rental & Leasing,,,,,,
50,Fullerton,1,FTT,15091,Philosophy,"Professional, Scientific, & Technical Skills",6,"$49,385","$48,359",6,"$74,648","$90,315"
50,Fullerton,1,FTT,15091,Philosophy,Management of Companies & Enterprises,,,,,,
50,Fullerton,1,FTT,15091,Philosophy,Admin & Support & Waste Mgmt & Remediation,10,"$14,537","$20,256",,,
50,Fullerton,1,FTT,15091,Philosophy,Educational Services,8,"$38,206","$36,985",,,
50,Fullerton,1,FTT,15091,Philosophy,Health Care & Social Assistance,5,"$38,595","$29,212",,,
50,Fullerton,1,FTT,15091,Philosophy,Accommodation & Food Services,9,"$19,963","$20,590",,,
50,Fullerton,1,FTT,15091,Philosophy,Other Services,,,,,,
50,Fullerton,1,FTT,15091,Philosophy,Government,5,"$63,677","$75,666",,,
50,Fullerton,1,FTT,15091,Philosophy,No Wages,98,,,153,,
50,Fullerton,1,FTT,15091,Philosophy,Wages - No NAICS Code,,,,,,
50,Fullerton,1,FTT,15101,Religious Studies,"Agriculture, Forestry, Fishing, & Hunting",,,,,,
50,Fullerton,1,FTT,15101,Religious Studies,Construction,,,,,,
50,Fullerton,1,FTT,15101,Religious Studies,Wholesale Trade,,,,,,
50,Fullerton,1,FTT,15101,Religious Studies,Retail Trade,,,,,,
50,Fullerton,1,FTT,15101,Religious Studies,Transportation & Warehousing,,,,,,
50,Fullerton,1,FTT,15101,Religious Studies,Finance & Insurance,,,,,,
50,Fullerton,1,FTT,15101,Religious Studies,Real Estate & Rental & Leasing,,,,,,
50,Fullerton,1,FTT,15101,Religious Studies,"Professional, Scientific, & Technical Skills",,,,,,
50,Fullerton,1,FTT,15101,Religious Studies,Admin & Support & Waste Mgmt & Remediation,,,,,,
50,Fullerton,1,FTT,15101,Religious Studies,Educational Services,8,"$31,155","$35,297",6,"$38,821","$42,636"
50,Fullerton,1,FTT,15101,Religious Studies,Health Care & Social Assistance,,,,,,
50,Fullerton,1,FTT,15101,Religious Studies,Accommodation & Food Services,5,"$37,492","$31,729",,,
50,Fullerton,1,FTT,15101,Religious Studies,Other Services,,,,,,
50,Fullerton,1,FTT,15101,Religious Studies,Government,,,,,,
50,Fullerton,1,FTT,15101,Religious Studies,No Wages,53,,,76,,
50,Fullerton,1,FTT,15101,Religious Studies,Wages - No NAICS Code,5,"$2,897","$25,056",,,
50,Fullerton,1,FTT,17011,Mathematics,Construction,,,,,,
50,Fullerton,1,FTT,17011,Mathematics,Manufacturing,5,"$90,006","$83,735",,,
50,Fullerton,1,FTT,17011,Mathematics,Wholesale Trade,,,,,,
50,Fullerton,1,FTT,17011,Mathematics,Retail Trade,7,"$54,792","$56,527",,,
50,Fullerton,1,FTT,17011,Mathematics,Information,,,,,,
50,Fullerton,1,FTT,17011,Mathematics,Finance & Insurance,8,"$75,541","$70,188",,,
50,Fullerton,1,FTT,17011,Mathematics,Real Estate & Rental & Leasing,,,,,,
50,Fullerton,1,FTT,17011,Mathematics,"Professional, Scientific, & Technical Skills",9,"$65,648","$65,157",,,
50,Fullerton,1,FTT,17011,Mathematics,Admin & Support & Waste Mgmt & Remediation,,,,,,
50,Fullerton,1,FTT,17011,Mathematics,Educational Services,60,"$52,090","$51,255",32,"$74,390","$73,606"
50,Fullerton,1,FTT,17011,Mathematics,Health Care & Social Assistance,,,,,,
50,Fullerton,1,FTT,17011,Mathematics,"Arts, Entertainment, & Recreation",,,,,,
50,Fullerton,1,FTT,17011,Mathematics,Accommodation & Food Services,,,,,,
50,Fullerton,1,FTT,17011,Mathematics,Government,,,,,,
50,Fullerton,1,FTT,17011,Mathematics,No Wages,106,,,164,,
50,Fullerton,1,FTT,17011,Mathematics,Wages - No NAICS Code,6,"$5,738","$18,124",,,
50,Fullerton,1,FTT,19021,Physics,Manufacturing,,,,,,
50,Fullerton,1,FTT,19021,Physics,Wholesale Trade,,,,,,
50,Fullerton,1,FTT,19021,Physics,Information,,,,,,
50,Fullerton,1,FTT,19021,Physics,Finance & Insurance,,,,,,
50,Fullerton,1,FTT,19021,Physics,"Professional, Scientific, & Technical Skills",,,,,,
50,Fullerton,1,FTT,19021,Physics,Admin & Support & Waste Mgmt & Remediation,,,,,,
50,Fullerton,1,FTT,19021,Physics,Educational Services,,,,,,
50,Fullerton,1,FTT,19021,Physics,"Arts, Entertainment, & Recreation",,,,,,
50,Fullerton,1,FTT,19021,Physics,Other Services,,,,,,
50,Fullerton,1,FTT,19021,Physics,No Wages,21,,,26,,
50,Fullerton,1,FTT,19021,Physics,Wages - No NAICS Code,,,,,,
50,Fullerton,1,FTT,19051,Chemistry,Utilities,,,,,,
50,Fullerton,1,FTT,19051,Chemistry,Manufacturing,14,"$61,480","$72,509",7,"$83,413","$89,954"
50,Fullerton,1,FTT,19051,Chemistry,Wholesale Trade,,,,,,
50,Fullerton,1,FTT,19051,Chemistry,Retail Trade,,,,,,
50,Fullerton,1,FTT,19051,Chemistry,Information,,,,,,
50,Fullerton,1,FTT,19051,Chemistry,Real Estate & Rental & Leasing,,,,,,
50,Fullerton,1,FTT,19051,Chemistry,"Professional, Scientific, & Technical Skills",8,"$46,773","$52,527",7,"$70,837","$65,573"
50,Fullerton,1,FTT,19051,Chemistry,Admin & Support & Waste Mgmt & Remediation,,,,,,
50,Fullerton,1,FTT,19051,Chemistry,Educational Services,10,"$51,378","$42,526",6,"$70,146","$71,717"
50,Fullerton,1,FTT,19051,Chemistry,Health Care & Social Assistance,,,,,,
50,Fullerton,1,FTT,19051,Chemistry,Accommodation & Food Services,,,,,,
50,Fullerton,1,FTT,19051,Chemistry,Other Services,,,,,,
50,Fullerton,1,FTT,19051,Chemistry,Government,,,,,,
50,Fullerton,1,FTT,19051,Chemistry,No Wages,60,,,84,,
50,Fullerton,1,FTT,19051,Chemistry,Wages - No NAICS Code,8,"$11,100","$13,891",,,
50,Fullerton,1,FTT,19141,Geology,"Agriculture, Forestry, Fishing, & Hunting",,,,,,
50,Fullerton,1,FTT,19141,Geology,Utilities,,,,,,
50,Fullerton,1,FTT,19141,Geology,Retail Trade,,,,,,
50,Fullerton,1,FTT,19141,Geology,"Professional, Scientific, & Technical Skills",22,"$70,788","$76,946",10,"$105,074","$100,139"
50,Fullerton,1,FTT,19141,Geology,Admin & Support & Waste Mgmt & Remediation,,,,,,
50,Fullerton,1,FTT,19141,Geology,Educational Services,,,,,,
50,Fullerton,1,FTT,19141,Geology,Health Care & Social Assistance,,,,,,
50,Fullerton,1,FTT,19141,Geology,Accommodation & Food Services,,,,,,
50,Fullerton,1,FTT,19141,Geology,Government,,,,,,
50,Fullerton,1,FTT,19141,Geology,No Wages,53,,,70,,
50,Fullerton,1,FTT,19141,Geology,Wages - No NAICS Code,,,,,,
50,Fullerton,1,FTT,19171,Earth Science,No Wages,23,,,23,,
50,Fullerton,1,FTT,20011 + 20013,Psychology,"Agriculture, Forestry, Fishing, & Hunting",,,,,,
50,Fullerton,1,FTT,20011 + 20013,Psychology,Utilities,6,"$78,124","$73,078",6,"$83,900","$78,092"
50,Fullerton,1,FTT,20011 + 20013,Psychology,Construction,28,"$40,324","$44,858",15,"$35,381","$45,285"
50,Fullerton,1,FTT,20011 + 20013,Psychology,Manufacturing,48,"$56,753","$59,117",24,"$67,350","$70,411"
50,Fullerton,1,FTT,20011 + 20013,Psychology,Wholesale Trade,58,"$48,764","$56,198",33,"$63,112","$82,477"
50,Fullerton,1,FTT,20011 + 20013,Psychology,Retail Trade,110,"$40,826","$42,031",36,"$48,046","$50,490"
50,Fullerton,1,FTT,20011 + 20013,Psychology,Transportation & Warehousing,20,"$40,839","$42,429",9,"$36,297","$34,480"
50,Fullerton,1,FTT,20011 + 20013,Psychology,Information,26,"$49,463","$55,922",20,"$58,913","$66,781"
50,Fullerton,1,FTT,20011 + 20013,Psychology,Finance & Insurance,142,"$52,329","$52,103",59,"$62,539","$64,901"
50,Fullerton,1,FTT,20011 + 20013,Psychology,Real Estate & Rental & Leasing,27,"$51,133","$53,160",16,"$63,388","$59,540"
50,Fullerton,1,FTT,20011 + 20013,Psychology,"Professional, Scientific, & Technical Skills",100,"$44,055","$49,820",45,"$63,791","$65,986"
50,Fullerton,1,FTT,20011 + 20013,Psychology,Management of Companies & Enterprises,,,,,,
50,Fullerton,1,FTT,20011 + 20013,Psychology,Admin & Support & Waste Mgmt & Remediation,63,"$35,618","$38,524",38,"$49,255","$52,449"
50,Fullerton,1,FTT,20011 + 20013,Psychology,Educational Services,187,"$41,574","$39,490",89,"$57,178","$56,243"
50,Fullerton,1,FTT,20011 + 20013,Psychology,Health Care & Social Assistance,252,"$37,948","$37,844",98,"$43,302","$50,605"
50,Fullerton,1,FTT,20011 + 20013,Psychology,"Arts, Entertainment, & Recreation",23,"$36,093","$35,002",6,"$52,872","$55,611"
50,Fullerton,1,FTT,20011 + 20013,Psychology,Accommodation & Food Services,53,"$30,655","$34,100",17,"$27,024","$34,070"
50,Fullerton,1,FTT,20011 + 20013,Psychology,Other Services,31,"$35,131","$33,236",11,"$39,337","$38,231"
50,Fullerton,1,FTT,20011 + 20013,Psychology,Non-Classified,5,"$50,020","$41,573",,,
50,Fullerton,1,FTT,20011 + 20013,Psychology,Government,100,"$58,151","$60,784",60,"$74,680","$79,719"
50,Fullerton,1,FTT,20011 + 20013,Psychology,No Wages,"1,751",,,"2,484",,
50,Fullerton,1,FTT,20011 + 20013,Psychology,Wages - No NAICS Code,61,"$5,428","$15,252",28,"$18,659","$29,470"
50,Fullerton,1,FTT,21021,Public Administration,Construction,,,,,,
50,Fullerton,1,FTT,21021,Public Administration,Manufacturing,,,,,,
50,Fullerton,1,FTT,21021,Public Administration,Wholesale Trade,,,,,,
50,Fullerton,1,FTT,21021,Public Administration,Retail Trade,,,,,,
50,Fullerton,1,FTT,21021,Public Administration,Transportation & Warehousing,,,,,,
50,Fullerton,1,FTT,21021,Public Administration,Finance & Insurance,9,"$52,092","$53,504",,,
50,Fullerton,1,FTT,21021,Public Administration,"Professional, Scientific, & Technical Skills",,,,,,
50,Fullerton,1,FTT,21021,Public Administration,Admin & Support & Waste Mgmt & Remediation,6,"$24,716","$38,609",,,
50,Fullerton,1,FTT,21021,Public Administration,Educational Services,,,,,,
50,Fullerton,1,FTT,21021,Public Administration,Health Care & Social Assistance,8,"$35,669","$36,137",,,
50,Fullerton,1,FTT,21021,Public Administration,"Arts, Entertainment, & Recreation",,,,,,
50,Fullerton,1,FTT,21021,Public Administration,Accommodation & Food Services,,,,,,
50,Fullerton,1,FTT,21021,Public Administration,Other Services,,,,,,
50,Fullerton,1,FTT,21021,Public Administration,Government,35,"$74,427","$82,618",10,"$116,495","$121,065"
50,Fullerton,1,FTT,21021,Public Administration,No Wages,128,,,192,,
50,Fullerton,1,FTT,21021,Public Administration,Wages - No NAICS Code,,,,,,
50,Fullerton,1,FTT,21042,Human Services,"Agriculture, Forestry, Fishing, & Hunting",,,,,,
50,Fullerton,1,FTT,21042,Human Services,Utilities,,,,,,
50,Fullerton,1,FTT,21042,Human Services,Construction,6,"$53,652","$57,004",6,"$18,730","$32,909"
50,Fullerton,1,FTT,21042,Human Services,Manufacturing,13,"$46,192","$53,094",9,"$55,132","$78,833"
50,Fullerton,1,FTT,21042,Human Services,Wholesale Trade,27,"$46,207","$49,155",13,"$52,140","$60,631"
50,Fullerton,1,FTT,21042,Human Services,Retail Trade,36,"$32,425","$33,294",8,"$48,077","$64,692"
50,Fullerton,1,FTT,21042,Human Services,Transportation & Warehousing,,,,,,
50,Fullerton,1,FTT,21042,Human Services,Information,9,"$39,610","$42,265",5,"$75,419","$82,193"
50,Fullerton,1,FTT,21042,Human Services,Finance & Insurance,45,"$48,587","$48,474",15,"$58,723","$63,542"
50,Fullerton,1,FTT,21042,Human Services,Real Estate & Rental & Leasing,12,"$41,665","$40,176",5,"$33,897","$53,960"
50,Fullerton,1,FTT,21042,Human Services,"Professional, Scientific, & Technical Skills",31,"$44,509","$40,323",11,"$52,290","$44,216"
50,Fullerton,1,FTT,21042,Human Services,Admin & Support & Waste Mgmt & Remediation,32,"$39,881","$38,005",15,"$30,827","$36,123"
50,Fullerton,1,FTT,21042,Human Services,Educational Services,161,"$33,904","$37,335",81,"$44,035","$42,870"
50,Fullerton,1,FTT,21042,Human Services,Health Care & Social Assistance,233,"$38,901","$37,425",103,"$45,695","$47,168"
50,Fullerton,1,FTT,21042,Human Services,"Arts, Entertainment, & Recreation",,,,,,
50,Fullerton,1,FTT,21042,Human Services,Accommodation & Food Services,17,"$22,661","$26,159",8,"$14,649","$20,343"
50,Fullerton,1,FTT,21042,Human Services,Other Services,31,"$38,945","$37,596",11,"$40,179","$38,214"
50,Fullerton,1,FTT,21042,Human Services,Non-Classified,,,,,,
50,Fullerton,1,FTT,21042,Human Services,Government,165,"$60,672","$61,079",103,"$67,352","$69,271"
50,Fullerton,1,FTT,21042,Human Services,No Wages,914,,,"1,361",,
50,Fullerton,1,FTT,21042,Human Services,Wages - No NAICS Code,49,"$11,247","$28,235",28,"$9,969","$31,964"
50,Fullerton,1,FTT,21051,Criminal Justice,"Agriculture, Forestry, Fishing, & Hunting",,,,,,
50,Fullerton,1,FTT,21051,Criminal Justice,Mining,,,,,,
50,Fullerton,1,FTT,21051,Criminal Justice,Utilities,6,"$76,282","$77,349",,,
50,Fullerton,1,FTT,21051,Criminal Justice,Construction,24,"$53,015","$58,126",9,"$73,809","$74,019"
50,Fullerton,1,FTT,21051,Criminal Justice,Manufacturing,32,"$50,101","$52,641",18,"$75,348","$72,811"
50,Fullerton,1,FTT,21051,Criminal Justice,Wholesale Trade,28,"$46,891","$49,265",20,"$70,954","$71,760"
50,Fullerton,1,FTT,21051,Criminal Justice,Retail Trade,100,"$43,488","$50,049",38,"$51,783","$64,863"
50,Fullerton,1,FTT,21051,Criminal Justice,Transportation & Warehousing,28,"$36,061","$37,407",10,"$29,841","$45,159"
50,Fullerton,1,FTT,21051,Criminal Justice,Information,16,"$58,360","$57,581",8,"$32,580","$41,989"
50,Fullerton,1,FTT,21051,Criminal Justice,Finance & Insurance,125,"$58,189","$60,984",61,"$76,095","$72,141"
50,Fullerton,1,FTT,21051,Criminal Justice,Real Estate & Rental & Leasing,21,"$43,854","$47,819",8,"$94,425","$95,954"
50,Fullerton,1,FTT,21051,Criminal Justice,"Professional, Scientific, & Technical Skills",77,"$46,934","$45,942",49,"$63,215","$67,739"
50,Fullerton,1,FTT,21051,Criminal Justice,Management of Companies & Enterprises,,,,,,
50,Fullerton,1,FTT,21051,Criminal Justice,Admin & Support & Waste Mgmt & Remediation,73,"$39,279","$44,849",33,"$41,836","$52,681"
50,Fullerton,1,FTT,21051,Criminal Justice,Educational Services,65,"$36,602","$38,741",29,"$53,001","$53,099"
50,Fullerton,1,FTT,21051,Criminal Justice,Health Care & Social Assistance,71,"$38,328","$47,759",30,"$42,042","$47,534"
50,Fullerton,1,FTT,21051,Criminal Justice,"Arts, Entertainment, & Recreation",17,"$31,163","$32,706",11,"$40,258","$34,356"
50,Fullerton,1,FTT,21051,Criminal Justice,Accommodation & Food Services,56,"$30,064","$33,191",18,"$40,597","$47,752"
50,Fullerton,1,FTT,21051,Criminal Justice,Other Services,21,"$38,454","$41,207",,,
50,Fullerton,1,FTT,21051,Criminal Justice,Non-Classified,,,,,,
50,Fullerton,1,FTT,21051,Criminal Justice,Government,437,"$78,784","$82,615",287,"$93,624","$97,332"
50,Fullerton,1,FTT,21051,Criminal Justice,No Wages,"1,051",,,"1,643",,
50,Fullerton,1,FTT,21051,Criminal Justice,Wages - No NAICS Code,94,"$43,456","$45,753",62,"$69,013","$61,948"
50,Fullerton,1,FTT,22021,Anthropology,"Agriculture, Forestry, Fishing, & Hunting",,,,,,
50,Fullerton,1,FTT,22021,Anthropology,Utilities,,,,,,
50,Fullerton,1,FTT,22021,Anthropology,Construction,,,,,,
50,Fullerton,1,FTT,22021,Anthropology,Manufacturing,9,"$43,158","$40,745",5,"$79,102","$73,172"
50,Fullerton,1,FTT,22021,Anthropology,Wholesale Trade,5,"$34,157","$37,782",,,
50,Fullerton,1,FTT,22021,Anthropology,Retail Trade,27,"$33,247","$34,392",15,"$41,077","$42,115"
50,Fullerton,1,FTT,22021,Anthropology,Transportation & Warehousing,,,,,,
50,Fullerton,1,FTT,22021,Anthropology,Information,5,"$43,530","$43,708",,,
50,Fullerton,1,FTT,22021,Anthropology,Finance & Insurance,20,"$47,161","$56,359",15,"$53,904","$67,514"
50,Fullerton,1,FTT,22021,Anthropology,Real Estate & Rental & Leasing,,,,5,"$14,902","$17,424"
50,Fullerton,1,FTT,22021,Anthropology,"Professional, Scientific, & Technical Skills",27,"$41,335","$39,076",9,"$42,308","$38,749"
50,Fullerton,1,FTT,22021,Anthropology,Management of Companies & Enterprises,,,,,,
50,Fullerton,1,FTT,22021,Anthropology,Admin & Support & Waste Mgmt & Remediation,15,"$21,602","$28,884",8,"$38,409","$55,460"
50,Fullerton,1,FTT,22021,Anthropology,Educational Services,39,"$33,484","$34,909",28,"$51,964","$52,581"
50,Fullerton,1,FTT,22021,Anthropology,Health Care & Social Assistance,13,"$40,391","$31,446",10,"$46,329","$45,176"
50,Fullerton,1,FTT,22021,Anthropology,"Arts, Entertainment, & Recreation",11,"$35,189","$39,395",7,"$48,913","$49,224"
50,Fullerton,1,FTT,22021,Anthropology,Accommodation & Food Services,10,"$27,748","$28,364",7,"$24,512","$37,599"
50,Fullerton,1,FTT,22021,Anthropology,Other Services,9,"$27,165","$33,336",7,"$47,859","$48,020"
50,Fullerton,1,FTT,22021,Anthropology,Government,18,"$52,823","$53,256",6,"$77,219","$80,144"
50,Fullerton,1,FTT,22021,Anthropology,No Wages,193,,,292,,
50,Fullerton,1,FTT,22021,Anthropology,Wages - No NAICS Code,19,"$8,674","$23,847",10,"$19,209","$41,992"
50,Fullerton,1,FTT,22041,Economics,Utilities,,,,,,
50,Fullerton,1,FTT,22041,Economics,Construction,,,,,,
50,Fullerton,1,FTT,22041,Economics,Manufacturing,17,"$64,537","$64,071",10,"$88,223","$108,620"
50,Fullerton,1,FTT,22041,Economics,Wholesale Trade,18,"$59,474","$58,263",6,"$88,863","$98,357"
50,Fullerton,1,FTT,22041,Economics,Retail Trade,,,,,,
50,Fullerton,1,FTT,22041,Economics,Transportation & Warehousing,6,"$37,533","$58,100",,,
50,Fullerton,1,FTT,22041,Economics,Information,,,,,,
50,Fullerton,1,FTT,22041,Economics,Finance & Insurance,38,"$61,911","$68,219",19,"$82,495","$106,467"
50,Fullerton,1,FTT,22041,Economics,Real Estate & Rental & Leasing,7,"$46,723","$47,317",,,
50,Fullerton,1,FTT,22041,Economics,"Professional, Scientific, & Technical Skills",12,"$66,685","$65,947",6,"$83,934","$82,429"
50,Fullerton,1,FTT,22041,Economics,Management of Companies & Enterprises,,,,,,
50,Fullerton,1,FTT,22041,Economics,Admin & Support & Waste Mgmt & Remediation,13,"$41,931","$51,563",6,"$72,191","$79,005"
50,Fullerton,1,FTT,22041,Economics,Educational Services,14,"$41,317","$35,377",7,"$75,621","$57,811"
50,Fullerton,1,FTT,22041,Economics,Health Care & Social Assistance,5,"$51,512","$56,087",,,
50,Fullerton,1,FTT,22041,Economics,"Arts, Entertainment, & Recreation",,,,,,
50,Fullerton,1,FTT,22041,Economics,Accommodation & Food Services,,,,,,
50,Fullerton,1,FTT,22041,Economics,Other Services,6,"$41,082","$43,094",,,
50,Fullerton,1,FTT,22041,Economics,Non-Classified,,,,,,
50,Fullerton,1,FTT,22041,Economics,Government,,,,,,
50,Fullerton,1,FTT,22041,Economics,No Wages,195,,,283,,
50,Fullerton,1,FTT,22041,Economics,Wages - No NAICS Code,7,"$18,464","$23,471",6,"$17,521","$39,908"
50,Fullerton,1,FTT,22051,History,"Agriculture, Forestry, Fishing, & Hunting",,,,,,
50,Fullerton,1,FTT,22051,History,Utilities,,,,,,
50,Fullerton,1,FTT,22051,History,Construction,16,"$72,713","$67,751",,,
50,Fullerton,1,FTT,22051,History,Manufacturing,14,"$57,662","$66,900",7,"$75,312","$64,039"
50,Fullerton,1,FTT,22051,History,Wholesale Trade,20,"$52,701","$63,471",9,"$76,409","$100,426"
50,Fullerton,1,FTT,22051,History,Retail Trade,55,"$41,977","$38,293",26,"$32,939","$36,034"
50,Fullerton,1,FTT,22051,History,Transportation & Warehousing,13,"$51,728","$56,975",7,"$82,239","$68,812"
50,Fullerton,1,FTT,22051,History,Information,12,"$52,100","$61,432",5,"$57,752","$74,787"
50,Fullerton,1,FTT,22051,History,Finance & Insurance,43,"$51,847","$56,927",20,"$73,392","$66,835"
50,Fullerton,1,FTT,22051,History,Real Estate & Rental & Leasing,12,"$40,558","$39,795",,,
50,Fullerton,1,FTT,22051,History,"Professional, Scientific, & Technical Skills",38,"$49,467","$50,443",22,"$57,966","$60,534"
50,Fullerton,1,FTT,22051,History,Management of Companies & Enterprises,,,,,,
50,Fullerton,1,FTT,22051,History,Admin & Support & Waste Mgmt & Remediation,37,"$37,974","$39,004",5,"$53,835","$51,139"
50,Fullerton,1,FTT,22051,History,Educational Services,186,"$53,167","$48,005",104,"$69,893","$61,307"
50,Fullerton,1,FTT,22051,History,Health Care & Social Assistance,24,"$33,000","$34,761",9,"$34,690","$40,949"
50,Fullerton,1,FTT,22051,History,"Arts, Entertainment, & Recreation",23,"$33,662","$32,147",,,
50,Fullerton,1,FTT,22051,History,Accommodation & Food Services,38,"$26,835","$26,292",6,"$26,986","$36,737"
50,Fullerton,1,FTT,22051,History,Other Services,16,"$26,239","$35,885",7,"$59,095","$66,406"
50,Fullerton,1,FTT,22051,History,Non-Classified,,,,,,
50,Fullerton,1,FTT,22051,History,Government,34,"$48,324","$58,345",24,"$82,024","$83,231"
50,Fullerton,1,FTT,22051,History,No Wages,534,,,871,,
50,Fullerton,1,FTT,22051,History,Wages - No NAICS Code,25,"$5,016","$21,812",13,"$25,256","$43,175"
50,Fullerton,1,FTT,22061 + 22063,Geography,Utilities,,,,,,
50,Fullerton,1,FTT,22061 + 22063,Geography,Construction,,,,,,
50,Fullerton,1,FTT,22061 + 22063,Geography,Manufacturing,5,"$47,338","$48,885",7,"$48,841","$53,611"
50,Fullerton,1,FTT,22061 + 22063,Geography,Wholesale Trade,,,,,,
50,Fullerton,1,FTT,22061 + 22063,Geography,Retail Trade,12,"$45,064","$40,975",7,"$57,363","$53,501"
50,Fullerton,1,FTT,22061 + 22063,Geography,Transportation & Warehousing,5,"$53,107","$47,579",,,
50,Fullerton,1,FTT,22061 + 22063,Geography,Information,7,"$34,285","$33,343",,,
50,Fullerton,1,FTT,22061 + 22063,Geography,Finance & Insurance,5,"$54,089","$56,805",6,"$40,774","$55,992"
50,Fullerton,1,FTT,22061 + 22063,Geography,Real Estate & Rental & Leasing,,,,,,
50,Fullerton,1,FTT,22061 + 22063,Geography,"Professional, Scientific, & Technical Skills",44,"$57,690","$60,313",26,"$84,656","$82,416"
50,Fullerton,1,FTT,22061 + 22063,Geography,Admin & Support & Waste Mgmt & Remediation,11,"$39,329","$42,880",,,
50,Fullerton,1,FTT,22061 + 22063,Geography,Educational Services,16,"$34,898","$40,306",9,"$47,029","$40,912"
50,Fullerton,1,FTT,22061 + 22063,Geography,Health Care & Social Assistance,,,,,,
50,Fullerton,1,FTT,22061 + 22063,Geography,"Arts, Entertainment, & Recreation",5,"$12,535","$26,004",,,
50,Fullerton,1,FTT,22061 + 22063,Geography,Accommodation & Food Services,,,,,,
50,Fullerton,1,FTT,22061 + 22063,Geography,Other Services,6,"$21,611","$27,726",,,
50,Fullerton,1,FTT,22061 + 22063,Geography,Government,13,"$65,489","$67,381",15,"$80,506","$77,902"
50,Fullerton,1,FTT,22061 + 22063,Geography,No Wages,142,,,203,,
50,Fullerton,1,FTT,22061 + 22063,Geography,Wages - No NAICS Code,12,"$28,820","$41,297",6,"$35,718","$43,180"
50,Fullerton,1,FTT,22071,Political Science,Utilities,,,,,,
50,Fullerton,1,FTT,22071,Political Science,Construction,9,"$30,555","$38,231",5,"$77,511","$77,892"
50,Fullerton,1,FTT,22071,Political Science,Manufacturing,21,"$63,798","$59,367",,,
50,Fullerton,1,FTT,22071,Political Science,Wholesale Trade,21,"$54,671","$59,970",10,"$32,645","$45,098"
50,Fullerton,1,FTT,22071,Political Science,Retail Trade,28,"$44,251","$54,500",15,"$79,565","$82,568"
50,Fullerton,1,FTT,22071,Political Science,Transportation & Warehousing,6,"$57,438","$58,606",,,
50,Fullerton,1,FTT,22071,Political Science,Information,8,"$65,215","$81,767",,,
50,Fullerton,1,FTT,22071,Political Science,Finance & Insurance,43,"$53,193","$56,892",18,"$69,548","$65,645"
50,Fullerton,1,FTT,22071,Political Science,Real Estate & Rental & Leasing,11,"$34,294","$48,823",,,
50,Fullerton,1,FTT,22071,Political Science,"Professional, Scientific, & Technical Skills",47,"$50,723","$52,772",29,"$66,561","$76,063"
50,Fullerton,1,FTT,22071,Political Science,Management of Companies & Enterprises,,,,,,
50,Fullerton,1,FTT,22071,Political Science,Admin & Support & Waste Mgmt & Remediation,29,"$38,468","$42,459",,,
50,Fullerton,1,FTT,22071,Political Science,Educational Services,31,"$41,541","$39,952",19,"$65,363","$54,977"
50,Fullerton,1,FTT,22071,Political Science,Health Care & Social Assistance,18,"$32,183","$32,680",6,"$48,167","$46,902"
50,Fullerton,1,FTT,22071,Political Science,"Arts, Entertainment, & Recreation",6,"$25,881","$28,614",,,
50,Fullerton,1,FTT,22071,Political Science,Accommodation & Food Services,20,"$34,353","$33,986",7,"$32,777","$42,565"
50,Fullerton,1,FTT,22071,Political Science,Other Services,7,"$29,754","$40,841",,,
50,Fullerton,1,FTT,22071,Political Science,Non-Classified,,,,,,
50,Fullerton,1,FTT,22071,Political Science,Government,58,"$72,443","$76,307",44,"$84,681","$89,846"
50,Fullerton,1,FTT,22071,Political Science,No Wages,346,,,549,,
50,Fullerton,1,FTT,22071,Political Science,Wages - No NAICS Code,25,"$12,349","$23,626",16,"$42,470","$48,985"
50,Fullerton,1,FTT,22081,Sociology,"Agriculture, Forestry, Fishing, & Hunting",,,,,,
50,Fullerton,1,FTT,22081,Sociology,Utilities,,,,,,
50,Fullerton,1,FTT,22081,Sociology,Construction,16,"$44,348","$48,708",8,"$50,341","$51,810"
50,Fullerton,1,FTT,22081,Sociology,Manufacturing,34,"$53,483","$55,673",14,"$59,494","$61,091"
50,Fullerton,1,FTT,22081,Sociology,Wholesale Trade,49,"$50,241","$56,076",25,"$67,442","$83,430"
50,Fullerton,1,FTT,22081,Sociology,Retail Trade,72,"$43,758","$55,127",29,"$56,402","$55,930"
50,Fullerton,1,FTT,22081,Sociology,Transportation & Warehousing,15,"$58,453","$57,944",10,"$49,904","$60,515"
50,Fullerton,1,FTT,22081,Sociology,Information,21,"$45,997","$45,564",7,"$44,571","$45,144"
50,Fullerton,1,FTT,22081,Sociology,Finance & Insurance,102,"$53,089","$61,418",48,"$67,814","$78,028"
50,Fullerton,1,FTT,22081,Sociology,Real Estate & Rental & Leasing,21,"$42,679","$48,042",7,"$52,491","$59,656"
50,Fullerton,1,FTT,22081,Sociology,"Professional, Scientific, & Technical Skills",72,"$48,342","$54,653",38,"$54,443","$59,553"
50,Fullerton,1,FTT,22081,Sociology,Management of Companies & Enterprises,,,,,,
50,Fullerton,1,FTT,22081,Sociology,Admin & Support & Waste Mgmt & Remediation,48,"$37,981","$43,202",18,"$32,006","$42,196"
50,Fullerton,1,FTT,22081,Sociology,Educational Services,148,"$47,177","$41,002",96,"$54,133","$49,666"
50,Fullerton,1,FTT,22081,Sociology,Health Care & Social Assistance,136,"$38,933","$40,000",59,"$45,756","$48,237"
50,Fullerton,1,FTT,22081,Sociology,"Arts, Entertainment, & Recreation",26,"$31,039","$33,378",13,"$30,795","$31,448"
50,Fullerton,1,FTT,22081,Sociology,Accommodation & Food Services,39,"$28,113","$30,639",12,"$22,789","$33,345"
50,Fullerton,1,FTT,22081,Sociology,Other Services,28,"$36,924","$34,087",13,"$26,723","$33,486"
50,Fullerton,1,FTT,22081,Sociology,Non-Classified,,,,,,
50,Fullerton,1,FTT,22081,Sociology,Government,144,"$59,676","$65,632",100,"$70,585","$75,608"
50,Fullerton,1,FTT,22081,Sociology,No Wages,990,,,"1,489",,
50,Fullerton,1,FTT,22081,Sociology,Wages - No NAICS Code,48,"$14,613","$27,366",26,"$47,264","$46,941"
50,Fullerton,1,FTT,22111,African-American Studies,No Wages,,,,,,
50,Fullerton,1,FTT,22131,Mexican-American Studies,No Wages,,,,,,
50,Fullerton,1,FTT,22990 + 49991,Women's Studies,Utilities,,,,,,
50,Fullerton,1,FTT,22990 + 49991,Women's Studies,Transportation & Warehousing,,,,,,
50,Fullerton,1,FTT,22990 + 49991,Women's Studies,Finance & Insurance,,,,,,
50,Fullerton,1,FTT,22990 + 49991,Women's Studies,Educational Services,5,"$50,635","$46,547",5,"$35,717","$34,484"
50,Fullerton,1,FTT,22990 + 49991,Women's Studies,Health Care & Social Assistance,,,,,,
50,Fullerton,1,FTT,22990 + 49991,Women's Studies,"Arts, Entertainment, & Recreation",,,,,,
50,Fullerton,1,FTT,22990 + 49991,Women's Studies,Accommodation & Food Services,,,,,,
50,Fullerton,1,FTT,22990 + 49991,Women's Studies,Government,,,,,,
50,Fullerton,1,FTT,22990 + 49991,Women's Studies,No Wages,19,,,29,,
50,Fullerton,1,FTT,22990 + 49991,Women's Studies,Wages - No NAICS Code,,,,,,
50,Fullerton,1,FTT,22991,Ethnic Studies,Manufacturing,,,,,,
50,Fullerton,1,FTT,22991,Ethnic Studies,Retail Trade,8,"$22,568","$22,935",,,
50,Fullerton,1,FTT,22991,Ethnic Studies,Transportation & Warehousing,,,,,,
50,Fullerton,1,FTT,22991,Ethnic Studies,Finance & Insurance,5,"$35,982","$49,782",,,
50,Fullerton,1,FTT,22991,Ethnic Studies,Real Estate & Rental & Leasing,,,,,,
50,Fullerton,1,FTT,22991,Ethnic Studies,"Professional, Scientific, & Technical Skills",,,,,,
50,Fullerton,1,FTT,22991,Ethnic Studies,Admin & Support & Waste Mgmt & Remediation,5,"$36,789","$37,152",,,
50,Fullerton,1,FTT,22991,Ethnic Studies,Educational Services,24,"$52,065","$46,434",19,"$63,794","$61,140"
50,Fullerton,1,FTT,22991,Ethnic Studies,Health Care & Social Assistance,7,"$33,217","$36,508",,,
50,Fullerton,1,FTT,22991,Ethnic Studies,"Arts, Entertainment, & Recreation",,,,,,
50,Fullerton,1,FTT,22991,Ethnic Studies,Accommodation & Food Services,,,,,,
50,Fullerton,1,FTT,22991,Ethnic Studies,Other Services,,,,,,
50,Fullerton,1,FTT,22991,Ethnic Studies,Government,5,"$58,707","$59,329",,,
50,Fullerton,1,FTT,22991,Ethnic Studies,No Wages,52,,,83,,
50,Fullerton,1,FTT,22991,Ethnic Studies,Wages - No NAICS Code,,,,,,
50,Fullerton,1,FTT,49012 + 49017,Women's Studies,"Agriculture, Forestry, Fishing, & Hunting",,,,,,
50,Fullerton,1,FTT,49012 + 49017,Women's Studies,Utilities,,,,5,"$87,457","$91,351"
50,Fullerton,1,FTT,49012 + 49017,Women's Studies,Construction,30,"$37,218","$39,147",15,"$42,288","$45,456"
50,Fullerton,1,FTT,49012 + 49017,Women's Studies,Manufacturing,48,"$48,989","$47,963",24,"$52,814","$61,714"
50,Fullerton,1,FTT,49012 + 49017,Women's Studies,Wholesale Trade,45,"$48,058","$56,665",24,"$74,999","$66,937"
50,Fullerton,1,FTT,49012 + 49017,Women's Studies,Retail Trade,89,"$29,964","$33,817",38,"$39,235","$41,847"
50,Fullerton,1,FTT,49012 + 49017,Women's Studies,Transportation & Warehousing,14,"$69,957","$65,031",11,"$77,432","$82,287"
50,Fullerton,1,FTT,49012 + 49017,Women's Studies,Information,23,"$48,905","$46,259",11,"$79,048","$70,968"
50,Fullerton,1,FTT,49012 + 49017,Women's Studies,Finance & Insurance,107,"$49,425","$53,155",52,"$58,272","$62,073"
50,Fullerton,1,FTT,49012 + 49017,Women's Studies,Real Estate & Rental & Leasing,29,"$43,510","$46,334",16,"$45,437","$43,427"
50,Fullerton,1,FTT,49012 + 49017,Women's Studies,"Professional, Scientific, & Technical Skills",78,"$46,018","$45,117",39,"$54,095","$53,930"
50,Fullerton,1,FTT,49012 + 49017,Women's Studies,Management of Companies & Enterprises,,,,,,
50,Fullerton,1,FTT,49012 + 49017,Women's Studies,Admin & Support & Waste Mgmt & Remediation,55,"$31,403","$33,094",31,"$38,767","$45,799"
50,Fullerton,1,FTT,49012 + 49017,Women's Studies,Educational Services,"1,052","$52,208","$44,887",686,"$61,583","$54,158"
50,Fullerton,1,FTT,49012 + 49017,Women's Studies,Health Care & Social Assistance,99,"$36,408","$35,999",67,"$34,171","$39,928"
50,Fullerton,1,FTT,49012 + 49017,Women's Studies,"Arts, Entertainment, & Recreation",32,"$33,557","$29,815",15,"$28,845","$29,335"
50,Fullerton,1,FTT,49012 + 49017,Women's Studies,Accommodation & Food Services,94,"$24,446","$27,963",34,"$16,184","$24,294"
50,Fullerton,1,FTT,49012 + 49017,Women's Studies,Other Services,60,"$35,818","$38,862",23,"$33,153","$31,929"
50,Fullerton,1,FTT,49012 + 49017,Women's Studies,Non-Classified,,,,,,
50,Fullerton,1,FTT,49012 + 49017,Women's Studies,Government,46,"$58,220","$54,287",33,"$57,245","$59,881"
50,Fullerton,1,FTT,49012 + 49017,Women's Studies,No Wages,950,,,"1,773",,
50,Fullerton,1,FTT,49012 + 49017,Women's Studies,Wages - No NAICS Code,79,"$2,805","$9,540",35,"$5,763","$17,399"
50,Fullerton,2,FTF + FTT,00000,Undeclared/Unknown,"Agriculture, Forestry, Fishing, & Hunting",12,"$23,347","$26,027",7,"$14,043","$13,643"
50,Fullerton,2,FTF + FTT,00000,Undeclared/Unknown,Mining,,,,,,
50,Fullerton,2,FTF + FTT,00000,Undeclared/Unknown,Utilities,9,"$64,837","$53,241",12,"$73,471","$72,051"
50,Fullerton,2,FTF + FTT,00000,Undeclared/Unknown,Construction,77,"$40,406","$43,234",54,"$45,569","$51,328"
50,Fullerton,2,FTF + FTT,00000,Undeclared/Unknown,Manufacturing,111,"$35,810","$39,075",85,"$44,702","$52,315"
50,Fullerton,2,FTF + FTT,00000,Undeclared/Unknown,Wholesale Trade,114,"$32,528","$38,582",87,"$46,551","$50,803"
50,Fullerton,2,FTF + FTT,00000,Undeclared/Unknown,Retail Trade,396,"$26,920","$32,008",152,"$43,519","$48,217"
50,Fullerton,2,FTF + FTT,00000,Undeclared/Unknown,Transportation & Warehousing,48,"$29,816","$30,103",22,"$32,924","$44,480"
50,Fullerton,2,FTF + FTT,00000,Undeclared/Unknown,Information,56,"$36,053","$40,558",36,"$56,555","$55,618"
50,Fullerton,2,FTF + FTT,00000,Undeclared/Unknown,Finance & Insurance,190,"$37,702","$40,923",128,"$51,702","$52,125"
50,Fullerton,2,FTF + FTT,00000,Undeclared/Unknown,Real Estate & Rental & Leasing,38,"$43,793","$52,634",32,"$34,623","$35,231"
50,Fullerton,2,FTF + FTT,00000,Undeclared/Unknown,"Professional, Scientific, & Technical Skills",131,"$31,974","$36,391",81,"$39,972","$46,487"
50,Fullerton,2,FTF + FTT,00000,Undeclared/Unknown,Management of Companies & Enterprises,,,,,,
50,Fullerton,2,FTF + FTT,00000,Undeclared/Unknown,Admin & Support & Waste Mgmt & Remediation,176,"$21,601","$25,359",92,"$34,098","$38,765"
50,Fullerton,2,FTF + FTT,00000,Undeclared/Unknown,Educational Services,72,"$20,650","$23,929",44,"$37,781","$36,326"
50,Fullerton,2,FTF + FTT,00000,Undeclared/Unknown,Health Care & Social Assistance,215,"$28,862","$31,639",159,"$40,553","$45,099"
50,Fullerton,2,FTF + FTT,00000,Undeclared/Unknown,"Arts, Entertainment, & Recreation",87,"$24,604","$25,850",41,"$26,902","$125,939"
50,Fullerton,2,FTF + FTT,00000,Undeclared/Unknown,Accommodation & Food Services,278,"$21,284","$23,905",93,"$30,797","$31,059"
50,Fullerton,2,FTF + FTT,00000,Undeclared/Unknown,Other Services,63,"$17,333","$19,317",36,"$27,947","$35,119"
50,Fullerton,2,FTF + FTT,00000,Undeclared/Unknown,Non-Classified,9,$70,"$6,420",5,"$5,360","$26,146"
50,Fullerton,2,FTF + FTT,00000,Undeclared/Unknown,Government,80,"$60,378","$59,828",71,"$73,876","$79,967"
50,Fullerton,2,FTF + FTT,00000,Undeclared/Unknown,No Wages,"1,404",,,"2,374",,
50,Fullerton,2,FTF + FTT,00000,Undeclared/Unknown,Wages - No NAICS Code,118,"$4,823","$8,953",75,"$6,790","$76,127"
50,Fullerton,2,FTF + FTT,00121 + 12031 + 12032,Nursing,"Agriculture, Forestry, Fishing, & Hunting",,,,,,
50,Fullerton,2,FTF + FTT,00121 + 12031 + 12032,Nursing,Construction,,,,,,
50,Fullerton,2,FTF + FTT,00121 + 12031 + 12032,Nursing,Manufacturing,,,,,,
50,Fullerton,2,FTF + FTT,00121 + 12031 + 12032,Nursing,Wholesale Trade,,,,,,
50,Fullerton,2,FTF + FTT,00121 + 12031 + 12032,Nursing,Retail Trade,19,"$17,512","$22,994",,,
50,Fullerton,2,FTF + FTT,00121 + 12031 + 12032,Nursing,Finance & Insurance,,,,,,
50,Fullerton,2,FTF + FTT,00121 + 12031 + 12032,Nursing,Real Estate & Rental & Leasing,,,,,,
50,Fullerton,2,FTF + FTT,00121 + 12031 + 12032,Nursing,"Professional, Scientific, & Technical Skills",,,,,,
50,Fullerton,2,FTF + FTT,00121 + 12031 + 12032,Nursing,Admin & Support & Waste Mgmt & Remediation,18,"$28,150","$32,692",5,"$32,319","$39,989"
50,Fullerton,2,FTF + FTT,00121 + 12031 + 12032,Nursing,Educational Services,14,"$100,166","$98,528",9,"$111,728","$114,651"
50,Fullerton,2,FTF + FTT,00121 + 12031 + 12032,Nursing,Health Care & Social Assistance,248,"$93,956","$91,677",114,"$109,648","$105,885"
50,Fullerton,2,FTF + FTT,00121 + 12031 + 12032,Nursing,"Arts, Entertainment, & Recreation",,,,,,
50,Fullerton,2,FTF + FTT,00121 + 12031 + 12032,Nursing,Accommodation & Food Services,7,"$20,507","$16,940",,,
50,Fullerton,2,FTF + FTT,00121 + 12031 + 12032,Nursing,Other Services,,,,,,
50,Fullerton,2,FTF + FTT,00121 + 12031 + 12032,Nursing,Government,8,"$88,815","$85,369",,,
50,Fullerton,2,FTF + FTT,00121 + 12031 + 12032,Nursing,No Wages,176,,,374,,
50,Fullerton,2,FTF + FTT,00121 + 12031 + 12032,Nursing,Wages - No NAICS Code,12,"$3,586","$33,014",,,
50,Fullerton,2,FTF + FTT,03011 + 03021 + 03071,Asian/East Asian Studies,No Wages,,,,,,
50,Fullerton,2,FTF + FTT,03011 + 03021 + 03071,Asian/East Asian Studies,Wages - No NAICS Code,,,,,,
50,Fullerton,2,FTF + FTT,03081 + 03085,Latin/Central American Studies,Retail Trade,,,,,,
50,Fullerton,2,FTF + FTT,03081 + 03085,Latin/Central American Studies,Finance & Insurance,,,,,,
50,Fullerton,2,FTF + FTT,03081 + 03085,Latin/Central American Studies,Other Services,,,,,,
50,Fullerton,2,FTF + FTT,03081 + 03085,Latin/Central American Studies,Government,,,,,,
50,Fullerton,2,FTF + FTT,03081 + 03085,Latin/Central American Studies,No Wages,,,,,,
50,Fullerton,2,FTF + FTT,03101 + 03121 + 03122,European Studies,No Wages,,,,,,
50,Fullerton,2,FTF + FTT,03131,American Studies,"Agriculture, Forestry, Fishing, & Hunting",,,,,,
50,Fullerton,2,FTF + FTT,03131,American Studies,Construction,,,,,,
50,Fullerton,2,FTF + FTT,03131,American Studies,Manufacturing,,,,,,
50,Fullerton,2,FTF + FTT,03131,American Studies,Wholesale Trade,,,,,,
50,Fullerton,2,FTF + FTT,03131,American Studies,Retail Trade,,,,,,
50,Fullerton,2,FTF + FTT,03131,American Studies,Transportation & Warehousing,,,,,,
50,Fullerton,2,FTF + FTT,03131,American Studies,"Professional, Scientific, & Technical Skills",,,,,,
50,Fullerton,2,FTF + FTT,03131,American Studies,Educational Services,,,,,,
50,Fullerton,2,FTF + FTT,03131,American Studies,Health Care & Social Assistance,,,,,,
50,Fullerton,2,FTF + FTT,03131,American Studies,Government,,,,,,
50,Fullerton,2,FTF + FTT,03131,American Studies,No Wages,9,,,15,,
50,Fullerton,2,FTF + FTT,03131,American Studies,Wages - No NAICS Code,,,,,,
50,Fullerton,2,FTF + FTT,04011,Biology,"Agriculture, Forestry, Fishing, & Hunting",5,"$15,199","$14,998",,,
50,Fullerton,2,FTF + FTT,04011,Biology,Utilities,,,,,,
50,Fullerton,2,FTF + FTT,04011,Biology,Construction,16,"$32,011","$41,137",16,"$40,373","$44,085"
50,Fullerton,2,FTF + FTT,04011,Biology,Manufacturing,39,"$40,732","$44,388",28,"$47,495","$49,536"
50,Fullerton,2,FTF + FTT,04011,Biology,Wholesale Trade,28,"$39,812","$44,308",21,"$43,620","$50,573"
50,Fullerton,2,FTF + FTT,04011,Biology,Retail Trade,121,"$25,569","$32,356",65,"$37,932","$42,139"
50,Fullerton,2,FTF + FTT,04011,Biology,Transportation & Warehousing,6,"$37,599","$54,204",8,"$38,631","$51,024"
50,Fullerton,2,FTF + FTT,04011,Biology,Information,21,"$30,158","$38,598",11,"$55,617","$58,873"
50,Fullerton,2,FTF + FTT,04011,Biology,Finance & Insurance,58,"$39,919","$40,373",36,"$46,928","$46,612"
50,Fullerton,2,FTF + FTT,04011,Biology,Real Estate & Rental & Leasing,9,"$40,583","$43,817",8,"$42,119","$41,587"
50,Fullerton,2,FTF + FTT,04011,Biology,"Professional, Scientific, & Technical Skills",45,"$34,335","$37,663",25,"$44,611","$49,228"
50,Fullerton,2,FTF + FTT,04011,Biology,Management of Companies & Enterprises,,,,,,
50,Fullerton,2,FTF + FTT,04011,Biology,Admin & Support & Waste Mgmt & Remediation,49,"$24,628","$29,866",27,"$39,336","$43,285"
50,Fullerton,2,FTF + FTT,04011,Biology,Educational Services,26,"$16,426","$21,599",21,"$31,090","$32,729"
50,Fullerton,2,FTF + FTT,04011,Biology,Health Care & Social Assistance,117,"$33,154","$39,487",87,"$44,596","$52,787"
50,Fullerton,2,FTF + FTT,04011,Biology,"Arts, Entertainment, & Recreation",26,"$21,446","$23,306",9,"$51,133","$52,800"
50,Fullerton,2,FTF + FTT,04011,Biology,Accommodation & Food Services,60,"$19,884","$22,355",19,"$19,563","$25,839"
50,Fullerton,2,FTF + FTT,04011,Biology,Other Services,9,"$16,570","$16,022",9,"$19,093","$18,453"
50,Fullerton,2,FTF + FTT,04011,Biology,Non-Classified,,,,,,
50,Fullerton,2,FTF + FTT,04011,Biology,Government,25,"$45,538","$50,230",24,"$55,984","$67,256"
50,Fullerton,2,FTF + FTT,04011,Biology,No Wages,610,,,857,,
50,Fullerton,2,FTF + FTT,04011,Biology,Wages - No NAICS Code,34,"$4,605","$19,539",33,"$11,022","$23,373"
50,Fullerton,2,FTF + FTT,04141,Biochemistry,Utilities,,,,,,
50,Fullerton,2,FTF + FTT,04141,Biochemistry,Construction,8,"$47,542","$42,056",,,
50,Fullerton,2,FTF + FTT,04141,Biochemistry,Manufacturing,7,"$31,471","$37,204",,,
50,Fullerton,2,FTF + FTT,04141,Biochemistry,Wholesale Trade,6,"$31,821","$45,178",6,"$37,207","$40,915"
50,Fullerton,2,FTF + FTT,04141,Biochemistry,Retail Trade,34,"$23,821","$31,120",11,"$35,072","$50,081"
50,Fullerton,2,FTF + FTT,04141,Biochemistry,Transportation & Warehousing,,,,,,
50,Fullerton,2,FTF + FTT,04141,Biochemistry,Information,,,,,,
50,Fullerton,2,FTF + FTT,04141,Biochemistry,Finance & Insurance,8,"$23,222","$26,950",6,"$36,589","$45,357"
50,Fullerton,2,FTF + FTT,04141,Biochemistry,Real Estate & Rental & Leasing,,,,,,
50,Fullerton,2,FTF + FTT,04141,Biochemistry,"Professional, Scientific, & Technical Skills",6,"$25,765","$29,797",,,
50,Fullerton,2,FTF + FTT,04141,Biochemistry,Admin & Support & Waste Mgmt & Remediation,10,"$31,528","$30,191",6,"$48,430","$45,254"
50,Fullerton,2,FTF + FTT,04141,Biochemistry,Educational Services,,,,,,
50,Fullerton,2,FTF + FTT,04141,Biochemistry,Health Care & Social Assistance,32,"$36,226","$40,180",13,"$44,988","$44,973"
50,Fullerton,2,FTF + FTT,04141,Biochemistry,"Arts, Entertainment, & Recreation",,,,,,
50,Fullerton,2,FTF + FTT,04141,Biochemistry,Accommodation & Food Services,22,"$25,333","$23,872",10,"$24,137","$25,414"
50,Fullerton,2,FTF + FTT,04141,Biochemistry,Other Services,6,"$16,460","$20,022",6,"$15,958","$17,191"
50,Fullerton,2,FTF + FTT,04141,Biochemistry,Government,,,,,,
50,Fullerton,2,FTF + FTT,04141,Biochemistry,No Wages,215,,,303,,
50,Fullerton,2,FTF + FTT,04141,Biochemistry,Wages - No NAICS Code,11,"$2,652","$5,625",,,
50,Fullerton,2,FTF + FTT,05011,Business Administration,"Agriculture, Forestry, Fishing, & Hunting",14,"$12,782","$17,521",,,
50,Fullerton,2,FTF + FTT,05011,Business Administration,Mining,,,,,,
50,Fullerton,2,FTF + FTT,05011,Business Administration,Utilities,22,"$69,782","$77,474",18,"$70,200","$79,641"
50,Fullerton,2,FTF + FTT,05011,Business Administration,Construction,149,"$46,525","$52,069",93,"$54,683","$62,758"
50,Fullerton,2,FTF + FTT,05011,Business Administration,Manufacturing,224,"$43,146","$52,775",141,"$55,830","$79,889"
50,Fullerton,2,FTF + FTT,05011,Business Administration,Wholesale Trade,289,"$41,448","$45,543",178,"$49,660","$55,885"
50,Fullerton,2,FTF + FTT,05011,Business Administration,Retail Trade,632,"$33,210","$38,268",285,"$42,168","$49,740"
50,Fullerton,2,FTF + FTT,05011,Business Administration,Transportation & Warehousing,93,"$34,491","$41,420",54,"$40,719","$47,233"
50,Fullerton,2,FTF + FTT,05011,Business Administration,Information,118,"$47,441","$54,249",69,"$63,116","$61,886"
50,Fullerton,2,FTF + FTT,05011,Business Administration,Finance & Insurance,531,"$46,328","$58,418",293,"$53,968","$67,381"
50,Fullerton,2,FTF + FTT,05011,Business Administration,Real Estate & Rental & Leasing,108,"$36,980","$38,577",55,"$49,804","$58,117"
50,Fullerton,2,FTF + FTT,05011,Business Administration,"Professional, Scientific, & Technical Skills",318,"$41,885","$48,624",185,"$51,088","$65,578"
50,Fullerton,2,FTF + FTT,05011,Business Administration,Management of Companies & Enterprises,8,"$44,938","$50,836",6,"$67,021","$60,218"
50,Fullerton,2,FTF + FTT,05011,Business Administration,Admin & Support & Waste Mgmt & Remediation,271,"$33,868","$41,144",129,"$35,345","$41,170"
50,Fullerton,2,FTF + FTT,05011,Business Administration,Educational Services,103,"$33,841","$38,017",65,"$36,680","$42,368"
50,Fullerton,2,FTF + FTT,05011,Business Administration,Health Care & Social Assistance,233,"$30,752","$33,349",165,"$36,468","$39,979"
50,Fullerton,2,FTF + FTT,05011,Business Administration,"Arts, Entertainment, & Recreation",116,"$25,672","$30,594",56,"$37,184","$44,465"
50,Fullerton,2,FTF + FTT,05011,Business Administration,Accommodation & Food Services,370,"$21,654","$25,820",143,"$28,875","$34,203"
50,Fullerton,2,FTF + FTT,05011,Business Administration,Other Services,107,"$25,544","$34,845",48,"$25,561","$37,240"
50,Fullerton,2,FTF + FTT,05011,Business Administration,Non-Classified,11,"$1,465","$14,554",9,"$11,688","$16,483"
50,Fullerton,2,FTF + FTT,05011,Business Administration,Government,124,"$57,907","$64,525",96,"$60,433","$73,781"
50,Fullerton,2,FTF + FTT,05011,Business Administration,No Wages,"3,007",,,"4,861",,
50,Fullerton,2,FTF + FTT,05011,Business Administration,Wages - No NAICS Code,220,"$6,293","$14,300",117,"$5,451","$16,404"
50,Fullerton,2,FTF + FTT,05021,Accounting,Construction,,,,,,
50,Fullerton,2,FTF + FTT,05021,Accounting,Manufacturing,,,,,,
50,Fullerton,2,FTF + FTT,05021,Accounting,Wholesale Trade,7,"$51,041","$56,903",6,"$56,128","$57,039"
50,Fullerton,2,FTF + FTT,05021,Accounting,Retail Trade,15,"$40,947","$32,603",7,"$54,443","$52,716"
50,Fullerton,2,FTF + FTT,05021,Accounting,Transportation & Warehousing,,,,,,
50,Fullerton,2,FTF + FTT,05021,Accounting,Finance & Insurance,12,"$44,587","$45,436",12,"$49,164","$79,669"
50,Fullerton,2,FTF + FTT,05021,Accounting,Real Estate & Rental & Leasing,,,,5,"$43,985","$45,470"
50,Fullerton,2,FTF + FTT,05021,Accounting,"Professional, Scientific, & Technical Skills",8,"$36,949","$47,540",7,"$39,160","$35,941"
50,Fullerton,2,FTF + FTT,05021,Accounting,Admin & Support & Waste Mgmt & Remediation,9,"$37,506","$41,495",,,
50,Fullerton,2,FTF + FTT,05021,Accounting,Educational Services,,,,,,
50,Fullerton,2,FTF + FTT,05021,Accounting,Health Care & Social Assistance,6,"$26,360","$28,265",,,
50,Fullerton,2,FTF + FTT,05021,Accounting,"Arts, Entertainment, & Recreation",,,,,,
50,Fullerton,2,FTF + FTT,05021,Accounting,Accommodation & Food Services,8,"$44,170","$46,281",,,
50,Fullerton,2,FTF + FTT,05021,Accounting,Other Services,5,"$22,441","$30,418",,,
50,Fullerton,2,FTF + FTT,05021,Accounting,Government,,,,,,
50,Fullerton,2,FTF + FTT,05021,Accounting,No Wages,53,,,91,,
50,Fullerton,2,FTF + FTT,05021,Accounting,Wages - No NAICS Code,7,"$28,520","$37,186",,,
50,Fullerton,2,FTF + FTT,05041,Finance,Utilities,,,,,,
50,Fullerton,2,FTF + FTT,05041,Finance,Construction,,,,,,
50,Fullerton,2,FTF + FTT,05041,Finance,Manufacturing,,,,,,
50,Fullerton,2,FTF + FTT,05041,Finance,Retail Trade,9,"$47,607","$43,552",,,
50,Fullerton,2,FTF + FTT,05041,Finance,Information,,,,,,
50,Fullerton,2,FTF + FTT,05041,Finance,Finance & Insurance,14,"$52,253","$67,818",5,"$66,952","$116,956"
50,Fullerton,2,FTF + FTT,05041,Finance,Real Estate & Rental & Leasing,,,,,,
50,Fullerton,2,FTF + FTT,05041,Finance,"Professional, Scientific, & Technical Skills",5,"$49,865","$50,678",,,
50,Fullerton,2,FTF + FTT,05041,Finance,Admin & Support & Waste Mgmt & Remediation,,,,5,"$23,253","$26,546"
50,Fullerton,2,FTF + FTT,05041,Finance,Educational Services,,,,,,
50,Fullerton,2,FTF + FTT,05041,Finance,Health Care & Social Assistance,,,,,,
50,Fullerton,2,FTF + FTT,05041,Finance,"Arts, Entertainment, & Recreation",,,,,,
50,Fullerton,2,FTF + FTT,05041,Finance,Accommodation & Food Services,5,"$16,021","$38,763",,,
50,Fullerton,2,FTF + FTT,05041,Finance,Other Services,,,,,,
50,Fullerton,2,FTF + FTT,05041,Finance,Government,,,,,,
50,Fullerton,2,FTF + FTT,05041,Finance,No Wages,40,,,69,,
50,Fullerton,2,FTF + FTT,05041,Finance,Wages - No NAICS Code,,,,,,
50,Fullerton,2,FTF + FTT,05061,Management,Construction,,,,,,
50,Fullerton,2,FTF + FTT,05061,Management,Manufacturing,,,,,,
50,Fullerton,2,FTF + FTT,05061,Management,Wholesale Trade,,,,,,
50,Fullerton,2,FTF + FTT,05061,Management,Retail Trade,6,"$23,270","$25,202",,,
50,Fullerton,2,FTF + FTT,05061,Management,Transportation & Warehousing,,,,,,
50,Fullerton,2,FTF + FTT,05061,Management,Information,,,,,,
50,Fullerton,2,FTF + FTT,05061,Management,Finance & Insurance,9,"$44,519","$44,195",,,
50,Fullerton,2,FTF + FTT,05061,Management,Real Estate & Rental & Leasing,,,,,,
50,Fullerton,2,FTF + FTT,05061,Management,"Professional, Scientific, & Technical Skills",,,,,,
50,Fullerton,2,FTF + FTT,05061,Management,Management of Companies & Enterprises,,,,,,
50,Fullerton,2,FTF + FTT,05061,Management,Admin & Support & Waste Mgmt & Remediation,,,,,,
50,Fullerton,2,FTF + FTT,05061,Management,Educational Services,,,,,,
50,Fullerton,2,FTF + FTT,05061,Management,Health Care & Social Assistance,,,,,,
50,Fullerton,2,FTF + FTT,05061,Management,"Arts, Entertainment, & Recreation",,,,,,
50,Fullerton,2,FTF + FTT,05061,Management,Accommodation & Food Services,,,,,,
50,Fullerton,2,FTF + FTT,05061,Management,Other Services,,,,,,
50,Fullerton,2,FTF + FTT,05061,Management,Non-Classified,,,,,,
50,Fullerton,2,FTF + FTT,05061,Management,Government,,,,,,
50,Fullerton,2,FTF + FTT,05061,Management,No Wages,34,,,62,,
50,Fullerton,2,FTF + FTT,05061,Management,Wages - No NAICS Code,,,,,,
50,Fullerton,2,FTF + FTT,05082 + 05083,Travel and Tourism/Tourism Management,Finance & Insurance,,,,,,
50,Fullerton,2,FTF + FTT,05082 + 05083,Travel and Tourism/Tourism Management,No Wages,6,,,7,,
50,Fullerton,2,FTF + FTT,05091,Marketing,Manufacturing,,,,,,
50,Fullerton,2,FTF + FTT,05091,Marketing,Wholesale Trade,,,,,,
50,Fullerton,2,FTF + FTT,05091,Marketing,Retail Trade,,,,,,
50,Fullerton,2,FTF + FTT,05091,Marketing,Transportation & Warehousing,,,,,,
50,Fullerton,2,FTF + FTT,05091,Marketing,Finance & Insurance,,,,,,
50,Fullerton,2,FTF + FTT,05091,Marketing,"Professional, Scientific, & Technical Skills",,,,,,
50,Fullerton,2,FTF + FTT,05091,Marketing,Management of Companies & Enterprises,,,,,,
50,Fullerton,2,FTF + FTT,05091,Marketing,Admin & Support & Waste Mgmt & Remediation,,,,,,
50,Fullerton,2,FTF + FTT,05091,Marketing,Educational Services,,,,,,
50,Fullerton,2,FTF + FTT,05091,Marketing,"Arts, Entertainment, & Recreation",,,,,,
50,Fullerton,2,FTF + FTT,05091,Marketing,Accommodation & Food Services,,,,,,
50,Fullerton,2,FTF + FTT,05091,Marketing,Government,,,,,,
50,Fullerton,2,FTF + FTT,05091,Marketing,No Wages,17,,,27,,
50,Fullerton,2,FTF + FTT,05091,Marketing,Wages - No NAICS Code,,,,,,
50,Fullerton,2,FTF + FTT,05131,International Business,"Agriculture, Forestry, Fishing, & Hunting",,,,,,
50,Fullerton,2,FTF + FTT,05131,International Business,Utilities,,,,,,
50,Fullerton,2,FTF + FTT,05131,International Business,Construction,8,"$47,940","$45,710",,,
50,Fullerton,2,FTF + FTT,05131,International Business,Manufacturing,14,"$45,764","$60,601",8,"$56,775","$60,240"
50,Fullerton,2,FTF + FTT,05131,International Business,Wholesale Trade,24,"$38,991","$43,323",18,"$54,312","$70,439"
50,Fullerton,2,FTF + FTT,05131,International Business,Retail Trade,36,"$31,681","$48,557",17,"$55,108","$62,951"
50,Fullerton,2,FTF + FTT,05131,International Business,Transportation & Warehousing,5,"$56,374","$61,835",6,"$58,995","$65,421"
50,Fullerton,2,FTF + FTT,05131,International Business,Information,10,"$47,381","$51,967",9,"$44,255","$48,352"
50,Fullerton,2,FTF + FTT,05131,International Business,Finance & Insurance,51,"$42,074","$52,800",25,"$49,399","$53,852"
50,Fullerton,2,FTF + FTT,05131,International Business,Real Estate & Rental & Leasing,,,,,,
50,Fullerton,2,FTF + FTT,05131,International Business,"Professional, Scientific, & Technical Skills",13,"$46,954","$47,011",15,"$54,164","$47,393"
50,Fullerton,2,FTF + FTT,05131,International Business,Management of Companies & Enterprises,,,,,,
50,Fullerton,2,FTF + FTT,05131,International Business,Admin & Support & Waste Mgmt & Remediation,19,"$25,080","$35,105",15,"$26,960","$30,207"
50,Fullerton,2,FTF + FTT,05131,International Business,Educational Services,8,"$19,473","$23,583",6,"$33,437","$36,125"
50,Fullerton,2,FTF + FTT,05131,International Business,Health Care & Social Assistance,9,"$27,056","$25,120",9,"$45,508","$44,350"
50,Fullerton,2,FTF + FTT,05131,International Business,"Arts, Entertainment, & Recreation",,,,,,
50,Fullerton,2,FTF + FTT,05131,International Business,Accommodation & Food Services,26,"$22,059","$22,536",15,"$18,700","$30,261"
50,Fullerton,2,FTF + FTT,05131,International Business,Other Services,,,,,,
50,Fullerton,2,FTF + FTT,05131,International Business,Non-Classified,,,,,,
50,Fullerton,2,FTF + FTT,05131,International Business,Government,,,,5,"$39,831","$35,973"
50,Fullerton,2,FTF + FTT,05131,International Business,No Wages,183,,,261,,
50,Fullerton,2,FTF + FTT,05131,International Business,Wages - No NAICS Code,14,"$5,935","$11,535",15,"$7,398","$22,936"
50,Fullerton,2,FTF + FTT,05171,Business Economics,Wholesale Trade,,,,,,
50,Fullerton,2,FTF + FTT,05171,Business Economics,Accommodation & Food Services,,,,,,
50,Fullerton,2,FTF + FTT,05171,Business Economics,No Wages,7,,,7,,
50,Fullerton,2,FTF + FTT,05992,Public Relations,"Agriculture, Forestry, Fishing, & Hunting",,,,,,
50,Fullerton,2,FTF + FTT,05992,Public Relations,Construction,6,"$48,460","$41,711",,,
50,Fullerton,2,FTF + FTT,05992,Public Relations,Manufacturing,,,,,,
50,Fullerton,2,FTF + FTT,05992,Public Relations,Wholesale Trade,7,"$47,107","$49,796",7,"$40,782","$46,521"
50,Fullerton,2,FTF + FTT,05992,Public Relations,Retail Trade,14,"$39,076","$41,739",,,
50,Fullerton,2,FTF + FTT,05992,Public Relations,Transportation & Warehousing,,,,,,
50,Fullerton,2,FTF + FTT,05992,Public Relations,Information,8,"$33,840","$29,995",,,
50,Fullerton,2,FTF + FTT,05992,Public Relations,Finance & Insurance,16,"$52,940","$55,028",7,"$74,887","$90,403"
50,Fullerton,2,FTF + FTT,05992,Public Relations,Real Estate & Rental & Leasing,6,"$52,922","$48,657",5,"$64,766","$60,705"
50,Fullerton,2,FTF + FTT,05992,Public Relations,"Professional, Scientific, & Technical Skills",13,"$42,007","$47,574",9,"$77,826","$94,901"
50,Fullerton,2,FTF + FTT,05992,Public Relations,Management of Companies & Enterprises,,,,,,
50,Fullerton,2,FTF + FTT,05992,Public Relations,Admin & Support & Waste Mgmt & Remediation,17,"$34,650","$37,390",7,"$71,933","$84,354"
50,Fullerton,2,FTF + FTT,05992,Public Relations,Educational Services,,,,,,
50,Fullerton,2,FTF + FTT,05992,Public Relations,Health Care & Social Assistance,10,"$27,158","$25,828",5,"$26,215","$32,647"
50,Fullerton,2,FTF + FTT,05992,Public Relations,"Arts, Entertainment, & Recreation",7,"$26,480","$33,306",,,
50,Fullerton,2,FTF + FTT,05992,Public Relations,Accommodation & Food Services,19,"$18,010","$20,863",6,"$22,435","$32,076"
50,Fullerton,2,FTF + FTT,05992,Public Relations,Other Services,9,"$7,629","$13,675",,,
50,Fullerton,2,FTF + FTT,05992,Public Relations,Government,,,,,,
50,Fullerton,2,FTF + FTT,05992,Public Relations,No Wages,120,,,210,,
50,Fullerton,2,FTF + FTT,05992,Public Relations,Wages - No NAICS Code,9,"$7,367","$9,054",,,
50,Fullerton,2,FTF + FTT,05996 + 05997,Entrepreneurship & Small Business Management,Finance & Insurance,,,,,,
50,Fullerton,2,FTF + FTT,05996 + 05997,Entrepreneurship & Small Business Management,"Professional, Scientific, & Technical Skills",,,,,,
50,Fullerton,2,FTF + FTT,05996 + 05997,Entrepreneurship & Small Business Management,No Wages,15,,,17,,
50,Fullerton,2,FTF + FTT,06011,Communications,"Agriculture, Forestry, Fishing, & Hunting",,,,,,
50,Fullerton,2,FTF + FTT,06011,Communications,Utilities,,,,,,
50,Fullerton,2,FTF + FTT,06011,Communications,Construction,11,"$39,716","$44,499",8,"$57,255","$53,377"
50,Fullerton,2,FTF + FTT,06011,Communications,Manufacturing,19,"$34,671","$37,421",8,"$43,132","$56,818"
50,Fullerton,2,FTF + FTT,06011,Communications,Wholesale Trade,34,"$43,178","$58,662",13,"$67,020","$94,831"
50,Fullerton,2,FTF + FTT,06011,Communications,Retail Trade,68,"$28,794","$33,637",43,"$35,009","$37,521"
50,Fullerton,2,FTF + FTT,06011,Communications,Transportation & Warehousing,,,,6,"$45,492","$46,236"
50,Fullerton,2,FTF + FTT,06011,Communications,Information,20,"$36,140","$39,565",13,"$64,959","$71,001"
50,Fullerton,2,FTF + FTT,06011,Communications,Finance & Insurance,56,"$47,811","$55,172",38,"$54,871","$62,158"
50,Fullerton,2,FTF + FTT,06011,Communications,Real Estate & Rental & Leasing,12,"$47,601","$44,602",7,"$62,280","$52,318"
50,Fullerton,2,FTF + FTT,06011,Communications,"Professional, Scientific, & Technical Skills",37,"$38,492","$42,670",19,"$53,713","$80,741"
50,Fullerton,2,FTF + FTT,06011,Communications,Management of Companies & Enterprises,,,,,,
50,Fullerton,2,FTF + FTT,06011,Communications,Admin & Support & Waste Mgmt & Remediation,40,"$26,544","$32,744",22,"$33,716","$43,951"
50,Fullerton,2,FTF + FTT,06011,Communications,Educational Services,18,"$27,211","$28,837",6,"$46,402","$44,963"
50,Fullerton,2,FTF + FTT,06011,Communications,Health Care & Social Assistance,26,"$28,453","$30,921",12,"$48,943","$57,054"
50,Fullerton,2,FTF + FTT,06011,Communications,"Arts, Entertainment, & Recreation",17,"$33,969","$34,361",7,"$25,983","$160,656"
50,Fullerton,2,FTF + FTT,06011,Communications,Accommodation & Food Services,55,"$26,216","$28,070",23,"$50,673","$41,565"
50,Fullerton,2,FTF + FTT,06011,Communications,Other Services,12,"$28,277","$28,605",,,
50,Fullerton,2,FTF + FTT,06011,Communications,Government,12,"$81,222","$78,417",11,"$84,126","$84,573"
50,Fullerton,2,FTF + FTT,06011,Communications,No Wages,302,,,516,,
50,Fullerton,2,FTF + FTT,06011,Communications,Wages - No NAICS Code,26,"$8,097","$10,555",17,"$6,542","$13,992"
50,Fullerton,2,FTF + FTT,06021 + 06022,Journalism,Utilities,,,,,,
50,Fullerton,2,FTF + FTT,06021 + 06022,Journalism,Construction,,,,,,
50,Fullerton,2,FTF + FTT,06021 + 06022,Journalism,Manufacturing,7,"$32,968","$47,253",,,
50,Fullerton,2,FTF + FTT,06021 + 06022,Journalism,Wholesale Trade,5,"$60,845","$53,661",,,
50,Fullerton,2,FTF + FTT,06021 + 06022,Journalism,Retail Trade,26,"$30,036","$26,743",7,"$28,576","$39,557"
50,Fullerton,2,FTF + FTT,06021 + 06022,Journalism,Transportation & Warehousing,,,,,,
50,Fullerton,2,FTF + FTT,06021 + 06022,Journalism,Information,13,"$36,887","$44,799",5,"$51,108","$56,827"
50,Fullerton,2,FTF + FTT,06021 + 06022,Journalism,Finance & Insurance,13,"$42,366","$61,788",,,
50,Fullerton,2,FTF + FTT,06021 + 06022,Journalism,Real Estate & Rental & Leasing,,,,,,
50,Fullerton,2,FTF + FTT,06021 + 06022,Journalism,"Professional, Scientific, & Technical Skills",5,"$23,922","$35,529",,,
50,Fullerton,2,FTF + FTT,06021 + 06022,Journalism,Management of Companies & Enterprises,,,,,,
50,Fullerton,2,FTF + FTT,06021 + 06022,Journalism,Admin & Support & Waste Mgmt & Remediation,7,"$45,620","$40,332",,,
50,Fullerton,2,FTF + FTT,06021 + 06022,Journalism,Educational Services,,,,,,
50,Fullerton,2,FTF + FTT,06021 + 06022,Journalism,Health Care & Social Assistance,8,"$24,184","$25,570",5,"$21,070","$34,019"
50,Fullerton,2,FTF + FTT,06021 + 06022,Journalism,"Arts, Entertainment, & Recreation",8,"$25,778","$24,559",5,"$33,619","$34,245"
50,Fullerton,2,FTF + FTT,06021 + 06022,Journalism,Accommodation & Food Services,22,"$24,195","$25,607",7,"$37,111","$44,109"
50,Fullerton,2,FTF + FTT,06021 + 06022,Journalism,Other Services,6,"$7,913","$16,553",,,
50,Fullerton,2,FTF + FTT,06021 + 06022,Journalism,Government,6,"$62,237","$73,084",6,"$65,227","$77,837"
50,Fullerton,2,FTF + FTT,06021 + 06022,Journalism,No Wages,118,,,205,,
50,Fullerton,2,FTF + FTT,06021 + 06022,Journalism,Wages - No NAICS Code,12,$899,"$1,999",,,
50,Fullerton,2,FTF + FTT,06031,Radio/Television/Broadcast,"Agriculture, Forestry, Fishing, & Hunting",,,,,,
50,Fullerton,2,FTF + FTT,06031,Radio/Television/Broadcast,Utilities,,,,,,
50,Fullerton,2,FTF + FTT,06031,Radio/Television/Broadcast,Construction,7,"$13,596","$25,228",,,
50,Fullerton,2,FTF + FTT,06031,Radio/Television/Broadcast,Manufacturing,8,"$38,380","$43,867",,,
50,Fullerton,2,FTF + FTT,06031,Radio/Television/Broadcast,Wholesale Trade,,,,,,
50,Fullerton,2,FTF + FTT,06031,Radio/Television/Broadcast,Retail Trade,45,"$26,627","$30,060",14,"$32,263","$37,806"
50,Fullerton,2,FTF + FTT,06031,Radio/Television/Broadcast,Transportation & Warehousing,,,,,,
50,Fullerton,2,FTF + FTT,06031,Radio/Television/Broadcast,Information,27,"$46,390","$53,701",18,"$53,338","$54,768"
50,Fullerton,2,FTF + FTT,06031,Radio/Television/Broadcast,Finance & Insurance,19,"$35,085","$44,706",5,"$41,137","$72,292"
50,Fullerton,2,FTF + FTT,06031,Radio/Television/Broadcast,Real Estate & Rental & Leasing,7,"$34,194","$31,810",7,"$24,432","$32,182"
50,Fullerton,2,FTF + FTT,06031,Radio/Television/Broadcast,"Professional, Scientific, & Technical Skills",16,"$44,316","$47,798",6,"$46,104","$49,325"
50,Fullerton,2,FTF + FTT,06031,Radio/Television/Broadcast,Admin & Support & Waste Mgmt & Remediation,16,"$25,381","$23,364",,,
50,Fullerton,2,FTF + FTT,06031,Radio/Television/Broadcast,Educational Services,11,"$19,011","$26,407",,,
50,Fullerton,2,FTF + FTT,06031,Radio/Television/Broadcast,Health Care & Social Assistance,13,"$29,759","$28,003",9,"$23,990","$31,807"
50,Fullerton,2,FTF + FTT,06031,Radio/Television/Broadcast,"Arts, Entertainment, & Recreation",13,"$36,047","$34,845",11,"$47,211","$48,480"
50,Fullerton,2,FTF + FTT,06031,Radio/Television/Broadcast,Accommodation & Food Services,42,"$21,554","$24,737",18,"$25,379","$31,174"
50,Fullerton,2,FTF + FTT,06031,Radio/Television/Broadcast,Other Services,11,"$13,385","$18,493",,,
50,Fullerton,2,FTF + FTT,06031,Radio/Television/Broadcast,Non-Classified,,,,,,
50,Fullerton,2,FTF + FTT,06031,Radio/Television/Broadcast,Government,5,"$28,036","$39,854",6,"$40,441","$58,238"
50,Fullerton,2,FTF + FTT,06031,Radio/Television/Broadcast,No Wages,227,,,367,,
50,Fullerton,2,FTF + FTT,06031,Radio/Television/Broadcast,Wages - No NAICS Code,14,"$5,617","$16,846",8,"$6,976","$14,938"
50,Fullerton,2,FTF + FTT,06041,Advertising,"Agriculture, Forestry, Fishing, & Hunting",,,,,,
50,Fullerton,2,FTF + FTT,06041,Advertising,Utilities,,,,,,
50,Fullerton,2,FTF + FTT,06041,Advertising,Construction,,,,,,
50,Fullerton,2,FTF + FTT,06041,Advertising,Manufacturing,9,"$37,427","$43,948",5,"$73,426","$70,835"
50,Fullerton,2,FTF + FTT,06041,Advertising,Wholesale Trade,5,"$29,922","$29,187",,,
50,Fullerton,2,FTF + FTT,06041,Advertising,Retail Trade,28,"$40,700","$42,439",7,"$50,470","$55,938"
50,Fullerton,2,FTF + FTT,06041,Advertising,Transportation & Warehousing,,,,,,
50,Fullerton,2,FTF + FTT,06041,Advertising,Information,9,"$41,636","$41,006",8,"$49,322","$56,911"
50,Fullerton,2,FTF + FTT,06041,Advertising,Finance & Insurance,14,"$53,094","$48,936",6,"$48,121","$45,603"
50,Fullerton,2,FTF + FTT,06041,Advertising,Real Estate & Rental & Leasing,,,,,,
50,Fullerton,2,FTF + FTT,06041,Advertising,"Professional, Scientific, & Technical Skills",17,"$45,875","$44,608",11,"$66,816","$62,522"
50,Fullerton,2,FTF + FTT,06041,Advertising,Admin & Support & Waste Mgmt & Remediation,10,"$47,683","$52,490",6,"$56,345","$53,910"
50,Fullerton,2,FTF + FTT,06041,Advertising,Educational Services,5,"$28,839","$29,660",,,
50,Fullerton,2,FTF + FTT,06041,Advertising,Health Care & Social Assistance,6,"$41,353","$66,720",,,
50,Fullerton,2,FTF + FTT,06041,Advertising,"Arts, Entertainment, & Recreation",5,"$29,643","$26,292",,,
50,Fullerton,2,FTF + FTT,06041,Advertising,Accommodation & Food Services,19,"$20,247","$20,903",,,
50,Fullerton,2,FTF + FTT,06041,Advertising,Other Services,,,,,,
50,Fullerton,2,FTF + FTT,06041,Advertising,Non-Classified,,,,,,
50,Fullerton,2,FTF + FTT,06041,Advertising,Government,,,,,,
50,Fullerton,2,FTF + FTT,06041,Advertising,No Wages,109,,,192,,
50,Fullerton,2,FTF + FTT,06041,Advertising,Wages - No NAICS Code,7,"$3,579","$8,261",6,"$10,857","$23,244"
50,Fullerton,2,FTF + FTT,07011 + 07012 + 07028,Graphic Communications,"Agriculture, Forestry, Fishing, & Hunting",,,,,,
50,Fullerton,2,FTF + FTT,07011 + 07012 + 07028,Graphic Communications,Utilities,5,"$67,096","$71,787",6,"$92,897","$91,133"
50,Fullerton,2,FTF + FTT,07011 + 07012 + 07028,Graphic Communications,Construction,16,"$44,459","$43,320",12,"$47,188","$50,614"
50,Fullerton,2,FTF + FTT,07011 + 07012 + 07028,Graphic Communications,Manufacturing,44,"$48,766","$51,135",29,"$69,331","$72,968"
50,Fullerton,2,FTF + FTT,07011 + 07012 + 07028,Graphic Communications,Wholesale Trade,44,"$46,559","$50,147",32,"$46,862","$45,943"
50,Fullerton,2,FTF + FTT,07011 + 07012 + 07028,Graphic Communications,Retail Trade,106,"$35,582","$38,070",53,"$47,113","$51,232"
50,Fullerton,2,FTF + FTT,07011 + 07012 + 07028,Graphic Communications,Transportation & Warehousing,20,"$28,522","$32,903",11,"$42,294","$40,706"
50,Fullerton,2,FTF + FTT,07011 + 07012 + 07028,Graphic Communications,Information,39,"$52,164","$55,565",30,"$70,977","$71,472"
50,Fullerton,2,FTF + FTT,07011 + 07012 + 07028,Graphic Communications,Finance & Insurance,45,"$47,114","$50,510",33,"$54,663","$59,080"
50,Fullerton,2,FTF + FTT,07011 + 07012 + 07028,Graphic Communications,Real Estate & Rental & Leasing,13,"$35,125","$41,473",5,"$47,494","$46,504"
50,Fullerton,2,FTF + FTT,07011 + 07012 + 07028,Graphic Communications,"Professional, Scientific, & Technical Skills",55,"$54,659","$66,025",47,"$64,734","$84,589"
50,Fullerton,2,FTF + FTT,07011 + 07012 + 07028,Graphic Communications,Management of Companies & Enterprises,,,,,,
50,Fullerton,2,FTF + FTT,07011 + 07012 + 07028,Graphic Communications,Admin & Support & Waste Mgmt & Remediation,67,"$27,861","$30,116",40,"$34,597","$41,229"
50,Fullerton,2,FTF + FTT,07011 + 07012 + 07028,Graphic Communications,Educational Services,12,"$38,132","$35,699",10,"$47,051","$42,063"
50,Fullerton,2,FTF + FTT,07011 + 07012 + 07028,Graphic Communications,Health Care & Social Assistance,38,"$29,034","$39,870",33,"$50,961","$51,543"
50,Fullerton,2,FTF + FTT,07011 + 07012 + 07028,Graphic Communications,"Arts, Entertainment, & Recreation",15,"$31,516","$38,111",12,"$36,938","$38,983"
50,Fullerton,2,FTF + FTT,07011 + 07012 + 07028,Graphic Communications,Accommodation & Food Services,39,"$19,525","$22,505",20,"$28,216","$29,718"
50,Fullerton,2,FTF + FTT,07011 + 07012 + 07028,Graphic Communications,Other Services,19,"$30,651","$33,290",10,"$44,337","$39,786"
50,Fullerton,2,FTF + FTT,07011 + 07012 + 07028,Graphic Communications,Non-Classified,,,,,,
50,Fullerton,2,FTF + FTT,07011 + 07012 + 07028,Graphic Communications,Government,16,"$85,976","$77,431",11,"$95,760","$87,415"
50,Fullerton,2,FTF + FTT,07011 + 07012 + 07028,Graphic Communications,No Wages,442,,,650,,
50,Fullerton,2,FTF + FTT,07011 + 07012 + 07028,Graphic Communications,Wages - No NAICS Code,40,"$5,091","$16,735",31,"$2,531","$21,631"
50,Fullerton,2,FTF + FTT,07021,Information Systems,Construction,,,,,,
50,Fullerton,2,FTF + FTT,07021,Information Systems,Manufacturing,5,"$44,667","$45,359",,,
50,Fullerton,2,FTF + FTT,07021,Information Systems,Wholesale Trade,,,,,,
50,Fullerton,2,FTF + FTT,07021,Information Systems,Retail Trade,,,,,,
50,Fullerton,2,FTF + FTT,07021,Information Systems,Transportation & Warehousing,,,,,,
50,Fullerton,2,FTF + FTT,07021,Information Systems,Finance & Insurance,5,"$57,554","$79,138",,,
50,Fullerton,2,FTF + FTT,07021,Information Systems,Real Estate & Rental & Leasing,,,,,,
50,Fullerton,2,FTF + FTT,07021,Information Systems,"Professional, Scientific, & Technical Skills",,,,,,
50,Fullerton,2,FTF + FTT,07021,Information Systems,Admin & Support & Waste Mgmt & Remediation,,,,,,
50,Fullerton,2,FTF + FTT,07021,Information Systems,Educational Services,,,,,,
50,Fullerton,2,FTF + FTT,07021,Information Systems,Health Care & Social Assistance,,,,,,
50,Fullerton,2,FTF + FTT,07021,Information Systems,Other Services,,,,,,
50,Fullerton,2,FTF + FTT,07021,Information Systems,Government,,,,,,
50,Fullerton,2,FTF + FTT,07021,Information Systems,No Wages,34,,,47,,
50,Fullerton,2,FTF + FTT,07021,Information Systems,Wages - No NAICS Code,,,,,,
50,Fullerton,2,FTF + FTT,08231 + 08232,Child Development,"Agriculture, Forestry, Fishing, & Hunting",,,,,,
50,Fullerton,2,FTF + FTT,08231 + 08232,Child Development,Utilities,,,,,,
50,Fullerton,2,FTF + FTT,08231 + 08232,Child Development,Construction,9,"$31,918","$31,699",,,
50,Fullerton,2,FTF + FTT,08231 + 08232,Child Development,Manufacturing,11,"$40,385","$39,829",11,"$47,259","$53,768"
50,Fullerton,2,FTF + FTT,08231 + 08232,Child Development,Wholesale Trade,14,"$48,515","$46,701",9,"$65,636","$61,763"
50,Fullerton,2,FTF + FTT,08231 + 08232,Child Development,Retail Trade,56,"$31,762","$33,230",28,"$32,689","$37,813"
50,Fullerton,2,FTF + FTT,08231 + 08232,Child Development,Transportation & Warehousing,6,"$25,347","$25,216",5,"$26,285","$24,347"
50,Fullerton,2,FTF + FTT,08231 + 08232,Child Development,Information,7,"$39,008","$36,996",5,"$53,265","$40,463"
50,Fullerton,2,FTF + FTT,08231 + 08232,Child Development,Finance & Insurance,36,"$45,940","$44,812",19,"$39,451","$51,180"
50,Fullerton,2,FTF + FTT,08231 + 08232,Child Development,Real Estate & Rental & Leasing,8,"$29,197","$25,520",,,
50,Fullerton,2,FTF + FTT,08231 + 08232,Child Development,"Professional, Scientific, & Technical Skills",22,"$30,653","$34,934",20,"$33,670","$33,561"
50,Fullerton,2,FTF + FTT,08231 + 08232,Child Development,Management of Companies & Enterprises,,,,,,
50,Fullerton,2,FTF + FTT,08231 + 08232,Child Development,Admin & Support & Waste Mgmt & Remediation,35,"$27,103","$33,916",12,"$29,982","$34,110"
50,Fullerton,2,FTF + FTT,08231 + 08232,Child Development,Educational Services,42,"$25,544","$29,522",24,"$28,666","$31,843"
50,Fullerton,2,FTF + FTT,08231 + 08232,Child Development,Health Care & Social Assistance,70,"$28,883","$29,556",44,"$27,244","$34,874"
50,Fullerton,2,FTF + FTT,08231 + 08232,Child Development,"Arts, Entertainment, & Recreation",14,"$11,691","$18,434",6,"$44,965","$37,890"
50,Fullerton,2,FTF + FTT,08231 + 08232,Child Development,Accommodation & Food Services,34,"$20,284","$24,182",17,"$24,820","$22,044"
50,Fullerton,2,FTF + FTT,08231 + 08232,Child Development,Other Services,23,"$23,974","$27,987",7,"$14,120","$28,874"
50,Fullerton,2,FTF + FTT,08231 + 08232,Child Development,Non-Classified,,,,,,
50,Fullerton,2,FTF + FTT,08231 + 08232,Child Development,Government,14,"$49,324","$47,619",11,"$47,377","$47,716"
50,Fullerton,2,FTF + FTT,08231 + 08232,Child Development,No Wages,333,,,517,,
50,Fullerton,2,FTF + FTT,08231 + 08232,Child Development,Wages - No NAICS Code,28,"$6,093","$8,623",17,"$5,678","$9,175"
50,Fullerton,2,FTF + FTT,08351,Kinesiology,"Agriculture, Forestry, Fishing, & Hunting",,,,,,
50,Fullerton,2,FTF + FTT,08351,Kinesiology,Utilities,,,,,,
50,Fullerton,2,FTF + FTT,08351,Kinesiology,Construction,14,"$39,164","$45,396",12,"$32,711","$42,107"
50,Fullerton,2,FTF + FTT,08351,Kinesiology,Manufacturing,13,"$46,186","$41,750",,,
50,Fullerton,2,FTF + FTT,08351,Kinesiology,Wholesale Trade,10,"$41,682","$39,174",10,"$55,472","$55,897"
50,Fullerton,2,FTF + FTT,08351,Kinesiology,Retail Trade,61,"$26,208","$28,861",19,"$32,441","$37,858"
50,Fullerton,2,FTF + FTT,08351,Kinesiology,Transportation & Warehousing,5,"$54,585","$41,347",,,
50,Fullerton,2,FTF + FTT,08351,Kinesiology,Information,12,"$57,396","$52,679",5,"$52,540","$50,031"
50,Fullerton,2,FTF + FTT,08351,Kinesiology,Finance & Insurance,27,"$32,725","$47,264",11,"$40,065","$40,227"
50,Fullerton,2,FTF + FTT,08351,Kinesiology,Real Estate & Rental & Leasing,7,"$42,646","$46,080",,,
50,Fullerton,2,FTF + FTT,08351,Kinesiology,"Professional, Scientific, & Technical Skills",15,"$33,795","$35,284",14,"$36,751","$47,116"
50,Fullerton,2,FTF + FTT,08351,Kinesiology,Management of Companies & Enterprises,,,,,,
50,Fullerton,2,FTF + FTT,08351,Kinesiology,Admin & Support & Waste Mgmt & Remediation,23,"$21,509","$27,110",9,"$17,563","$31,846"
50,Fullerton,2,FTF + FTT,08351,Kinesiology,Educational Services,23,"$19,754","$24,995",10,"$34,310","$38,235"
50,Fullerton,2,FTF + FTT,08351,Kinesiology,Health Care & Social Assistance,36,"$49,050","$48,648",22,"$55,594","$61,362"
50,Fullerton,2,FTF + FTT,08351,Kinesiology,"Arts, Entertainment, & Recreation",29,"$25,290","$39,346",7,"$35,441","$271,688"
50,Fullerton,2,FTF + FTT,08351,Kinesiology,Accommodation & Food Services,43,"$24,119","$28,508",13,"$41,339","$58,204"
50,Fullerton,2,FTF + FTT,08351,Kinesiology,Other Services,9,"$9,737","$15,958",,,
50,Fullerton,2,FTF + FTT,08351,Kinesiology,Non-Classified,,,,,,
50,Fullerton,2,FTF + FTT,08351,Kinesiology,Government,18,"$49,614","$57,878",10,"$77,664","$76,199"
50,Fullerton,2,FTF + FTT,08351,Kinesiology,No Wages,400,,,611,,
50,Fullerton,2,FTF + FTT,08351,Kinesiology,Wages - No NAICS Code,21,"$1,267","$7,696",9,"$5,959","$14,180"
50,Fullerton,2,FTF + FTT,09011 + 09012 + 09013,Engineering,"Agriculture, Forestry, Fishing, & Hunting",,,,,,
50,Fullerton,2,FTF + FTT,09011 + 09012 + 09013,Engineering,Utilities,,,,,,
50,Fullerton,2,FTF + FTT,09011 + 09012 + 09013,Engineering,Construction,7,"$17,440","$25,151",,,
50,Fullerton,2,FTF + FTT,09011 + 09012 + 09013,Engineering,Manufacturing,15,"$34,678","$43,902",12,"$52,186","$66,023"
50,Fullerton,2,FTF + FTT,09011 + 09012 + 09013,Engineering,Wholesale Trade,11,"$33,272","$40,093",8,"$40,931","$52,693"
50,Fullerton,2,FTF + FTT,09011 + 09012 + 09013,Engineering,Retail Trade,39,"$27,914","$30,987",15,"$41,600","$50,986"
50,Fullerton,2,FTF + FTT,09011 + 09012 + 09013,Engineering,Transportation & Warehousing,,,,,,
50,Fullerton,2,FTF + FTT,09011 + 09012 + 09013,Engineering,Information,5,"$38,778","$41,139",,,
50,Fullerton,2,FTF + FTT,09011 + 09012 + 09013,Engineering,Finance & Insurance,12,"$47,240","$51,745",9,"$48,308","$57,210"
50,Fullerton,2,FTF + FTT,09011 + 09012 + 09013,Engineering,Real Estate & Rental & Leasing,,,,,,
50,Fullerton,2,FTF + FTT,09011 + 09012 + 09013,Engineering,"Professional, Scientific, & Technical Skills",14,"$38,855","$50,602",12,"$48,359","$57,953"
50,Fullerton,2,FTF + FTT,09011 + 09012 + 09013,Engineering,Management of Companies & Enterprises,,,,,,
50,Fullerton,2,FTF + FTT,09011 + 09012 + 09013,Engineering,Admin & Support & Waste Mgmt & Remediation,10,"$29,355","$34,952",,,
50,Fullerton,2,FTF + FTT,09011 + 09012 + 09013,Engineering,Educational Services,5,"$5,275","$7,981",,,
50,Fullerton,2,FTF + FTT,09011 + 09012 + 09013,Engineering,Health Care & Social Assistance,19,"$30,918","$31,136",8,"$56,252","$50,345"
50,Fullerton,2,FTF + FTT,09011 + 09012 + 09013,Engineering,"Arts, Entertainment, & Recreation",9,"$18,815","$29,247",,,
50,Fullerton,2,FTF + FTT,09011 + 09012 + 09013,Engineering,Accommodation & Food Services,18,"$18,988","$21,161",8,"$42,474","$40,240"
50,Fullerton,2,FTF + FTT,09011 + 09012 + 09013,Engineering,Other Services,6,"$31,643","$36,105",,,
50,Fullerton,2,FTF + FTT,09011 + 09012 + 09013,Engineering,Non-Classified,,,,,,
50,Fullerton,2,FTF + FTT,09011 + 09012 + 09013,Engineering,Government,,,,,,
50,Fullerton,2,FTF + FTT,09011 + 09012 + 09013,Engineering,No Wages,131,,,220,,
50,Fullerton,2,FTF + FTT,09011 + 09012 + 09013,Engineering,Wages - No NAICS Code,8,"$10,727","$20,841",5,"$10,432","$8,153"
50,Fullerton,2,FTF + FTT,09081,Civil Engineering,"Agriculture, Forestry, Fishing, & Hunting",,,,,,
50,Fullerton,2,FTF + FTT,09081,Civil Engineering,Utilities,,,,,,
50,Fullerton,2,FTF + FTT,09081,Civil Engineering,Construction,11,"$38,705","$47,425",5,"$56,701","$69,588"
50,Fullerton,2,FTF + FTT,09081,Civil Engineering,Manufacturing,15,"$34,264","$36,085",,,
50,Fullerton,2,FTF + FTT,09081,Civil Engineering,Wholesale Trade,,,,8,"$19,890","$26,878"
50,Fullerton,2,FTF + FTT,09081,Civil Engineering,Retail Trade,30,"$28,626","$32,114",9,"$43,613","$46,130"
50,Fullerton,2,FTF + FTT,09081,Civil Engineering,Transportation & Warehousing,,,,,,
50,Fullerton,2,FTF + FTT,09081,Civil Engineering,Information,5,"$21,518","$25,755",,,
50,Fullerton,2,FTF + FTT,09081,Civil Engineering,Finance & Insurance,11,"$43,412","$44,822",11,"$52,048","$49,972"
50,Fullerton,2,FTF + FTT,09081,Civil Engineering,Real Estate & Rental & Leasing,,,,,,
50,Fullerton,2,FTF + FTT,09081,Civil Engineering,"Professional, Scientific, & Technical Skills",16,"$22,725","$35,305",6,"$43,591","$45,808"
50,Fullerton,2,FTF + FTT,09081,Civil Engineering,Admin & Support & Waste Mgmt & Remediation,17,"$34,297","$39,968",,,
50,Fullerton,2,FTF + FTT,09081,Civil Engineering,Educational Services,,,,,,
50,Fullerton,2,FTF + FTT,09081,Civil Engineering,Health Care & Social Assistance,9,"$28,374","$30,451",8,"$29,392","$28,716"
50,Fullerton,2,FTF + FTT,09081,Civil Engineering,"Arts, Entertainment, & Recreation",9,"$23,510","$26,428",,,
50,Fullerton,2,FTF + FTT,09081,Civil Engineering,Accommodation & Food Services,13,"$16,613","$23,450",,,
50,Fullerton,2,FTF + FTT,09081,Civil Engineering,Other Services,,,,,,
50,Fullerton,2,FTF + FTT,09081,Civil Engineering,Government,8,"$52,614","$57,855",6,"$65,998","$66,288"
50,Fullerton,2,FTF + FTT,09081,Civil Engineering,No Wages,196,,,292,,
50,Fullerton,2,FTF + FTT,09081,Civil Engineering,Wages - No NAICS Code,13,"$2,400","$15,737",,,
50,Fullerton,2,FTF + FTT,09091,Electrical Engineering,Utilities,,,,,,
50,Fullerton,2,FTF + FTT,09091,Electrical Engineering,Construction,16,"$48,981","$44,870",6,"$87,974","$83,726"
50,Fullerton,2,FTF + FTT,09091,Electrical Engineering,Manufacturing,18,"$63,885","$64,431",12,"$72,030","$77,474"
50,Fullerton,2,FTF + FTT,09091,Electrical Engineering,Wholesale Trade,9,"$32,818","$35,923",7,"$39,105","$48,978"
50,Fullerton,2,FTF + FTT,09091,Electrical Engineering,Retail Trade,32,"$27,380","$29,702",17,"$25,759","$35,091"
50,Fullerton,2,FTF + FTT,09091,Electrical Engineering,Transportation & Warehousing,7,"$19,824","$24,202",6,"$29,994","$34,230"
50,Fullerton,2,FTF + FTT,09091,Electrical Engineering,Information,10,"$52,348","$69,227",,,
50,Fullerton,2,FTF + FTT,09091,Electrical Engineering,Finance & Insurance,13,"$63,075","$58,952",8,"$64,523","$64,543"
50,Fullerton,2,FTF + FTT,09091,Electrical Engineering,Real Estate & Rental & Leasing,,,,,,
50,Fullerton,2,FTF + FTT,09091,Electrical Engineering,"Professional, Scientific, & Technical Skills",16,"$51,385","$58,908",10,"$50,931","$59,555"
50,Fullerton,2,FTF + FTT,09091,Electrical Engineering,Management of Companies & Enterprises,,,,,,
50,Fullerton,2,FTF + FTT,09091,Electrical Engineering,Admin & Support & Waste Mgmt & Remediation,15,"$23,752","$32,761",6,"$16,829","$26,405"
50,Fullerton,2,FTF + FTT,09091,Electrical Engineering,Educational Services,,,,,,
50,Fullerton,2,FTF + FTT,09091,Electrical Engineering,Health Care & Social Assistance,,,,5,"$46,683","$35,818"
50,Fullerton,2,FTF + FTT,09091,Electrical Engineering,"Arts, Entertainment, & Recreation",8,"$27,144","$36,242",,,
50,Fullerton,2,FTF + FTT,09091,Electrical Engineering,Accommodation & Food Services,16,"$12,930","$18,077",5,"$24,627","$31,229"
50,Fullerton,2,FTF + FTT,09091,Electrical Engineering,Other Services,,,,,,
50,Fullerton,2,FTF + FTT,09091,Electrical Engineering,Non-Classified,,,,,,
50,Fullerton,2,FTF + FTT,09091,Electrical Engineering,Government,8,"$43,379","$61,758",7,"$60,804","$78,868"
50,Fullerton,2,FTF + FTT,09091,Electrical Engineering,No Wages,135,,,221,,
50,Fullerton,2,FTF + FTT,09091,Electrical Engineering,Wages - No NAICS Code,11,"$5,749","$15,769",6,"$2,192","$22,868"
50,Fullerton,2,FTF + FTT,09094,Computer Engineering,"Agriculture, Forestry, Fishing, & Hunting",,,,,,
50,Fullerton,2,FTF + FTT,09094,Computer Engineering,Utilities,,,,,,
50,Fullerton,2,FTF + FTT,09094,Computer Engineering,Construction,5,"$38,412","$36,199",,,
50,Fullerton,2,FTF + FTT,09094,Computer Engineering,Manufacturing,6,"$31,732","$34,415",,,
50,Fullerton,2,FTF + FTT,09094,Computer Engineering,Wholesale Trade,8,"$32,554","$31,962",,,
50,Fullerton,2,FTF + FTT,09094,Computer Engineering,Retail Trade,12,"$23,533","$28,760",,,
50,Fullerton,2,FTF + FTT,09094,Computer Engineering,Transportation & Warehousing,,,,,,
50,Fullerton,2,FTF + FTT,09094,Computer Engineering,Information,,,,,,
50,Fullerton,2,FTF + FTT,09094,Computer Engineering,Finance & Insurance,,,,,,
50,Fullerton,2,FTF + FTT,09094,Computer Engineering,Real Estate & Rental & Leasing,,,,,,
50,Fullerton,2,FTF + FTT,09094,Computer Engineering,"Professional, Scientific, & Technical Skills",,,,,,
50,Fullerton,2,FTF + FTT,09094,Computer Engineering,Admin & Support & Waste Mgmt & Remediation,5,"$21,387","$32,578",,,
50,Fullerton,2,FTF + FTT,09094,Computer Engineering,Educational Services,,,,,,
50,Fullerton,2,FTF + FTT,09094,Computer Engineering,Health Care & Social Assistance,,,,,,
50,Fullerton,2,FTF + FTT,09094,Computer Engineering,"Arts, Entertainment, & Recreation",5,"$39,331","$27,604",,,
50,Fullerton,2,FTF + FTT,09094,Computer Engineering,Accommodation & Food Services,7,"$27,905","$27,709",,,
50,Fullerton,2,FTF + FTT,09094,Computer Engineering,Other Services,,,,,,
50,Fullerton,2,FTF + FTT,09094,Computer Engineering,No Wages,108,,,180,,
50,Fullerton,2,FTF + FTT,09094,Computer Engineering,Wages - No NAICS Code,8,"$6,195","$7,119",,,
50,Fullerton,2,FTF + FTT,09101,Mechanical Engineering,"Agriculture, Forestry, Fishing, & Hunting",,,,,,
50,Fullerton,2,FTF + FTT,09101,Mechanical Engineering,Utilities,,,,,,
50,Fullerton,2,FTF + FTT,09101,Mechanical Engineering,Construction,13,"$40,066","$44,160",11,"$65,011","$71,389"
50,Fullerton,2,FTF + FTT,09101,Mechanical Engineering,Manufacturing,27,"$45,139","$53,927",13,"$74,619","$82,891"
50,Fullerton,2,FTF + FTT,09101,Mechanical Engineering,Wholesale Trade,15,"$36,465","$40,669",,,
50,Fullerton,2,FTF + FTT,09101,Mechanical Engineering,Retail Trade,38,"$27,556","$29,789",9,"$38,990","$38,409"
50,Fullerton,2,FTF + FTT,09101,Mechanical Engineering,Transportation & Warehousing,8,"$33,281","$34,022",,,
50,Fullerton,2,FTF + FTT,09101,Mechanical Engineering,Information,6,"$35,771","$38,163",,,
50,Fullerton,2,FTF + FTT,09101,Mechanical Engineering,Finance & Insurance,5,"$40,117","$36,184",,,
50,Fullerton,2,FTF + FTT,09101,Mechanical Engineering,Real Estate & Rental & Leasing,,,,,,
50,Fullerton,2,FTF + FTT,09101,Mechanical Engineering,"Professional, Scientific, & Technical Skills",8,"$41,161","$52,676",,,
50,Fullerton,2,FTF + FTT,09101,Mechanical Engineering,Admin & Support & Waste Mgmt & Remediation,9,"$20,064","$28,496",,,
50,Fullerton,2,FTF + FTT,09101,Mechanical Engineering,Educational Services,,,,5,"$15,408","$27,278"
50,Fullerton,2,FTF + FTT,09101,Mechanical Engineering,Health Care & Social Assistance,7,"$20,535","$23,801",,,
50,Fullerton,2,FTF + FTT,09101,Mechanical Engineering,"Arts, Entertainment, & Recreation",,,,,,
50,Fullerton,2,FTF + FTT,09101,Mechanical Engineering,Accommodation & Food Services,15,"$15,528","$20,179",,,
50,Fullerton,2,FTF + FTT,09101,Mechanical Engineering,Other Services,5,"$25,758","$31,794",5,"$23,248","$24,118"
50,Fullerton,2,FTF + FTT,09101,Mechanical Engineering,Non-Classified,,,,,,
50,Fullerton,2,FTF + FTT,09101,Mechanical Engineering,Government,,,,,,
50,Fullerton,2,FTF + FTT,09101,Mechanical Engineering,No Wages,212,,,313,,
50,Fullerton,2,FTF + FTT,09101,Mechanical Engineering,Wages - No NAICS Code,14,"$2,445","$11,766",,,
50,Fullerton,2,FTF + FTT,10021 + 10022,Art,"Agriculture, Forestry, Fishing, & Hunting",,,,,,
50,Fullerton,2,FTF + FTT,10021 + 10022,Art,Mining,,,,,,
50,Fullerton,2,FTF + FTT,10021 + 10022,Art,Utilities,,,,,,
50,Fullerton,2,FTF + FTT,10021 + 10022,Art,Construction,20,"$33,618","$39,051",10,"$52,976","$52,307"
50,Fullerton,2,FTF + FTT,10021 + 10022,Art,Manufacturing,48,"$36,481","$41,683",27,"$38,051","$41,691"
50,Fullerton,2,FTF + FTT,10021 + 10022,Art,Wholesale Trade,44,"$39,455","$42,439",33,"$56,908","$58,433"
50,Fullerton,2,FTF + FTT,10021 + 10022,Art,Retail Trade,89,"$25,015","$31,056",38,"$35,633","$38,188"
50,Fullerton,2,FTF + FTT,10021 + 10022,Art,Transportation & Warehousing,16,"$25,707","$28,876",,,
50,Fullerton,2,FTF + FTT,10021 + 10022,Art,Information,32,"$50,069","$58,582",13,"$67,879","$65,915"
50,Fullerton,2,FTF + FTT,10021 + 10022,Art,Finance & Insurance,32,"$31,781","$38,470",14,"$44,954","$49,561"
50,Fullerton,2,FTF + FTT,10021 + 10022,Art,Real Estate & Rental & Leasing,13,"$34,203","$40,301",8,"$44,208","$61,935"
50,Fullerton,2,FTF + FTT,10021 + 10022,Art,"Professional, Scientific, & Technical Skills",51,"$40,999","$45,586",33,"$45,932","$49,636"
50,Fullerton,2,FTF + FTT,10021 + 10022,Art,Management of Companies & Enterprises,,,,,,
50,Fullerton,2,FTF + FTT,10021 + 10022,Art,Admin & Support & Waste Mgmt & Remediation,37,"$29,985","$32,822",25,"$37,597","$37,260"
50,Fullerton,2,FTF + FTT,10021 + 10022,Art,Educational Services,27,"$32,970","$30,643",9,"$39,215","$38,127"
50,Fullerton,2,FTF + FTT,10021 + 10022,Art,Health Care & Social Assistance,33,"$31,139","$33,195",18,"$39,161","$49,668"
50,Fullerton,2,FTF + FTT,10021 + 10022,Art,"Arts, Entertainment, & Recreation",29,"$27,136","$31,289",12,"$34,350","$43,257"
50,Fullerton,2,FTF + FTT,10021 + 10022,Art,Accommodation & Food Services,53,"$18,187","$19,214",13,"$24,864","$24,816"
50,Fullerton,2,FTF + FTT,10021 + 10022,Art,Other Services,19,"$20,455","$27,332",13,"$27,928","$32,658"
50,Fullerton,2,FTF + FTT,10021 + 10022,Art,Non-Classified,,,,,,
50,Fullerton,2,FTF + FTT,10021 + 10022,Art,Government,11,"$40,725","$37,122",10,"$62,933","$64,176"
50,Fullerton,2,FTF + FTT,10021 + 10022,Art,No Wages,522,,,823,,
50,Fullerton,2,FTF + FTT,10021 + 10022,Art,Wages - No NAICS Code,40,"$4,874","$8,456",19,"$4,131","$6,565"
50,Fullerton,2,FTF + FTT,10031,Art History,"Agriculture, Forestry, Fishing, & Hunting",,,,,,
50,Fullerton,2,FTF + FTT,10031,Art History,Manufacturing,,,,,,
50,Fullerton,2,FTF + FTT,10031,Art History,Wholesale Trade,,,,,,
50,Fullerton,2,FTF + FTT,10031,Art History,Retail Trade,,,,,,
50,Fullerton,2,FTF + FTT,10031,Art History,Information,,,,,,
50,Fullerton,2,FTF + FTT,10031,Art History,Finance & Insurance,,,,,,
50,Fullerton,2,FTF + FTT,10031,Art History,"Professional, Scientific, & Technical Skills",,,,,,
50,Fullerton,2,FTF + FTT,10031,Art History,Educational Services,,,,,,
50,Fullerton,2,FTF + FTT,10031,Art History,"Arts, Entertainment, & Recreation",,,,,,
50,Fullerton,2,FTF + FTT,10031,Art History,Accommodation & Food Services,,,,,,
50,Fullerton,2,FTF + FTT,10031,Art History,Other Services,,,,,,
50,Fullerton,2,FTF + FTT,10031,Art History,No Wages,27,,,33,,
50,Fullerton,2,FTF + FTT,10041,Music - Performance,Information,,,,,,
50,Fullerton,2,FTF + FTT,10041,Music - Performance,Educational Services,,,,,,
50,Fullerton,2,FTF + FTT,10041,Music - Performance,Health Care & Social Assistance,,,,,,
50,Fullerton,2,FTF + FTT,10041,Music - Performance,No Wages,7,,,11,,
50,Fullerton,2,FTF + FTT,10041,Music - Performance,Wages - No NAICS Code,,,,,,
50,Fullerton,2,FTF + FTT,10051,Music,"Agriculture, Forestry, Fishing, & Hunting",,,,,,
50,Fullerton,2,FTF + FTT,10051,Music,Mining,,,,,,
50,Fullerton,2,FTF + FTT,10051,Music,Utilities,,,,,,
50,Fullerton,2,FTF + FTT,10051,Music,Construction,6,"$39,498","$39,610",7,"$54,401","$54,069"
50,Fullerton,2,FTF + FTT,10051,Music,Manufacturing,9,"$21,947","$20,706",5,"$46,461","$50,386"
50,Fullerton,2,FTF + FTT,10051,Music,Wholesale Trade,6,"$22,871","$35,694",,,
50,Fullerton,2,FTF + FTT,10051,Music,Retail Trade,28,"$23,298","$24,288",12,"$32,868","$36,013"
50,Fullerton,2,FTF + FTT,10051,Music,Transportation & Warehousing,,,,,,
50,Fullerton,2,FTF + FTT,10051,Music,Information,5,"$19,790","$26,112",8,"$29,707","$59,877"
50,Fullerton,2,FTF + FTT,10051,Music,Finance & Insurance,10,"$45,069","$44,484",8,"$50,291","$51,036"
50,Fullerton,2,FTF + FTT,10051,Music,Real Estate & Rental & Leasing,7,"$17,830","$25,100",,,
50,Fullerton,2,FTF + FTT,10051,Music,"Professional, Scientific, & Technical Skills",13,"$36,585","$33,474",11,"$27,268","$41,539"
50,Fullerton,2,FTF + FTT,10051,Music,Admin & Support & Waste Mgmt & Remediation,15,"$15,020","$19,394",,,
50,Fullerton,2,FTF + FTT,10051,Music,Educational Services,8,"$16,811","$24,835",5,"$4,830","$11,717"
50,Fullerton,2,FTF + FTT,10051,Music,Health Care & Social Assistance,14,"$21,756","$31,286",6,"$26,933","$27,392"
50,Fullerton,2,FTF + FTT,10051,Music,"Arts, Entertainment, & Recreation",10,"$27,764","$26,610",5,"$23,365","$20,792"
50,Fullerton,2,FTF + FTT,10051,Music,Accommodation & Food Services,21,"$26,670","$26,795",14,"$13,478","$17,422"
50,Fullerton,2,FTF + FTT,10051,Music,Other Services,7,"$22,457","$25,709",5,"$22,689","$22,775"
50,Fullerton,2,FTF + FTT,10051,Music,Government,,,,,,
50,Fullerton,2,FTF + FTT,10051,Music,No Wages,186,,,257,,
50,Fullerton,2,FTF + FTT,10051,Music,Wages - No NAICS Code,15,"$4,098","$7,510",8,"$7,066","$15,382"
50,Fullerton,2,FTF + FTT,10052,Music Education,"Agriculture, Forestry, Fishing, & Hunting",,,,,,
50,Fullerton,2,FTF + FTT,10052,Music Education,Construction,5,"$52,835","$45,782",,,
50,Fullerton,2,FTF + FTT,10052,Music Education,Manufacturing,,,,,,
50,Fullerton,2,FTF + FTT,10052,Music Education,Wholesale Trade,,,,,,
50,Fullerton,2,FTF + FTT,10052,Music Education,Retail Trade,13,"$20,344","$23,111",6,"$48,195","$44,808"
50,Fullerton,2,FTF + FTT,10052,Music Education,Transportation & Warehousing,,,,,,
50,Fullerton,2,FTF + FTT,10052,Music Education,Information,,,,,,
50,Fullerton,2,FTF + FTT,10052,Music Education,Finance & Insurance,,,,,,
50,Fullerton,2,FTF + FTT,10052,Music Education,Real Estate & Rental & Leasing,,,,,,
50,Fullerton,2,FTF + FTT,10052,Music Education,"Professional, Scientific, & Technical Skills",5,"$24,966","$20,925",,,
50,Fullerton,2,FTF + FTT,10052,Music Education,Admin & Support & Waste Mgmt & Remediation,5,"$24,494","$19,411",,,
50,Fullerton,2,FTF + FTT,10052,Music Education,Educational Services,6,"$10,845","$10,882",,,
50,Fullerton,2,FTF + FTT,10052,Music Education,Health Care & Social Assistance,,,,,,
50,Fullerton,2,FTF + FTT,10052,Music Education,"Arts, Entertainment, & Recreation",,,,,,
50,Fullerton,2,FTF + FTT,10052,Music Education,Accommodation & Food Services,9,"$21,579","$23,239",8,"$19,735","$27,035"
50,Fullerton,2,FTF + FTT,10052,Music Education,Other Services,,,,,,
50,Fullerton,2,FTF + FTT,10052,Music Education,Non-Classified,,,,,,
50,Fullerton,2,FTF + FTT,10052,Music Education,Government,,,,,,
50,Fullerton,2,FTF + FTT,10052,Music Education,No Wages,58,,,89,,
50,Fullerton,2,FTF + FTT,10052,Music Education,Wages - No NAICS Code,6,"$8,777","$27,646",,,
50,Fullerton,2,FTF + FTT,10071,Theatre Arts,"Agriculture, Forestry, Fishing, & Hunting",,,,,,
50,Fullerton,2,FTF + FTT,10071,Theatre Arts,Construction,,,,5,"$56,138","$46,021"
50,Fullerton,2,FTF + FTT,10071,Theatre Arts,Manufacturing,7,"$31,604","$39,041",,,
50,Fullerton,2,FTF + FTT,10071,Theatre Arts,Wholesale Trade,7,"$25,505","$36,262",,,
50,Fullerton,2,FTF + FTT,10071,Theatre Arts,Retail Trade,44,"$26,294","$29,204",20,"$31,207","$36,169"
50,Fullerton,2,FTF + FTT,10071,Theatre Arts,Transportation & Warehousing,5,"$22,792","$30,140",,,
50,Fullerton,2,FTF + FTT,10071,Theatre Arts,Information,28,"$24,870","$26,182",10,"$22,850","$26,358"
50,Fullerton,2,FTF + FTT,10071,Theatre Arts,Finance & Insurance,7,"$33,161","$35,881",9,"$35,845","$41,652"
50,Fullerton,2,FTF + FTT,10071,Theatre Arts,Real Estate & Rental & Leasing,6,"$30,106","$39,898",5,"$39,295","$56,560"
50,Fullerton,2,FTF + FTT,10071,Theatre Arts,"Professional, Scientific, & Technical Skills",10,"$31,212","$37,715",6,"$38,653","$35,395"
50,Fullerton,2,FTF + FTT,10071,Theatre Arts,Management of Companies & Enterprises,,,,,,
50,Fullerton,2,FTF + FTT,10071,Theatre Arts,Admin & Support & Waste Mgmt & Remediation,21,"$22,024","$23,437",5,"$35,397","$33,724"
50,Fullerton,2,FTF + FTT,10071,Theatre Arts,Educational Services,17,"$21,232","$21,602",8,"$25,336","$26,455"
50,Fullerton,2,FTF + FTT,10071,Theatre Arts,Health Care & Social Assistance,17,"$20,820","$19,411",13,"$37,222","$36,405"
50,Fullerton,2,FTF + FTT,10071,Theatre Arts,"Arts, Entertainment, & Recreation",41,"$20,932","$25,513",16,"$37,562","$41,463"
50,Fullerton,2,FTF + FTT,10071,Theatre Arts,Accommodation & Food Services,68,"$20,905","$23,866",27,"$20,033","$26,357"
50,Fullerton,2,FTF + FTT,10071,Theatre Arts,Other Services,11,"$19,997","$18,266",5,"$41,724","$31,767"
50,Fullerton,2,FTF + FTT,10071,Theatre Arts,Non-Classified,,,,,,
50,Fullerton,2,FTF + FTT,10071,Theatre Arts,Government,6,"$24,552","$32,497",,,
50,Fullerton,2,FTF + FTT,10071,Theatre Arts,No Wages,307,,,471,,
50,Fullerton,2,FTF + FTT,10071,Theatre Arts,Wages - No NAICS Code,18,"$1,954","$6,773",15,"$2,994","$10,462"
50,Fullerton,2,FTF + FTT,10072,Theatre Arts - Performance,Construction,,,,,,
50,Fullerton,2,FTF + FTT,10072,Theatre Arts - Performance,Health Care & Social Assistance,,,,,,
50,Fullerton,2,FTF + FTT,10072,Theatre Arts - Performance,No Wages,,,,,,
50,Fullerton,2,FTF + FTT,10081,Dance,Construction,,,,,,
50,Fullerton,2,FTF + FTT,10081,Dance,Manufacturing,,,,,,
50,Fullerton,2,FTF + FTT,10081,Dance,Wholesale Trade,5,"$19,003","$19,469",,,
50,Fullerton,2,FTF + FTT,10081,Dance,Retail Trade,10,"$23,383","$22,047",,,
50,Fullerton,2,FTF + FTT,10081,Dance,Information,,,,,,
50,Fullerton,2,FTF + FTT,10081,Dance,Finance & Insurance,,,,,,
50,Fullerton,2,FTF + FTT,10081,Dance,Real Estate & Rental & Leasing,,,,,,
50,Fullerton,2,FTF + FTT,10081,Dance,"Professional, Scientific, & Technical Skills",,,,,,
50,Fullerton,2,FTF + FTT,10081,Dance,Admin & Support & Waste Mgmt & Remediation,,,,,,
50,Fullerton,2,FTF + FTT,10081,Dance,Educational Services,6,"$26,348","$26,942",,,
50,Fullerton,2,FTF + FTT,10081,Dance,Health Care & Social Assistance,5,"$26,847","$21,463",5,"$29,412","$30,268"
50,Fullerton,2,FTF + FTT,10081,Dance,"Arts, Entertainment, & Recreation",8,"$7,888","$9,579",,,
50,Fullerton,2,FTF + FTT,10081,Dance,Accommodation & Food Services,5,"$20,841","$24,567",,,
50,Fullerton,2,FTF + FTT,10081,Dance,Non-Classified,,,,,,
50,Fullerton,2,FTF + FTT,10081,Dance,Government,,,,,,
50,Fullerton,2,FTF + FTT,10081,Dance,No Wages,40,,,65,,
50,Fullerton,2,FTF + FTT,10081,Dance,Wages - No NAICS Code,,,,,,
50,Fullerton,2,FTF + FTT,11021,French,Construction,,,,,,
50,Fullerton,2,FTF + FTT,11021,French,Manufacturing,,,,,,
50,Fullerton,2,FTF + FTT,11021,French,Wholesale Trade,,,,,,
50,Fullerton,2,FTF + FTT,11021,French,Information,,,,,,
50,Fullerton,2,FTF + FTT,11021,French,"Professional, Scientific, & Technical Skills",,,,,,
50,Fullerton,2,FTF + FTT,11021,French,No Wages,20,,,21,,
50,Fullerton,2,FTF + FTT,11021,French,Wages - No NAICS Code,,,,,,
50,Fullerton,2,FTF + FTT,11031,German,Retail Trade,,,,,,
50,Fullerton,2,FTF + FTT,11031,German,Transportation & Warehousing,,,,,,
50,Fullerton,2,FTF + FTT,11031,German,No Wages,6,,,6,,
50,Fullerton,2,FTF + FTT,11031,German,Wages - No NAICS Code,,,,,,
50,Fullerton,2,FTF + FTT,11051,Spanish,Construction,,,,,,
50,Fullerton,2,FTF + FTT,11051,Spanish,Manufacturing,,,,,,
50,Fullerton,2,FTF + FTT,11051,Spanish,Wholesale Trade,,,,,,
50,Fullerton,2,FTF + FTT,11051,Spanish,Retail Trade,8,"$19,093","$26,991",,,
50,Fullerton,2,FTF + FTT,11051,Spanish,Transportation & Warehousing,,,,,,
50,Fullerton,2,FTF + FTT,11051,Spanish,Information,,,,,,
50,Fullerton,2,FTF + FTT,11051,Spanish,Finance & Insurance,7,"$51,390","$48,842",7,"$35,340","$46,876"
50,Fullerton,2,FTF + FTT,11051,Spanish,Real Estate & Rental & Leasing,,,,,,
50,Fullerton,2,FTF + FTT,11051,Spanish,"Professional, Scientific, & Technical Skills",,,,,,
50,Fullerton,2,FTF + FTT,11051,Spanish,Admin & Support & Waste Mgmt & Remediation,8,"$19,234","$18,997",,,
50,Fullerton,2,FTF + FTT,11051,Spanish,Educational Services,7,"$31,063","$30,786",6,"$32,698","$32,598"
50,Fullerton,2,FTF + FTT,11051,Spanish,Health Care & Social Assistance,10,"$39,107","$41,878",,,
50,Fullerton,2,FTF + FTT,11051,Spanish,"Arts, Entertainment, & Recreation",,,,,,
50,Fullerton,2,FTF + FTT,11051,Spanish,Accommodation & Food Services,5,"$28,218","$33,267",,,
50,Fullerton,2,FTF + FTT,11051,Spanish,Other Services,,,,,,
50,Fullerton,2,FTF + FTT,11051,Spanish,Non-Classified,,,,,,
50,Fullerton,2,FTF + FTT,11051,Spanish,Government,5,"$42,748","$46,709",,,
50,Fullerton,2,FTF + FTT,11051,Spanish,No Wages,43,,,82,,
50,Fullerton,2,FTF + FTT,11051,Spanish,Wages - No NAICS Code,,,,,,
50,Fullerton,2,FTF + FTT,11081,Japanese,Utilities,,,,,,
50,Fullerton,2,FTF + FTT,11081,Japanese,Manufacturing,,,,,,
50,Fullerton,2,FTF + FTT,11081,Japanese,Wholesale Trade,,,,,,
50,Fullerton,2,FTF + FTT,11081,Japanese,Retail Trade,,,,,,
50,Fullerton,2,FTF + FTT,11081,Japanese,Finance & Insurance,,,,,,
50,Fullerton,2,FTF + FTT,11081,Japanese,"Professional, Scientific, & Technical Skills",,,,,,
50,Fullerton,2,FTF + FTT,11081,Japanese,Health Care & Social Assistance,,,,,,
50,Fullerton,2,FTF + FTT,11081,Japanese,"Arts, Entertainment, & Recreation",,,,,,
50,Fullerton,2,FTF + FTT,11081,Japanese,Accommodation & Food Services,,,,,,
50,Fullerton,2,FTF + FTT,11081,Japanese,No Wages,16,,,22,,
50,Fullerton,2,FTF + FTT,11081,Japanese,Wages - No NAICS Code,,,,,,
50,Fullerton,2,FTF + FTT,12011,Health Science,Construction,,,,,,
50,Fullerton,2,FTF + FTT,12011,Health Science,Manufacturing,,,,,,
50,Fullerton,2,FTF + FTT,12011,Health Science,Wholesale Trade,,,,,,
50,Fullerton,2,FTF + FTT,12011,Health Science,Retail Trade,26,"$25,855","$27,071",10,"$49,909","$52,795"
50,Fullerton,2,FTF + FTT,12011,Health Science,Transportation & Warehousing,,,,,,
50,Fullerton,2,FTF + FTT,12011,Health Science,Information,,,,,,
50,Fullerton,2,FTF + FTT,12011,Health Science,Finance & Insurance,14,"$34,452","$39,975",,,
50,Fullerton,2,FTF + FTT,12011,Health Science,Real Estate & Rental & Leasing,,,,,,
50,Fullerton,2,FTF + FTT,12011,Health Science,"Professional, Scientific, & Technical Skills",,,,,,
50,Fullerton,2,FTF + FTT,12011,Health Science,Admin & Support & Waste Mgmt & Remediation,14,"$43,093","$44,456",,,
50,Fullerton,2,FTF + FTT,12011,Health Science,Educational Services,,,,,,
50,Fullerton,2,FTF + FTT,12011,Health Science,Health Care & Social Assistance,42,"$39,530","$43,393",27,"$50,367","$52,262"
50,Fullerton,2,FTF + FTT,12011,Health Science,"Arts, Entertainment, & Recreation",,,,,,
50,Fullerton,2,FTF + FTT,12011,Health Science,Accommodation & Food Services,11,"$19,253","$20,674",,,
50,Fullerton,2,FTF + FTT,12011,Health Science,Other Services,,,,,,
50,Fullerton,2,FTF + FTT,12011,Health Science,Non-Classified,,,,,,
50,Fullerton,2,FTF + FTT,12011,Health Science,Government,5,"$71,212","$68,376",,,
50,Fullerton,2,FTF + FTT,12011,Health Science,No Wages,181,,,267,,
50,Fullerton,2,FTF + FTT,12011,Health Science,Wages - No NAICS Code,7,"$7,450","$25,756",,,
50,Fullerton,2,FTF + FTT,12201,Communicative Disorders,Manufacturing,,,,,,
50,Fullerton,2,FTF + FTT,12201,Communicative Disorders,Wholesale Trade,,,,,,
50,Fullerton,2,FTF + FTT,12201,Communicative Disorders,Retail Trade,,,,,,
50,Fullerton,2,FTF + FTT,12201,Communicative Disorders,Transportation & Warehousing,,,,,,
50,Fullerton,2,FTF + FTT,12201,Communicative Disorders,Information,,,,,,
50,Fullerton,2,FTF + FTT,12201,Communicative Disorders,Finance & Insurance,5,"$28,463","$24,509",,,
50,Fullerton,2,FTF + FTT,12201,Communicative Disorders,"Professional, Scientific, & Technical Skills",,,,,,
50,Fullerton,2,FTF + FTT,12201,Communicative Disorders,Admin & Support & Waste Mgmt & Remediation,,,,,,
50,Fullerton,2,FTF + FTT,12201,Communicative Disorders,Educational Services,,,,,,
50,Fullerton,2,FTF + FTT,12201,Communicative Disorders,Health Care & Social Assistance,13,"$36,276","$33,230",,,
50,Fullerton,2,FTF + FTT,12201,Communicative Disorders,"Arts, Entertainment, & Recreation",,,,,,
50,Fullerton,2,FTF + FTT,12201,Communicative Disorders,Accommodation & Food Services,5,"$9,897","$12,057",,,
50,Fullerton,2,FTF + FTT,12201,Communicative Disorders,Other Services,,,,,,
50,Fullerton,2,FTF + FTT,12201,Communicative Disorders,Non-Classified,,,,,,
50,Fullerton,2,FTF + FTT,12201,Communicative Disorders,Government,,,,,,
50,Fullerton,2,FTF + FTT,12201,Communicative Disorders,No Wages,102,,,124,,
50,Fullerton,2,FTF + FTT,12201,Communicative Disorders,Wages - No NAICS Code,,,,,,
50,Fullerton,2,FTF + FTT,15011,English,"Agriculture, Forestry, Fishing, & Hunting",,,,,,
50,Fullerton,2,FTF + FTT,15011,English,Utilities,,,,,,
50,Fullerton,2,FTF + FTT,15011,English,Construction,,,,,,
50,Fullerton,2,FTF + FTT,15011,English,Manufacturing,12,"$36,613","$43,653",7,"$52,400","$57,465"
50,Fullerton,2,FTF + FTT,15011,English,Wholesale Trade,13,"$43,284","$42,331",7,"$41,701","$42,296"
50,Fullerton,2,FTF + FTT,15011,English,Retail Trade,46,"$27,874","$29,809",17,"$29,985","$41,590"
50,Fullerton,2,FTF + FTT,15011,English,Transportation & Warehousing,12,"$39,264","$41,758",7,"$42,593","$39,144"
50,Fullerton,2,FTF + FTT,15011,English,Information,,,,6,"$42,381","$64,892"
50,Fullerton,2,FTF + FTT,15011,English,Finance & Insurance,19,"$50,837","$56,538",11,"$63,445","$56,368"
50,Fullerton,2,FTF + FTT,15011,English,Real Estate & Rental & Leasing,7,"$35,231","$45,521",,,
50,Fullerton,2,FTF + FTT,15011,English,"Professional, Scientific, & Technical Skills",15,"$45,191","$53,799",8,"$38,666","$35,162"
50,Fullerton,2,FTF + FTT,15011,English,Admin & Support & Waste Mgmt & Remediation,20,"$36,906","$32,984",10,"$44,784","$41,543"
50,Fullerton,2,FTF + FTT,15011,English,Educational Services,16,"$35,761","$38,073",10,"$36,073","$31,331"
50,Fullerton,2,FTF + FTT,15011,English,Health Care & Social Assistance,25,"$35,889","$38,515",8,"$56,581","$50,272"
50,Fullerton,2,FTF + FTT,15011,English,"Arts, Entertainment, & Recreation",16,"$27,584","$29,685",7,"$37,189","$32,463"
50,Fullerton,2,FTF + FTT,15011,English,Accommodation & Food Services,30,"$22,669","$25,704",11,"$23,386","$31,291"
50,Fullerton,2,FTF + FTT,15011,English,Other Services,6,"$16,309","$18,662",,,
50,Fullerton,2,FTF + FTT,15011,English,Non-Classified,,,,,,
50,Fullerton,2,FTF + FTT,15011,English,Government,14,"$49,732","$54,729",8,"$78,288","$86,204"
50,Fullerton,2,FTF + FTT,15011,English,No Wages,229,,,379,,
50,Fullerton,2,FTF + FTT,15011,English,Wages - No NAICS Code,19,"$3,567","$13,350",11,"$7,380","$21,625"
50,Fullerton,2,FTF + FTT,15031,Comparative Literature,Construction,,,,,,
50,Fullerton,2,FTF + FTT,15031,Comparative Literature,Wholesale Trade,,,,,,
50,Fullerton,2,FTF + FTT,15031,Comparative Literature,Retail Trade,5,"$12,031","$24,241",,,
50,Fullerton,2,FTF + FTT,15031,Comparative Literature,Information,,,,,,
50,Fullerton,2,FTF + FTT,15031,Comparative Literature,"Professional, Scientific, & Technical Skills",,,,,,
50,Fullerton,2,FTF + FTT,15031,Comparative Literature,Admin & Support & Waste Mgmt & Remediation,,,,,,
50,Fullerton,2,FTF + FTT,15031,Comparative Literature,Health Care & Social Assistance,,,,,,
50,Fullerton,2,FTF + FTT,15031,Comparative Literature,"Arts, Entertainment, & Recreation",,,,,,
50,Fullerton,2,FTF + FTT,15031,Comparative Literature,Accommodation & Food Services,,,,,,
50,Fullerton,2,FTF + FTT,15031,Comparative Literature,Other Services,,,,,,
50,Fullerton,2,FTF + FTT,15031,Comparative Literature,No Wages,9,,,14,,
50,Fullerton,2,FTF + FTT,15031,Comparative Literature,Wages - No NAICS Code,,,,,,
50,Fullerton,2,FTF + FTT,15051,Linguistics,Manufacturing,,,,,,
50,Fullerton,2,FTF + FTT,15051,Linguistics,Wholesale Trade,,,,,,
50,Fullerton,2,FTF + FTT,15051,Linguistics,Retail Trade,,,,,,
50,Fullerton,2,FTF + FTT,15051,Linguistics,Information,,,,,,
50,Fullerton,2,FTF + FTT,15051,Linguistics,Finance & Insurance,,,,,,
50,Fullerton,2,FTF + FTT,15051,Linguistics,"Professional, Scientific, & Technical Skills",,,,,,
50,Fullerton,2,FTF + FTT,15051,Linguistics,Admin & Support & Waste Mgmt & Remediation,,,,,,
50,Fullerton,2,FTF + FTT,15051,Linguistics,Educational Services,,,,,,
50,Fullerton,2,FTF + FTT,15051,Linguistics,Health Care & Social Assistance,,,,,,
50,Fullerton,2,FTF + FTT,15051,Linguistics,"Arts, Entertainment, & Recreation",,,,,,
50,Fullerton,2,FTF + FTT,15051,Linguistics,Accommodation & Food Services,,,,,,
50,Fullerton,2,FTF + FTT,15051,Linguistics,No Wages,17,,,24,,
50,Fullerton,2,FTF + FTT,15051,Linguistics,Wages - No NAICS Code,,,,,,
50,Fullerton,2,FTF + FTT,15061,Speech Communication,Construction,,,,,,
50,Fullerton,2,FTF + FTT,15061,Speech Communication,Wholesale Trade,,,,,,
50,Fullerton,2,FTF + FTT,15061,Speech Communication,Retail Trade,5,"$21,343","$41,829",,,
50,Fullerton,2,FTF + FTT,15061,Speech Communication,Information,,,,,,
50,Fullerton,2,FTF + FTT,15061,Speech Communication,Finance & Insurance,7,"$56,991","$77,151",,,
50,Fullerton,2,FTF + FTT,15061,Speech Communication,Real Estate & Rental & Leasing,,,,,,
50,Fullerton,2,FTF + FTT,15061,Speech Communication,"Professional, Scientific, & Technical Skills",6,"$58,719","$92,938",,,
50,Fullerton,2,FTF + FTT,15061,Speech Communication,Admin & Support & Waste Mgmt & Remediation,,,,,,
50,Fullerton,2,FTF + FTT,15061,Speech Communication,Educational Services,,,,,,
50,Fullerton,2,FTF + FTT,15061,Speech Communication,Health Care & Social Assistance,,,,,,
50,Fullerton,2,FTF + FTT,15061,Speech Communication,Accommodation & Food Services,,,,,,
50,Fullerton,2,FTF + FTT,15061,Speech Communication,Other Services,,,,,,
50,Fullerton,2,FTF + FTT,15061,Speech Communication,Government,,,,,,
50,Fullerton,2,FTF + FTT,15061,Speech Communication,No Wages,44,,,66,,
50,Fullerton,2,FTF + FTT,15061,Speech Communication,Wages - No NAICS Code,,,,,,
50,Fullerton,2,FTF + FTT,15091,Philosophy,Construction,,,,,,
50,Fullerton,2,FTF + FTT,15091,Philosophy,Manufacturing,,,,,,
50,Fullerton,2,FTF + FTT,15091,Philosophy,Wholesale Trade,,,,,,
50,Fullerton,2,FTF + FTT,15091,Philosophy,Retail Trade,7,"$31,035","$44,613",6,"$24,228","$52,187"
50,Fullerton,2,FTF + FTT,15091,Philosophy,Information,,,,,,
50,Fullerton,2,FTF + FTT,15091,Philosophy,Finance & Insurance,,,,,,
50,Fullerton,2,FTF + FTT,15091,Philosophy,Real Estate & Rental & Leasing,5,"$35,117","$37,924",,,
50,Fullerton,2,FTF + FTT,15091,Philosophy,"Professional, Scientific, & Technical Skills",,,,,,
50,Fullerton,2,FTF + FTT,15091,Philosophy,Admin & Support & Waste Mgmt & Remediation,,,,,,
50,Fullerton,2,FTF + FTT,15091,Philosophy,Educational Services,,,,,,
50,Fullerton,2,FTF + FTT,15091,Philosophy,Health Care & Social Assistance,,,,,,
50,Fullerton,2,FTF + FTT,15091,Philosophy,"Arts, Entertainment, & Recreation",,,,,,
50,Fullerton,2,FTF + FTT,15091,Philosophy,Accommodation & Food Services,6,"$24,408","$26,532",,,
50,Fullerton,2,FTF + FTT,15091,Philosophy,Other Services,,,,,,
50,Fullerton,2,FTF + FTT,15091,Philosophy,Government,,,,,,
50,Fullerton,2,FTF + FTT,15091,Philosophy,No Wages,42,,,61,,
50,Fullerton,2,FTF + FTT,15091,Philosophy,Wages - No NAICS Code,,,,,,
50,Fullerton,2,FTF + FTT,15101,Religious Studies,Construction,,,,,,
50,Fullerton,2,FTF + FTT,15101,Religious Studies,Manufacturing,,,,,,
50,Fullerton,2,FTF + FTT,15101,Religious Studies,Wholesale Trade,,,,,,
50,Fullerton,2,FTF + FTT,15101,Religious Studies,Retail Trade,5,"$48,204","$67,933",,,
50,Fullerton,2,FTF + FTT,15101,Religious Studies,Finance & Insurance,,,,,,
50,Fullerton,2,FTF + FTT,15101,Religious Studies,Real Estate & Rental & Leasing,,,,,,
50,Fullerton,2,FTF + FTT,15101,Religious Studies,"Professional, Scientific, & Technical Skills",,,,,,
50,Fullerton,2,FTF + FTT,15101,Religious Studies,Educational Services,,,,,,
50,Fullerton,2,FTF + FTT,15101,Religious Studies,Health Care & Social Assistance,,,,,,
50,Fullerton,2,FTF + FTT,15101,Religious Studies,Government,,,,,,
50,Fullerton,2,FTF + FTT,15101,Religious Studies,No Wages,11,,,19,,
50,Fullerton,2,FTF + FTT,15101,Religious Studies,Wages - No NAICS Code,,,,,,
50,Fullerton,2,FTF + FTT,17011,Mathematics,Utilities,,,,,,
50,Fullerton,2,FTF + FTT,17011,Mathematics,Construction,6,"$37,863","$45,256",5,"$88,497","$65,801"
50,Fullerton,2,FTF + FTT,17011,Mathematics,Manufacturing,11,"$45,297","$43,995",6,"$23,208","$27,317"
50,Fullerton,2,FTF + FTT,17011,Mathematics,Wholesale Trade,7,"$21,372","$31,332",,,
50,Fullerton,2,FTF + FTT,17011,Mathematics,Retail Trade,42,"$29,157","$28,526",15,"$52,945","$47,158"
50,Fullerton,2,FTF + FTT,17011,Mathematics,Transportation & Warehousing,7,"$24,170","$26,743",,,
50,Fullerton,2,FTF + FTT,17011,Mathematics,Information,,,,,,
50,Fullerton,2,FTF + FTT,17011,Mathematics,Finance & Insurance,16,"$43,821","$44,977",6,"$53,729","$57,736"
50,Fullerton,2,FTF + FTT,17011,Mathematics,Real Estate & Rental & Leasing,6,"$45,241","$46,883",5,"$72,670","$65,699"
50,Fullerton,2,FTF + FTT,17011,Mathematics,"Professional, Scientific, & Technical Skills",9,"$45,825","$56,932",6,"$35,572","$34,959"
50,Fullerton,2,FTF + FTT,17011,Mathematics,Admin & Support & Waste Mgmt & Remediation,12,"$26,477","$35,925",,,
50,Fullerton,2,FTF + FTT,17011,Mathematics,Educational Services,15,"$30,568","$28,934",5,"$25,369","$29,411"
50,Fullerton,2,FTF + FTT,17011,Mathematics,Health Care & Social Assistance,9,"$21,608","$27,538",5,"$38,265","$40,574"
50,Fullerton,2,FTF + FTT,17011,Mathematics,"Arts, Entertainment, & Recreation",8,"$23,452","$23,067",,,
50,Fullerton,2,FTF + FTT,17011,Mathematics,Accommodation & Food Services,11,"$16,399","$23,831",,,
50,Fullerton,2,FTF + FTT,17011,Mathematics,Other Services,,,,,,
50,Fullerton,2,FTF + FTT,17011,Mathematics,Government,6,"$34,098","$43,119",5,"$48,965","$55,271"
50,Fullerton,2,FTF + FTT,17011,Mathematics,No Wages,145,,,248,,
50,Fullerton,2,FTF + FTT,17011,Mathematics,Wages - No NAICS Code,12,"$3,743","$14,523",5,"$16,079","$35,296"
50,Fullerton,2,FTF + FTT,17021,Statistics,Retail Trade,,,,,,
50,Fullerton,2,FTF + FTT,17021,Statistics,Information,,,,,,
50,Fullerton,2,FTF + FTT,17021,Statistics,Accommodation & Food Services,,,,,,
50,Fullerton,2,FTF + FTT,17021,Statistics,No Wages,9,,,13,,
50,Fullerton,2,FTF + FTT,17021,Statistics,Wages - No NAICS Code,,,,,,
50,Fullerton,2,FTF + FTT,17031,Applied Mathematics,Retail Trade,,,,,,
50,Fullerton,2,FTF + FTT,17031,Applied Mathematics,Transportation & Warehousing,,,,,,
50,Fullerton,2,FTF + FTT,17031,Applied Mathematics,Finance & Insurance,,,,,,
50,Fullerton,2,FTF + FTT,17031,Applied Mathematics,Admin & Support & Waste Mgmt & Remediation,,,,,,
50,Fullerton,2,FTF + FTT,17031,Applied Mathematics,Educational Services,,,,,,
50,Fullerton,2,FTF + FTT,17031,Applied Mathematics,Health Care & Social Assistance,,,,,,
50,Fullerton,2,FTF + FTT,17031,Applied Mathematics,Other Services,,,,,,
50,Fullerton,2,FTF + FTT,17031,Applied Mathematics,No Wages,22,,,29,,
50,Fullerton,2,FTF + FTT,19021,Physics,Manufacturing,,,,,,
50,Fullerton,2,FTF + FTT,19021,Physics,Wholesale Trade,,,,,,
50,Fullerton,2,FTF + FTT,19021,Physics,Retail Trade,8,"$19,573","$25,103",,,
50,Fullerton,2,FTF + FTT,19021,Physics,Information,,,,,,
50,Fullerton,2,FTF + FTT,19021,Physics,Finance & Insurance,6,"$26,257","$27,341",,,
50,Fullerton,2,FTF + FTT,19021,Physics,"Professional, Scientific, & Technical Skills",,,,,,
50,Fullerton,2,FTF + FTT,19021,Physics,Admin & Support & Waste Mgmt & Remediation,,,,,,
50,Fullerton,2,FTF + FTT,19021,Physics,Educational Services,,,,,,
50,Fullerton,2,FTF + FTT,19021,Physics,Health Care & Social Assistance,,,,,,
50,Fullerton,2,FTF + FTT,19021,Physics,"Arts, Entertainment, & Recreation",,,,,,
50,Fullerton,2,FTF + FTT,19021,Physics,Accommodation & Food Services,,,,,,
50,Fullerton,2,FTF + FTT,19021,Physics,Non-Classified,,,,,,
50,Fullerton,2,FTF + FTT,19021,Physics,No Wages,27,,,50,,
50,Fullerton,2,FTF + FTT,19021,Physics,Wages - No NAICS Code,,,,,,
50,Fullerton,2,FTF + FTT,19051,Chemistry,"Agriculture, Forestry, Fishing, & Hunting",,,,,,
50,Fullerton,2,FTF + FTT,19051,Chemistry,Utilities,,,,,,
50,Fullerton,2,FTF + FTT,19051,Chemistry,Construction,,,,,,
50,Fullerton,2,FTF + FTT,19051,Chemistry,Manufacturing,8,"$46,148","$56,347",,,
50,Fullerton,2,FTF + FTT,19051,Chemistry,Wholesale Trade,,,,,,
50,Fullerton,2,FTF + FTT,19051,Chemistry,Retail Trade,15,"$23,258","$39,853",,,
50,Fullerton,2,FTF + FTT,19051,Chemistry,Transportation & Warehousing,,,,,,
50,Fullerton,2,FTF + FTT,19051,Chemistry,Information,,,,,,
50,Fullerton,2,FTF + FTT,19051,Chemistry,Finance & Insurance,,,,,,
50,Fullerton,2,FTF + FTT,19051,Chemistry,Real Estate & Rental & Leasing,,,,,,
50,Fullerton,2,FTF + FTT,19051,Chemistry,"Professional, Scientific, & Technical Skills",5,"$15,992","$18,904",,,
50,Fullerton,2,FTF + FTT,19051,Chemistry,Admin & Support & Waste Mgmt & Remediation,7,"$24,171","$26,317",,,
50,Fullerton,2,FTF + FTT,19051,Chemistry,Educational Services,,,,,,
50,Fullerton,2,FTF + FTT,19051,Chemistry,Health Care & Social Assistance,13,"$29,280","$30,521",6,"$41,764","$39,711"
50,Fullerton,2,FTF + FTT,19051,Chemistry,"Arts, Entertainment, & Recreation",,,,,,
50,Fullerton,2,FTF + FTT,19051,Chemistry,Accommodation & Food Services,13,"$21,380","$25,588",8,"$26,195","$45,923"
50,Fullerton,2,FTF + FTT,19051,Chemistry,Other Services,,,,,,
50,Fullerton,2,FTF + FTT,19051,Chemistry,Government,,,,,,
50,Fullerton,2,FTF + FTT,19051,Chemistry,No Wages,83,,,128,,
50,Fullerton,2,FTF + FTT,19051,Chemistry,Wages - No NAICS Code,,,,,,
50,Fullerton,2,FTF + FTT,19141,Geology,Utilities,,,,,,
50,Fullerton,2,FTF + FTT,19141,Geology,Construction,,,,,,
50,Fullerton,2,FTF + FTT,19141,Geology,Manufacturing,,,,,,
50,Fullerton,2,FTF + FTT,19141,Geology,Wholesale Trade,,,,,,
50,Fullerton,2,FTF + FTT,19141,Geology,Retail Trade,,,,,,
50,Fullerton,2,FTF + FTT,19141,Geology,Transportation & Warehousing,5,"$36,799","$37,314",,,
50,Fullerton,2,FTF + FTT,19141,Geology,Information,,,,,,
50,Fullerton,2,FTF + FTT,19141,Geology,"Professional, Scientific, & Technical Skills",,,,,,
50,Fullerton,2,FTF + FTT,19141,Geology,Admin & Support & Waste Mgmt & Remediation,,,,,,
50,Fullerton,2,FTF + FTT,19141,Geology,Educational Services,,,,,,
50,Fullerton,2,FTF + FTT,19141,Geology,Health Care & Social Assistance,,,,,,
50,Fullerton,2,FTF + FTT,19141,Geology,"Arts, Entertainment, & Recreation",,,,,,
50,Fullerton,2,FTF + FTT,19141,Geology,Accommodation & Food Services,,,,,,
50,Fullerton,2,FTF + FTT,19141,Geology,Other Services,,,,,,
50,Fullerton,2,FTF + FTT,19141,Geology,Government,,,,,,
50,Fullerton,2,FTF + FTT,19141,Geology,No Wages,28,,,40,,
50,Fullerton,2,FTF + FTT,19141,Geology,Wages - No NAICS Code,,,,,,
50,Fullerton,2,FTF + FTT,19171,Earth Science,No Wages,,,,,,
50,Fullerton,2,FTF + FTT,20011 + 20013,Psychology,"Agriculture, Forestry, Fishing, & Hunting",,,,,,
50,Fullerton,2,FTF + FTT,20011 + 20013,Psychology,Utilities,,,,,,
50,Fullerton,2,FTF + FTT,20011 + 20013,Psychology,Construction,24,"$43,562","$42,630",12,"$49,177","$42,863"
50,Fullerton,2,FTF + FTT,20011 + 20013,Psychology,Manufacturing,42,"$38,409","$45,686",21,"$47,783","$64,334"
50,Fullerton,2,FTF + FTT,20011 + 20013,Psychology,Wholesale Trade,39,"$40,870","$47,477",30,"$48,035","$52,940"
50,Fullerton,2,FTF + FTT,20011 + 20013,Psychology,Retail Trade,146,"$28,252","$31,680",55,"$36,852","$42,383"
50,Fullerton,2,FTF + FTT,20011 + 20013,Psychology,Transportation & Warehousing,19,"$27,532","$33,951",10,"$38,418","$51,384"
50,Fullerton,2,FTF + FTT,20011 + 20013,Psychology,Information,20,"$37,406","$41,623",12,"$42,592","$66,301"
50,Fullerton,2,FTF + FTT,20011 + 20013,Psychology,Finance & Insurance,95,"$41,582","$45,285",52,"$51,896","$59,504"
50,Fullerton,2,FTF + FTT,20011 + 20013,Psychology,Real Estate & Rental & Leasing,20,"$38,215","$53,929",12,"$41,882","$49,011"
50,Fullerton,2,FTF + FTT,20011 + 20013,Psychology,"Professional, Scientific, & Technical Skills",50,"$31,621","$36,132",32,"$41,690","$45,823"
50,Fullerton,2,FTF + FTT,20011 + 20013,Psychology,Management of Companies & Enterprises,,,,,,
50,Fullerton,2,FTF + FTT,20011 + 20013,Psychology,Admin & Support & Waste Mgmt & Remediation,69,"$25,963","$33,744",30,"$29,036","$34,948"
50,Fullerton,2,FTF + FTT,20011 + 20013,Psychology,Educational Services,45,"$24,837","$24,425",29,"$27,544","$28,803"
50,Fullerton,2,FTF + FTT,20011 + 20013,Psychology,Health Care & Social Assistance,116,"$33,687","$34,067",65,"$38,339","$44,689"
50,Fullerton,2,FTF + FTT,20011 + 20013,Psychology,"Arts, Entertainment, & Recreation",25,"$23,409","$23,618",13,"$28,699","$32,991"
50,Fullerton,2,FTF + FTT,20011 + 20013,Psychology,Accommodation & Food Services,93,"$23,144","$25,643",23,"$36,227","$35,541"
50,Fullerton,2,FTF + FTT,20011 + 20013,Psychology,Other Services,26,"$26,035","$28,288",12,"$13,446","$22,955"
50,Fullerton,2,FTF + FTT,20011 + 20013,Psychology,Government,49,"$46,117","$51,665",33,"$56,923","$70,268"
50,Fullerton,2,FTF + FTT,20011 + 20013,Psychology,No Wages,818,,,"1,272",,
50,Fullerton,2,FTF + FTT,20011 + 20013,Psychology,Wages - No NAICS Code,42,"$4,655","$8,136",24,"$4,289","$33,415"
50,Fullerton,2,FTF + FTT,21021,Public Administration,Utilities,,,,,,
50,Fullerton,2,FTF + FTT,21021,Public Administration,Wholesale Trade,,,,,,
50,Fullerton,2,FTF + FTT,21021,Public Administration,Retail Trade,,,,,,
50,Fullerton,2,FTF + FTT,21021,Public Administration,Transportation & Warehousing,,,,,,
50,Fullerton,2,FTF + FTT,21021,Public Administration,Information,,,,,,
50,Fullerton,2,FTF + FTT,21021,Public Administration,"Professional, Scientific, & Technical Skills",,,,,,
50,Fullerton,2,FTF + FTT,21021,Public Administration,Management of Companies & Enterprises,,,,,,
50,Fullerton,2,FTF + FTT,21021,Public Administration,Admin & Support & Waste Mgmt & Remediation,,,,,,
50,Fullerton,2,FTF + FTT,21021,Public Administration,Health Care & Social Assistance,,,,,,
50,Fullerton,2,FTF + FTT,21021,Public Administration,Accommodation & Food Services,,,,,,
50,Fullerton,2,FTF + FTT,21021,Public Administration,Government,5,"$96,751","$118,049",,,
50,Fullerton,2,FTF + FTT,21021,Public Administration,No Wages,33,,,52,,
50,Fullerton,2,FTF + FTT,21021,Public Administration,Wages - No NAICS Code,,,,,,
50,Fullerton,2,FTF + FTT,21042,Human Services,Utilities,,,,,,
50,Fullerton,2,FTF + FTT,21042,Human Services,Construction,,,,,,
50,Fullerton,2,FTF + FTT,21042,Human Services,Manufacturing,,,,5,"$53,838","$66,940"
50,Fullerton,2,FTF + FTT,21042,Human Services,Wholesale Trade,7,"$42,481","$41,344",,,
50,Fullerton,2,FTF + FTT,21042,Human Services,Retail Trade,21,"$27,773","$32,457",10,"$43,198","$44,480"
50,Fullerton,2,FTF + FTT,21042,Human Services,Transportation & Warehousing,,,,,,
50,Fullerton,2,FTF + FTT,21042,Human Services,Information,8,"$43,827","$40,855",,,
50,Fullerton,2,FTF + FTT,21042,Human Services,Finance & Insurance,17,"$48,262","$62,671",7,"$47,062","$48,725"
50,Fullerton,2,FTF + FTT,21042,Human Services,Real Estate & Rental & Leasing,,,,,,
50,Fullerton,2,FTF + FTT,21042,Human Services,"Professional, Scientific, & Technical Skills",11,"$41,839","$39,964",7,"$53,933","$41,896"
50,Fullerton,2,FTF + FTT,21042,Human Services,Admin & Support & Waste Mgmt & Remediation,10,"$45,152","$40,703",,,
50,Fullerton,2,FTF + FTT,21042,Human Services,Educational Services,21,"$43,676","$41,739",12,"$52,214","$48,271"
50,Fullerton,2,FTF + FTT,21042,Human Services,Health Care & Social Assistance,22,"$32,071","$33,263",11,"$35,715","$38,812"
50,Fullerton,2,FTF + FTT,21042,Human Services,"Arts, Entertainment, & Recreation",6,"$43,268","$51,657",,,
50,Fullerton,2,FTF + FTT,21042,Human Services,Accommodation & Food Services,10,"$29,032","$29,277",6,"$13,998","$27,956"
50,Fullerton,2,FTF + FTT,21042,Human Services,Other Services,9,"$37,474","$40,157",,,
50,Fullerton,2,FTF + FTT,21042,Human Services,Non-Classified,,,,,,
50,Fullerton,2,FTF + FTT,21042,Human Services,Government,22,"$58,994","$60,611",12,"$66,018","$66,389"
50,Fullerton,2,FTF + FTT,21042,Human Services,No Wages,170,,,263,,
50,Fullerton,2,FTF + FTT,21042,Human Services,Wages - No NAICS Code,8,"$3,460","$18,702",5,"$19,514","$46,689"
50,Fullerton,2,FTF + FTT,21051,Criminal Justice,"Agriculture, Forestry, Fishing, & Hunting",,,,,,
50,Fullerton,2,FTF + FTT,21051,Criminal Justice,Utilities,7,"$55,208","$55,616",7,"$80,151","$95,317"
50,Fullerton,2,FTF + FTT,21051,Criminal Justice,Construction,21,"$43,868","$47,187",5,"$63,800","$62,431"
50,Fullerton,2,FTF + FTT,21051,Criminal Justice,Manufacturing,36,"$37,433","$39,496",18,"$51,754","$52,366"
50,Fullerton,2,FTF + FTT,21051,Criminal Justice,Wholesale Trade,20,"$28,193","$40,998",10,"$42,140","$57,895"
50,Fullerton,2,FTF + FTT,21051,Criminal Justice,Retail Trade,90,"$33,774","$32,072",35,"$40,844","$44,789"
50,Fullerton,2,FTF + FTT,21051,Criminal Justice,Transportation & Warehousing,16,"$33,951","$37,296",8,"$51,073","$54,877"
50,Fullerton,2,FTF + FTT,21051,Criminal Justice,Information,12,"$41,797","$51,150",8,"$39,627","$76,781"
50,Fullerton,2,FTF + FTT,21051,Criminal Justice,Finance & Insurance,53,"$36,443","$39,135",22,"$42,952","$54,172"
50,Fullerton,2,FTF + FTT,21051,Criminal Justice,Real Estate & Rental & Leasing,15,"$32,534","$33,589",6,"$46,767","$59,910"
50,Fullerton,2,FTF + FTT,21051,Criminal Justice,"Professional, Scientific, & Technical Skills",34,"$37,416","$44,458",21,"$41,578","$45,095"
50,Fullerton,2,FTF + FTT,21051,Criminal Justice,Management of Companies & Enterprises,,,,,,
50,Fullerton,2,FTF + FTT,21051,Criminal Justice,Admin & Support & Waste Mgmt & Remediation,41,"$31,722","$29,456",20,"$24,195","$34,303"
50,Fullerton,2,FTF + FTT,21051,Criminal Justice,Educational Services,25,"$39,432","$40,120",18,"$37,408","$41,342"
50,Fullerton,2,FTF + FTT,21051,Criminal Justice,Health Care & Social Assistance,43,"$28,220","$29,389",18,"$41,638","$46,607"
50,Fullerton,2,FTF + FTT,21051,Criminal Justice,"Arts, Entertainment, & Recreation",22,"$23,706","$26,799",,,
50,Fullerton,2,FTF + FTT,21051,Criminal Justice,Accommodation & Food Services,57,"$24,447","$27,914",21,"$27,718","$31,664"
50,Fullerton,2,FTF + FTT,21051,Criminal Justice,Other Services,11,"$30,671","$29,901",6,"$26,079","$54,580"
50,Fullerton,2,FTF + FTT,21051,Criminal Justice,Government,103,"$82,058","$79,600",64,"$99,709","$92,951"
50,Fullerton,2,FTF + FTT,21051,Criminal Justice,No Wages,458,,,789,,
50,Fullerton,2,FTF + FTT,21051,Criminal Justice,Wages - No NAICS Code,33,"$27,122","$41,448",20,"$50,233","$48,309"
50,Fullerton,2,FTF + FTT,22021,Anthropology,Manufacturing,,,,,,
50,Fullerton,2,FTF + FTT,22021,Anthropology,Wholesale Trade,,,,,,
50,Fullerton,2,FTF + FTT,22021,Anthropology,Retail Trade,8,"$13,437","$16,242",,,
50,Fullerton,2,FTF + FTT,22021,Anthropology,Transportation & Warehousing,,,,,,
50,Fullerton,2,FTF + FTT,22021,Anthropology,Information,,,,,,
50,Fullerton,2,FTF + FTT,22021,Anthropology,Finance & Insurance,,,,,,
50,Fullerton,2,FTF + FTT,22021,Anthropology,Real Estate & Rental & Leasing,,,,,,
50,Fullerton,2,FTF + FTT,22021,Anthropology,"Professional, Scientific, & Technical Skills",5,"$35,671","$30,885",,,
50,Fullerton,2,FTF + FTT,22021,Anthropology,Management of Companies & Enterprises,,,,,,
50,Fullerton,2,FTF + FTT,22021,Anthropology,Admin & Support & Waste Mgmt & Remediation,,,,,,
50,Fullerton,2,FTF + FTT,22021,Anthropology,Educational Services,,,,,,
50,Fullerton,2,FTF + FTT,22021,Anthropology,Health Care & Social Assistance,,,,,,
50,Fullerton,2,FTF + FTT,22021,Anthropology,"Arts, Entertainment, & Recreation",5,"$30,967","$26,274",,,
50,Fullerton,2,FTF + FTT,22021,Anthropology,Accommodation & Food Services,6,"$48,580","$43,061",5,"$49,594","$41,979"
50,Fullerton,2,FTF + FTT,22021,Anthropology,Other Services,,,,,,
50,Fullerton,2,FTF + FTT,22021,Anthropology,Non-Classified,,,,,,
50,Fullerton,2,FTF + FTT,22021,Anthropology,Government,,,,,,
50,Fullerton,2,FTF + FTT,22021,Anthropology,No Wages,53,,,80,,
50,Fullerton,2,FTF + FTT,22021,Anthropology,Wages - No NAICS Code,5,"$19,572","$19,679",,,
50,Fullerton,2,FTF + FTT,22041,Economics,"Agriculture, Forestry, Fishing, & Hunting",,,,,,
50,Fullerton,2,FTF + FTT,22041,Economics,Construction,,,,,,
50,Fullerton,2,FTF + FTT,22041,Economics,Manufacturing,,,,,,
50,Fullerton,2,FTF + FTT,22041,Economics,Wholesale Trade,,,,,,
50,Fullerton,2,FTF + FTT,22041,Economics,Retail Trade,13,"$41,505","$40,285",,,
50,Fullerton,2,FTF + FTT,22041,Economics,Transportation & Warehousing,,,,,,
50,Fullerton,2,FTF + FTT,22041,Economics,Information,,,,,,
50,Fullerton,2,FTF + FTT,22041,Economics,Finance & Insurance,8,"$48,839","$55,120",5,"$54,610","$69,626"
50,Fullerton,2,FTF + FTT,22041,Economics,Real Estate & Rental & Leasing,,,,,,
50,Fullerton,2,FTF + FTT,22041,Economics,"Professional, Scientific, & Technical Skills",6,"$60,968","$71,813",,,
50,Fullerton,2,FTF + FTT,22041,Economics,Management of Companies & Enterprises,,,,,,
50,Fullerton,2,FTF + FTT,22041,Economics,Educational Services,,,,,,
50,Fullerton,2,FTF + FTT,22041,Economics,Health Care & Social Assistance,5,"$20,634","$44,112",,,
50,Fullerton,2,FTF + FTT,22041,Economics,"Arts, Entertainment, & Recreation",,,,,,
50,Fullerton,2,FTF + FTT,22041,Economics,Accommodation & Food Services,,,,,,
50,Fullerton,2,FTF + FTT,22041,Economics,Other Services,,,,,,
50,Fullerton,2,FTF + FTT,22041,Economics,No Wages,55,,,85,,
50,Fullerton,2,FTF + FTT,22041,Economics,Wages - No NAICS Code,,,,,,
50,Fullerton,2,FTF + FTT,22051,History,"Agriculture, Forestry, Fishing, & Hunting",,,,,,
50,Fullerton,2,FTF + FTT,22051,History,Utilities,,,,,,
50,Fullerton,2,FTF + FTT,22051,History,Construction,15,"$44,536","$46,811",5,"$64,744","$68,366"
50,Fullerton,2,FTF + FTT,22051,History,Manufacturing,13,"$44,517","$42,560",12,"$47,280","$49,522"
50,Fullerton,2,FTF + FTT,22051,History,Wholesale Trade,22,"$46,065","$53,843",13,"$42,442","$62,412"
50,Fullerton,2,FTF + FTT,22051,History,Retail Trade,66,"$31,372","$34,590",21,"$50,539","$49,404"
50,Fullerton,2,FTF + FTT,22051,History,Transportation & Warehousing,11,"$28,149","$29,681",5,"$58,826","$56,692"
50,Fullerton,2,FTF + FTT,22051,History,Information,8,"$43,516","$48,840",8,"$32,785","$43,383"
50,Fullerton,2,FTF + FTT,22051,History,Finance & Insurance,31,"$42,955","$44,791",15,"$49,003","$60,903"
50,Fullerton,2,FTF + FTT,22051,History,Real Estate & Rental & Leasing,,,,6,"$35,829","$37,780"
50,Fullerton,2,FTF + FTT,22051,History,"Professional, Scientific, & Technical Skills",23,"$44,551","$51,596",12,"$44,321","$59,285"
50,Fullerton,2,FTF + FTT,22051,History,Management of Companies & Enterprises,,,,,,
50,Fullerton,2,FTF + FTT,22051,History,Admin & Support & Waste Mgmt & Remediation,18,"$30,733","$36,489",7,"$42,288","$53,365"
50,Fullerton,2,FTF + FTT,22051,History,Educational Services,26,"$32,141","$30,923",,,
50,Fullerton,2,FTF + FTT,22051,History,Health Care & Social Assistance,17,"$29,567","$28,759",11,"$42,543","$41,711"
50,Fullerton,2,FTF + FTT,22051,History,"Arts, Entertainment, & Recreation",20,"$22,546","$29,015",9,"$38,757","$40,457"
50,Fullerton,2,FTF + FTT,22051,History,Accommodation & Food Services,45,"$25,918","$28,411",16,"$29,989","$36,212"
50,Fullerton,2,FTF + FTT,22051,History,Other Services,12,"$26,235","$30,137",7,"$34,461","$40,119"
50,Fullerton,2,FTF + FTT,22051,History,Non-Classified,,,,,,
50,Fullerton,2,FTF + FTT,22051,History,Government,12,"$50,827","$56,314",9,"$58,405","$62,134"
50,Fullerton,2,FTF + FTT,22051,History,No Wages,262,,,453,,
50,Fullerton,2,FTF + FTT,22051,History,Wages - No NAICS Code,18,"$6,527","$15,848",12,"$4,469","$14,762"
50,Fullerton,2,FTF + FTT,22061 + 22063,Geography,Utilities,,,,,,
50,Fullerton,2,FTF + FTT,22061 + 22063,Geography,Construction,,,,,,
50,Fullerton,2,FTF + FTT,22061 + 22063,Geography,Wholesale Trade,,,,,,
50,Fullerton,2,FTF + FTT,22061 + 22063,Geography,Retail Trade,,,,,,
50,Fullerton,2,FTF + FTT,22061 + 22063,Geography,Transportation & Warehousing,,,,,,
50,Fullerton,2,FTF + FTT,22061 + 22063,Geography,Information,,,,,,
50,Fullerton,2,FTF + FTT,22061 + 22063,Geography,Finance & Insurance,,,,,,
50,Fullerton,2,FTF + FTT,22061 + 22063,Geography,"Professional, Scientific, & Technical Skills",,,,,,
50,Fullerton,2,FTF + FTT,22061 + 22063,Geography,Admin & Support & Waste Mgmt & Remediation,,,,,,
50,Fullerton,2,FTF + FTT,22061 + 22063,Geography,Educational Services,,,,,,
50,Fullerton,2,FTF + FTT,22061 + 22063,Geography,Health Care & Social Assistance,,,,,,
50,Fullerton,2,FTF + FTT,22061 + 22063,Geography,"Arts, Entertainment, & Recreation",,,,,,
50,Fullerton,2,FTF + FTT,22061 + 22063,Geography,Accommodation & Food Services,,,,,,
50,Fullerton,2,FTF + FTT,22061 + 22063,Geography,Government,5,"$72,728","$69,900",,,
50,Fullerton,2,FTF + FTT,22061 + 22063,Geography,No Wages,25,,,40,,
50,Fullerton,2,FTF + FTT,22061 + 22063,Geography,Wages - No NAICS Code,,,,,,
50,Fullerton,2,FTF + FTT,22071,Political Science,"Agriculture, Forestry, Fishing, & Hunting",,,,,,
50,Fullerton,2,FTF + FTT,22071,Political Science,Utilities,,,,,,
50,Fullerton,2,FTF + FTT,22071,Political Science,Construction,8,"$42,810","$47,452",,,
50,Fullerton,2,FTF + FTT,22071,Political Science,Manufacturing,8,"$39,521","$38,436",,,
50,Fullerton,2,FTF + FTT,22071,Political Science,Wholesale Trade,16,"$34,185","$31,372",7,"$31,336","$36,412"
50,Fullerton,2,FTF + FTT,22071,Political Science,Retail Trade,37,"$37,509","$39,190",22,"$47,947","$54,701"
50,Fullerton,2,FTF + FTT,22071,Political Science,Transportation & Warehousing,5,"$33,746","$40,627",5,"$41,628","$45,098"
50,Fullerton,2,FTF + FTT,22071,Political Science,Information,13,"$49,657","$55,918",,,
50,Fullerton,2,FTF + FTT,22071,Political Science,Finance & Insurance,32,"$42,290","$45,018",18,"$53,834","$52,718"
50,Fullerton,2,FTF + FTT,22071,Political Science,Real Estate & Rental & Leasing,8,"$28,080","$25,448",,,
50,Fullerton,2,FTF + FTT,22071,Political Science,"Professional, Scientific, & Technical Skills",20,"$36,174","$33,250",13,"$46,106","$56,061"
50,Fullerton,2,FTF + FTT,22071,Political Science,Management of Companies & Enterprises,,,,,,
50,Fullerton,2,FTF + FTT,22071,Political Science,Admin & Support & Waste Mgmt & Remediation,11,"$19,447","$27,947",8,"$44,243","$47,132"
50,Fullerton,2,FTF + FTT,22071,Political Science,Educational Services,7,"$37,752","$31,940",7,"$23,356","$22,823"
50,Fullerton,2,FTF + FTT,22071,Political Science,Health Care & Social Assistance,11,"$25,362","$21,206",11,"$39,640","$43,502"
50,Fullerton,2,FTF + FTT,22071,Political Science,"Arts, Entertainment, & Recreation",8,"$29,419","$30,461",,,
50,Fullerton,2,FTF + FTT,22071,Political Science,Accommodation & Food Services,19,"$17,952","$24,410",6,"$28,634","$38,698"
50,Fullerton,2,FTF + FTT,22071,Political Science,Other Services,7,"$32,496","$33,473",,,
50,Fullerton,2,FTF + FTT,22071,Political Science,Non-Classified,,,,,,
50,Fullerton,2,FTF + FTT,22071,Political Science,Government,22,"$70,077","$68,082",11,"$95,308","$97,958"
50,Fullerton,2,FTF + FTT,22071,Political Science,No Wages,158,,,267,,
50,Fullerton,2,FTF + FTT,22071,Political Science,Wages - No NAICS Code,11,"$8,221","$17,696",6,"$43,002","$45,733"
50,Fullerton,2,FTF + FTT,22081,Sociology,"Agriculture, Forestry, Fishing, & Hunting",,,,,,
50,Fullerton,2,FTF + FTT,22081,Sociology,Construction,5,"$40,937","$36,549",,,
50,Fullerton,2,FTF + FTT,22081,Sociology,Manufacturing,9,"$41,780","$39,142",7,"$40,342","$46,824"
50,Fullerton,2,FTF + FTT,22081,Sociology,Wholesale Trade,15,"$45,708","$56,288",9,"$60,946","$63,800"
50,Fullerton,2,FTF + FTT,22081,Sociology,Retail Trade,38,"$30,751","$32,131",13,"$67,560","$59,607"
50,Fullerton,2,FTF + FTT,22081,Sociology,Transportation & Warehousing,9,"$50,315","$48,528",,,
50,Fullerton,2,FTF + FTT,22081,Sociology,Information,9,"$73,429","$61,203",,,
50,Fullerton,2,FTF + FTT,22081,Sociology,Finance & Insurance,19,"$41,438","$50,933",7,"$51,982","$79,528"
50,Fullerton,2,FTF + FTT,22081,Sociology,Real Estate & Rental & Leasing,,,,,,
50,Fullerton,2,FTF + FTT,22081,Sociology,"Professional, Scientific, & Technical Skills",17,"$36,283","$55,687",8,"$59,924","$66,954"
50,Fullerton,2,FTF + FTT,22081,Sociology,Management of Companies & Enterprises,,,,,,
50,Fullerton,2,FTF + FTT,22081,Sociology,Admin & Support & Waste Mgmt & Remediation,19,"$34,958","$41,864",10,"$39,759","$38,781"
50,Fullerton,2,FTF + FTT,22081,Sociology,Educational Services,23,"$38,306","$35,629",10,"$44,488","$43,730"
50,Fullerton,2,FTF + FTT,22081,Sociology,Health Care & Social Assistance,23,"$30,143","$34,476",11,"$44,912","$50,614"
50,Fullerton,2,FTF + FTT,22081,Sociology,"Arts, Entertainment, & Recreation",5,"$18,646","$23,264",,,
50,Fullerton,2,FTF + FTT,22081,Sociology,Accommodation & Food Services,15,"$37,102","$37,774",6,"$34,869","$31,810"
50,Fullerton,2,FTF + FTT,22081,Sociology,Other Services,,,,,,
50,Fullerton,2,FTF + FTT,22081,Sociology,Non-Classified,,,,,,
50,Fullerton,2,FTF + FTT,22081,Sociology,Government,28,"$53,456","$68,046",15,"$58,038","$70,675"
50,Fullerton,2,FTF + FTT,22081,Sociology,No Wages,213,,,347,,
50,Fullerton,2,FTF + FTT,22081,Sociology,Wages - No NAICS Code,12,"$2,216","$15,699",6,"$11,296","$12,911"
50,Fullerton,2,FTF + FTT,22111,African-American Studies,Health Care & Social Assistance,,,,,,
50,Fullerton,2,FTF + FTT,22111,African-American Studies,No Wages,5,,,6,,
50,Fullerton,2,FTF + FTT,22131,Mexican-American Studies,Educational Services,,,,,,
50,Fullerton,2,FTF + FTT,22131,Mexican-American Studies,Health Care & Social Assistance,,,,,,
50,Fullerton,2,FTF + FTT,22131,Mexican-American Studies,No Wages,10,,,14,,
50,Fullerton,2,FTF + FTT,22990 + 49991,Women's Studies,Retail Trade,,,,,,
50,Fullerton,2,FTF + FTT,22990 + 49991,Women's Studies,Other Services,,,,,,
50,Fullerton,2,FTF + FTT,22990 + 49991,Women's Studies,No Wages,6,,,8,,
50,Fullerton,2,FTF + FTT,22996 + 22999,Women's Studies,Wholesale Trade,,,,,,
50,Fullerton,2,FTF + FTT,22996 + 22999,Women's Studies,No Wages,5,,,,,
50,Fullerton,2,FTF + FTT,49012 + 49017,Women's Studies,"Agriculture, Forestry, Fishing, & Hunting",,,,,,
50,Fullerton,2,FTF + FTT,49012 + 49017,Women's Studies,Mining,,,,,,
50,Fullerton,2,FTF + FTT,49012 + 49017,Women's Studies,Utilities,6,"$68,742","$64,255",,,
50,Fullerton,2,FTF + FTT,49012 + 49017,Women's Studies,Construction,18,"$30,033","$38,788",20,"$49,453","$56,670"
50,Fullerton,2,FTF + FTT,49012 + 49017,Women's Studies,Manufacturing,23,"$36,984","$38,546",13,"$57,066","$64,003"
50,Fullerton,2,FTF + FTT,49012 + 49017,Women's Studies,Wholesale Trade,31,"$41,855","$43,968",25,"$33,284","$41,799"
50,Fullerton,2,FTF + FTT,49012 + 49017,Women's Studies,Retail Trade,132,"$31,488","$34,807",54,"$45,042","$49,094"
50,Fullerton,2,FTF + FTT,49012 + 49017,Women's Studies,Transportation & Warehousing,29,"$32,434","$41,932",20,"$41,269","$40,794"
50,Fullerton,2,FTF + FTT,49012 + 49017,Women's Studies,Information,12,"$45,387","$41,581",15,"$45,967","$42,085"
50,Fullerton,2,FTF + FTT,49012 + 49017,Women's Studies,Finance & Insurance,77,"$46,122","$51,248",46,"$52,924","$61,155"
50,Fullerton,2,FTF + FTT,49012 + 49017,Women's Studies,Real Estate & Rental & Leasing,18,"$34,307","$38,353",8,"$39,485","$56,466"
50,Fullerton,2,FTF + FTT,49012 + 49017,Women's Studies,"Professional, Scientific, & Technical Skills",61,"$30,659","$32,935",23,"$46,659","$42,353"
50,Fullerton,2,FTF + FTT,49012 + 49017,Women's Studies,Management of Companies & Enterprises,,,,,,
50,Fullerton,2,FTF + FTT,49012 + 49017,Women's Studies,Admin & Support & Waste Mgmt & Remediation,49,"$29,477","$32,849",30,"$30,416","$40,188"
50,Fullerton,2,FTF + FTT,49012 + 49017,Women's Studies,Educational Services,107,"$29,875","$32,435",49,"$37,163","$37,147"
50,Fullerton,2,FTF + FTT,49012 + 49017,Women's Studies,Health Care & Social Assistance,72,"$29,355","$32,912",57,"$36,349","$39,920"
50,Fullerton,2,FTF + FTT,49012 + 49017,Women's Studies,"Arts, Entertainment, & Recreation",31,"$24,038","$23,057",18,"$28,812","$31,356"
50,Fullerton,2,FTF + FTT,49012 + 49017,Women's Studies,Accommodation & Food Services,85,"$21,700","$26,715",27,"$37,433","$36,599"
50,Fullerton,2,FTF + FTT,49012 + 49017,Women's Studies,Other Services,29,"$28,873","$28,625",17,"$31,073","$34,838"
50,Fullerton,2,FTF + FTT,49012 + 49017,Women's Studies,Non-Classified,,,,,,
50,Fullerton,2,FTF + FTT,49012 + 49017,Women's Studies,Government,34,"$49,063","$59,341",26,"$58,847","$61,754"
50,Fullerton,2,FTF + FTT,49012 + 49017,Women's Studies,No Wages,515,,,890,,
50,Fullerton,2,FTF + FTT,49012 + 49017,Women's Studies,Wages - No NAICS Code,38,"$7,493","$12,623",27,"$3,448","$17,895"
50,Fullerton,2,FTF,00000,Undeclared/Unknown,"Agriculture, Forestry, Fishing, & Hunting",11,"$21,993","$25,427",6,"$8,412","$13,576"
50,Fullerton,2,FTF,00000,Undeclared/Unknown,Mining,,,,,,
50,Fullerton,2,FTF,00000,Undeclared/Unknown,Utilities,9,"$64,837","$53,241",12,"$73,471","$72,051"
50,Fullerton,2,FTF,00000,Undeclared/Unknown,Construction,73,"$40,406","$43,649",49,"$47,170","$52,329"
50,Fullerton,2,FTF,00000,Undeclared/Unknown,Manufacturing,103,"$35,810","$37,889",79,"$44,357","$49,428"
50,Fullerton,2,FTF,00000,Undeclared/Unknown,Wholesale Trade,107,"$31,396","$36,157",81,"$48,224","$52,165"
50,Fullerton,2,FTF,00000,Undeclared/Unknown,Retail Trade,380,"$26,847","$31,900",142,"$43,276","$47,596"
50,Fullerton,2,FTF,00000,Undeclared/Unknown,Transportation & Warehousing,45,"$30,323","$30,546",22,"$32,924","$44,480"
50,Fullerton,2,FTF,00000,Undeclared/Unknown,Information,51,"$35,454","$40,587",32,"$56,555","$57,764"
50,Fullerton,2,FTF,00000,Undeclared/Unknown,Finance & Insurance,181,"$37,793","$41,276",120,"$52,315","$52,118"
50,Fullerton,2,FTF,00000,Undeclared/Unknown,Real Estate & Rental & Leasing,33,"$43,072","$50,879",26,"$34,623","$36,830"
50,Fullerton,2,FTF,00000,Undeclared/Unknown,"Professional, Scientific, & Technical Skills",123,"$32,074","$36,347",76,"$39,290","$45,640"
50,Fullerton,2,FTF,00000,Undeclared/Unknown,Management of Companies & Enterprises,,,,,,
50,Fullerton,2,FTF,00000,Undeclared/Unknown,Admin & Support & Waste Mgmt & Remediation,166,"$21,748","$25,571",82,"$35,501","$37,926"
50,Fullerton,2,FTF,00000,Undeclared/Unknown,Educational Services,67,"$19,850","$23,954",40,"$37,781","$36,676"
50,Fullerton,2,FTF,00000,Undeclared/Unknown,Health Care & Social Assistance,201,"$28,066","$30,351",148,"$40,526","$44,181"
50,Fullerton,2,FTF,00000,Undeclared/Unknown,"Arts, Entertainment, & Recreation",86,"$24,595","$25,550",39,"$26,902","$131,327"
50,Fullerton,2,FTF,00000,Undeclared/Unknown,Accommodation & Food Services,265,"$21,200","$23,565",84,"$30,460","$30,172"
50,Fullerton,2,FTF,00000,Undeclared/Unknown,Other Services,59,"$17,351","$20,156",32,"$30,250","$36,131"
50,Fullerton,2,FTF,00000,Undeclared/Unknown,Non-Classified,8,$364,"$7,221",5,"$5,360","$26,146"
50,Fullerton,2,FTF,00000,Undeclared/Unknown,Government,76,"$60,378","$60,296",66,"$75,435","$80,365"
50,Fullerton,2,FTF,00000,Undeclared/Unknown,No Wages,"1,332",,,"2,274",,
50,Fullerton,2,FTF,00000,Undeclared/Unknown,Wages - No NAICS Code,109,"$5,237","$9,350",72,"$7,375","$79,214"
50,Fullerton,2,FTF,00121 + 12031 + 12032,Nursing,"Agriculture, Forestry, Fishing, & Hunting",,,,,,
50,Fullerton,2,FTF,00121 + 12031 + 12032,Nursing,Construction,,,,,,
50,Fullerton,2,FTF,00121 + 12031 + 12032,Nursing,Manufacturing,,,,,,
50,Fullerton,2,FTF,00121 + 12031 + 12032,Nursing,Wholesale Trade,,,,,,
50,Fullerton,2,FTF,00121 + 12031 + 12032,Nursing,Retail Trade,18,"$17,563","$23,556",,,
50,Fullerton,2,FTF,00121 + 12031 + 12032,Nursing,Finance & Insurance,,,,,,
50,Fullerton,2,FTF,00121 + 12031 + 12032,Nursing,Real Estate & Rental & Leasing,,,,,,
50,Fullerton,2,FTF,00121 + 12031 + 12032,Nursing,Admin & Support & Waste Mgmt & Remediation,6,"$22,516","$20,098",,,
50,Fullerton,2,FTF,00121 + 12031 + 12032,Nursing,Educational Services,,,,,,
50,Fullerton,2,FTF,00121 + 12031 + 12032,Nursing,Health Care & Social Assistance,34,"$24,312","$29,787",,,
50,Fullerton,2,FTF,00121 + 12031 + 12032,Nursing,"Arts, Entertainment, & Recreation",,,,,,
50,Fullerton,2,FTF,00121 + 12031 + 12032,Nursing,Accommodation & Food Services,7,"$20,507","$16,940",,,
50,Fullerton,2,FTF,00121 + 12031 + 12032,Nursing,Government,,,,,,
50,Fullerton,2,FTF,00121 + 12031 + 12032,Nursing,No Wages,74,,,158,,
50,Fullerton,2,FTF,00121 + 12031 + 12032,Nursing,Wages - No NAICS Code,6,"$2,345","$9,514",,,
50,Fullerton,2,FTF,03081 + 03085,Latin/Central American Studies,No Wages,,,,,,
50,Fullerton,2,FTF,03101 + 03121 + 03122,European Studies,No Wages,,,,,,
50,Fullerton,2,FTF,03131,American Studies,"Agriculture, Forestry, Fishing, & Hunting",,,,,,
50,Fullerton,2,FTF,03131,American Studies,Retail Trade,,,,,,
50,Fullerton,2,FTF,03131,American Studies,Government,,,,,,
50,Fullerton,2,FTF,03131,American Studies,No Wages,,,,,,
50,Fullerton,2,FTF,04011,Biology,"Agriculture, Forestry, Fishing, & Hunting",,,,,,
50,Fullerton,2,FTF,04011,Biology,Utilities,,,,,,
50,Fullerton,2,FTF,04011,Biology,Construction,10,"$31,398","$43,496",9,"$40,872","$40,354"
50,Fullerton,2,FTF,04011,Biology,Manufacturing,16,"$29,434","$32,185",17,"$44,251","$41,968"
50,Fullerton,2,FTF,04011,Biology,Wholesale Trade,20,"$30,972","$33,782",15,"$36,115","$36,518"
50,Fullerton,2,FTF,04011,Biology,Retail Trade,80,"$23,913","$29,303",39,"$37,932","$38,607"
50,Fullerton,2,FTF,04011,Biology,Transportation & Warehousing,5,"$40,758","$58,182",6,"$37,177","$54,373"
50,Fullerton,2,FTF,04011,Biology,Information,15,"$30,158","$38,999",8,"$48,704","$43,919"
50,Fullerton,2,FTF,04011,Biology,Finance & Insurance,38,"$38,941","$38,874",29,"$46,995","$46,714"
50,Fullerton,2,FTF,04011,Biology,Real Estate & Rental & Leasing,6,"$43,289","$43,575",,,
50,Fullerton,2,FTF,04011,Biology,"Professional, Scientific, & Technical Skills",23,"$34,450","$42,400",11,"$39,408","$40,911"
50,Fullerton,2,FTF,04011,Biology,Management of Companies & Enterprises,,,,,,
50,Fullerton,2,FTF,04011,Biology,Admin & Support & Waste Mgmt & Remediation,35,"$20,510","$27,269",19,"$36,654","$41,414"
50,Fullerton,2,FTF,04011,Biology,Educational Services,17,"$18,092","$17,289",12,"$17,248","$28,027"
50,Fullerton,2,FTF,04011,Biology,Health Care & Social Assistance,77,"$29,107","$31,960",65,"$39,821","$45,220"
50,Fullerton,2,FTF,04011,Biology,"Arts, Entertainment, & Recreation",20,"$22,270","$25,109",8,"$55,024","$56,808"
50,Fullerton,2,FTF,04011,Biology,Accommodation & Food Services,45,"$19,211","$21,013",14,"$14,614","$22,602"
50,Fullerton,2,FTF,04011,Biology,Other Services,8,"$16,155","$15,538",8,"$19,159","$20,461"
50,Fullerton,2,FTF,04011,Biology,Non-Classified,,,,,,
50,Fullerton,2,FTF,04011,Biology,Government,16,"$36,620","$40,704",16,"$52,998","$63,047"
50,Fullerton,2,FTF,04011,Biology,No Wages,403,,,552,,
50,Fullerton,2,FTF,04011,Biology,Wages - No NAICS Code,19,"$4,864","$11,144",22,"$7,741","$17,238"
50,Fullerton,2,FTF,04141,Biochemistry,Utilities,,,,,,
50,Fullerton,2,FTF,04141,Biochemistry,Construction,,,,,,
50,Fullerton,2,FTF,04141,Biochemistry,Manufacturing,5,"$27,021","$28,329",,,
50,Fullerton,2,FTF,04141,Biochemistry,Wholesale Trade,5,"$32,386","$47,962",,,
50,Fullerton,2,FTF,04141,Biochemistry,Retail Trade,26,"$23,821","$28,418",8,"$12,529","$37,575"
50,Fullerton,2,FTF,04141,Biochemistry,Transportation & Warehousing,,,,,,
50,Fullerton,2,FTF,04141,Biochemistry,Information,,,,,,
50,Fullerton,2,FTF,04141,Biochemistry,Finance & Insurance,,,,,,
50,Fullerton,2,FTF,04141,Biochemistry,Real Estate & Rental & Leasing,,,,,,
50,Fullerton,2,FTF,04141,Biochemistry,"Professional, Scientific, & Technical Skills",,,,,,
50,Fullerton,2,FTF,04141,Biochemistry,Admin & Support & Waste Mgmt & Remediation,7,"$33,381","$29,296",5,"$45,245","$43,795"
50,Fullerton,2,FTF,04141,Biochemistry,Educational Services,,,,,,
50,Fullerton,2,FTF,04141,Biochemistry,Health Care & Social Assistance,19,"$35,223","$35,156",9,"$31,266","$41,908"
50,Fullerton,2,FTF,04141,Biochemistry,"Arts, Entertainment, & Recreation",,,,,,
50,Fullerton,2,FTF,04141,Biochemistry,Accommodation & Food Services,16,"$20,013","$20,987",6,"$27,219","$25,446"
50,Fullerton,2,FTF,04141,Biochemistry,Other Services,,,,,,
50,Fullerton,2,FTF,04141,Biochemistry,Government,,,,,,
50,Fullerton,2,FTF,04141,Biochemistry,No Wages,151,,,212,,
50,Fullerton,2,FTF,04141,Biochemistry,Wages - No NAICS Code,10,"$2,268","$5,472",,,
50,Fullerton,2,FTF,05011,Business Administration,"Agriculture, Forestry, Fishing, & Hunting",8,"$13,731","$15,986",,,
50,Fullerton,2,FTF,05011,Business Administration,Utilities,12,"$49,360","$67,668",9,"$90,939","$80,734"
50,Fullerton,2,FTF,05011,Business Administration,Construction,61,"$36,186","$39,114",36,"$51,329","$55,402"
50,Fullerton,2,FTF,05011,Business Administration,Manufacturing,85,"$37,637","$40,011",63,"$54,146","$60,377"
50,Fullerton,2,FTF,05011,Business Administration,Wholesale Trade,109,"$33,510","$37,670",67,"$48,574","$50,011"
50,Fullerton,2,FTF,05011,Business Administration,Retail Trade,290,"$29,665","$32,158",128,"$41,560","$46,407"
50,Fullerton,2,FTF,05011,Business Administration,Transportation & Warehousing,37,"$31,335","$32,071",21,"$35,723","$35,641"
50,Fullerton,2,FTF,05011,Business Administration,Information,55,"$39,792","$44,976",29,"$63,116","$61,195"
50,Fullerton,2,FTF,05011,Business Administration,Finance & Insurance,195,"$41,009","$44,973",111,"$48,823","$58,496"
50,Fullerton,2,FTF,05011,Business Administration,Real Estate & Rental & Leasing,40,"$30,050","$34,084",20,"$42,826","$42,621"
50,Fullerton,2,FTF,05011,Business Administration,"Professional, Scientific, & Technical Skills",94,"$38,090","$46,690",61,"$43,960","$69,735"
50,Fullerton,2,FTF,05011,Business Administration,Management of Companies & Enterprises,,,,,,
50,Fullerton,2,FTF,05011,Business Administration,Admin & Support & Waste Mgmt & Remediation,107,"$31,236","$29,384",54,"$28,718","$33,551"
50,Fullerton,2,FTF,05011,Business Administration,Educational Services,39,"$19,413","$26,862",25,"$29,268","$30,585"
50,Fullerton,2,FTF,05011,Business Administration,Health Care & Social Assistance,106,"$26,164","$30,302",77,"$34,139","$38,151"
50,Fullerton,2,FTF,05011,Business Administration,"Arts, Entertainment, & Recreation",61,"$23,822","$27,646",29,"$35,103","$34,886"
50,Fullerton,2,FTF,05011,Business Administration,Accommodation & Food Services,207,"$19,704","$22,454",67,"$26,155","$30,369"
50,Fullerton,2,FTF,05011,Business Administration,Other Services,48,"$20,240","$27,032",19,"$18,197","$26,604"
50,Fullerton,2,FTF,05011,Business Administration,Non-Classified,,,,5,"$11,688","$21,835"
50,Fullerton,2,FTF,05011,Business Administration,Government,37,"$50,580","$59,556",36,"$53,430","$60,954"
50,Fullerton,2,FTF,05011,Business Administration,No Wages,"1,183",,,"1,967",,
50,Fullerton,2,FTF,05011,Business Administration,Wages - No NAICS Code,85,"$5,046","$9,788",35,"$4,343","$9,714"
50,Fullerton,2,FTF,05061,Management,Manufacturing,,,,,,
50,Fullerton,2,FTF,05061,Management,No Wages,,,,,,
50,Fullerton,2,FTF,05091,Marketing,Retail Trade,,,,,,
50,Fullerton,2,FTF,05091,Marketing,No Wages,,,,,,
50,Fullerton,2,FTF,05131,International Business,"Agriculture, Forestry, Fishing, & Hunting",,,,,,
50,Fullerton,2,FTF,05131,International Business,Utilities,,,,,,
50,Fullerton,2,FTF,05131,International Business,Construction,,,,,,
50,Fullerton,2,FTF,05131,International Business,Manufacturing,6,"$28,686","$38,898",,,
50,Fullerton,2,FTF,05131,International Business,Wholesale Trade,6,"$17,146","$19,301",5,"$32,071","$50,349"
50,Fullerton,2,FTF,05131,International Business,Retail Trade,20,"$27,227","$32,669",9,"$35,866","$47,198"
50,Fullerton,2,FTF,05131,International Business,Transportation & Warehousing,,,,,,
50,Fullerton,2,FTF,05131,International Business,Information,9,"$48,140","$56,120",6,"$40,027","$53,722"
50,Fullerton,2,FTF,05131,International Business,Finance & Insurance,21,"$34,722","$48,537",7,"$51,346","$50,619"
50,Fullerton,2,FTF,05131,International Business,Real Estate & Rental & Leasing,,,,,,
50,Fullerton,2,FTF,05131,International Business,"Professional, Scientific, & Technical Skills",5,"$36,682","$39,964",7,"$54,164","$51,927"
50,Fullerton,2,FTF,05131,International Business,Management of Companies & Enterprises,,,,,,
50,Fullerton,2,FTF,05131,International Business,Admin & Support & Waste Mgmt & Remediation,13,"$20,654","$35,092",6,"$25,483","$34,994"
50,Fullerton,2,FTF,05131,International Business,Educational Services,,,,,,
50,Fullerton,2,FTF,05131,International Business,Health Care & Social Assistance,6,"$21,271","$20,109",5,"$45,508","$44,000"
50,Fullerton,2,FTF,05131,International Business,"Arts, Entertainment, & Recreation",,,,,,
50,Fullerton,2,FTF,05131,International Business,Accommodation & Food Services,17,"$19,980","$18,621",9,"$18,131","$23,908"
50,Fullerton,2,FTF,05131,International Business,Other Services,,,,,,
50,Fullerton,2,FTF,05131,International Business,Non-Classified,,,,,,
50,Fullerton,2,FTF,05131,International Business,Government,,,,,,
50,Fullerton,2,FTF,05131,International Business,No Wages,96,,,144,,
50,Fullerton,2,FTF,05131,International Business,Wages - No NAICS Code,6,"$10,962","$18,554",7,"$5,261","$28,840"
50,Fullerton,2,FTF,05992,Public Relations,"Agriculture, Forestry, Fishing, & Hunting",,,,,,
50,Fullerton,2,FTF,05992,Public Relations,Construction,,,,,,
50,Fullerton,2,FTF,05992,Public Relations,Manufacturing,,,,,,
50,Fullerton,2,FTF,05992,Public Relations,Wholesale Trade,,,,,,
50,Fullerton,2,FTF,05992,Public Relations,Retail Trade,,,,,,
50,Fullerton,2,FTF,05992,Public Relations,Information,,,,,,
50,Fullerton,2,FTF,05992,Public Relations,Finance & Insurance,,,,,,
50,Fullerton,2,FTF,05992,Public Relations,"Professional, Scientific, & Technical Skills",,,,,,
50,Fullerton,2,FTF,05992,Public Relations,Management of Companies & Enterprises,,,,,,
50,Fullerton,2,FTF,05992,Public Relations,Admin & Support & Waste Mgmt & Remediation,,,,,,
50,Fullerton,2,FTF,05992,Public Relations,Educational Services,,,,,,
50,Fullerton,2,FTF,05992,Public Relations,Health Care & Social Assistance,,,,,,
50,Fullerton,2,FTF,05992,Public Relations,"Arts, Entertainment, & Recreation",,,,,,
50,Fullerton,2,FTF,05992,Public Relations,Accommodation & Food Services,7,"$19,427","$19,550",,,
50,Fullerton,2,FTF,05992,Public Relations,Other Services,,,,,,
50,Fullerton,2,FTF,05992,Public Relations,Government,,,,,,
50,Fullerton,2,FTF,05992,Public Relations,No Wages,30,,,55,,
50,Fullerton,2,FTF,05992,Public Relations,Wages - No NAICS Code,,,,,,
50,Fullerton,2,FTF,06011,Communications,"Agriculture, Forestry, Fishing, & Hunting",,,,,,
50,Fullerton,2,FTF,06011,Communications,Utilities,,,,,,
50,Fullerton,2,FTF,06011,Communications,Construction,,,,,,
50,Fullerton,2,FTF,06011,Communications,Manufacturing,7,"$34,671","$30,592",5,"$45,888","$63,576"
50,Fullerton,2,FTF,06011,Communications,Wholesale Trade,10,"$32,147","$31,917",,,
50,Fullerton,2,FTF,06011,Communications,Retail Trade,31,"$22,346","$27,013",18,"$22,268","$30,195"
50,Fullerton,2,FTF,06011,Communications,Transportation & Warehousing,,,,,,
50,Fullerton,2,FTF,06011,Communications,Information,10,"$22,719","$24,449",,,
50,Fullerton,2,FTF,06011,Communications,Finance & Insurance,19,"$42,603","$46,261",16,"$42,368","$47,559"
50,Fullerton,2,FTF,06011,Communications,Real Estate & Rental & Leasing,,,,,,
50,Fullerton,2,FTF,06011,Communications,"Professional, Scientific, & Technical Skills",15,"$33,243","$33,999",7,"$40,748","$43,764"
50,Fullerton,2,FTF,06011,Communications,Admin & Support & Waste Mgmt & Remediation,16,"$20,769","$22,736",9,"$33,387","$32,954"
50,Fullerton,2,FTF,06011,Communications,Educational Services,6,"$27,211","$26,185",,,
50,Fullerton,2,FTF,06011,Communications,Health Care & Social Assistance,15,"$26,406","$29,709",11,"$45,604","$52,262"
50,Fullerton,2,FTF,06011,Communications,"Arts, Entertainment, & Recreation",12,"$29,052","$29,895",,,
50,Fullerton,2,FTF,06011,Communications,Accommodation & Food Services,30,"$22,883","$23,666",12,"$45,276","$40,877"
50,Fullerton,2,FTF,06011,Communications,Other Services,5,"$19,027","$26,981",,,
50,Fullerton,2,FTF,06011,Communications,Government,,,,,,
50,Fullerton,2,FTF,06011,Communications,No Wages,106,,,200,,
50,Fullerton,2,FTF,06011,Communications,Wages - No NAICS Code,8,"$9,378","$8,683",,,
50,Fullerton,2,FTF,06021 + 06022,Journalism,Utilities,,,,,,
50,Fullerton,2,FTF,06021 + 06022,Journalism,Construction,,,,,,
50,Fullerton,2,FTF,06021 + 06022,Journalism,Manufacturing,,,,,,
50,Fullerton,2,FTF,06021 + 06022,Journalism,Wholesale Trade,,,,,,
50,Fullerton,2,FTF,06021 + 06022,Journalism,Retail Trade,19,"$19,410","$23,814",5,"$26,791","$34,154"
50,Fullerton,2,FTF,06021 + 06022,Journalism,Transportation & Warehousing,,,,,,
50,Fullerton,2,FTF,06021 + 06022,Journalism,Information,,,,,,
50,Fullerton,2,FTF,06021 + 06022,Journalism,Finance & Insurance,7,"$36,241","$62,434",,,
50,Fullerton,2,FTF,06021 + 06022,Journalism,"Professional, Scientific, & Technical Skills",,,,,,
50,Fullerton,2,FTF,06021 + 06022,Journalism,Admin & Support & Waste Mgmt & Remediation,,,,,,
50,Fullerton,2,FTF,06021 + 06022,Journalism,Educational Services,,,,,,
50,Fullerton,2,FTF,06021 + 06022,Journalism,Health Care & Social Assistance,,,,,,
50,Fullerton,2,FTF,06021 + 06022,Journalism,"Arts, Entertainment, & Recreation",,,,,,
50,Fullerton,2,FTF,06021 + 06022,Journalism,Accommodation & Food Services,15,"$21,974","$21,087",,,
50,Fullerton,2,FTF,06021 + 06022,Journalism,Other Services,,,,,,
50,Fullerton,2,FTF,06021 + 06022,Journalism,Government,,,,,,
50,Fullerton,2,FTF,06021 + 06022,Journalism,No Wages,77,,,123,,
50,Fullerton,2,FTF,06021 + 06022,Journalism,Wages - No NAICS Code,5,$210,$339,,,
50,Fullerton,2,FTF,06031,Radio/Television/Broadcast,"Agriculture, Forestry, Fishing, & Hunting",,,,,,
50,Fullerton,2,FTF,06031,Radio/Television/Broadcast,Construction,,,,,,
50,Fullerton,2,FTF,06031,Radio/Television/Broadcast,Manufacturing,5,"$35,240","$36,538",,,
50,Fullerton,2,FTF,06031,Radio/Television/Broadcast,Wholesale Trade,,,,,,
50,Fullerton,2,FTF,06031,Radio/Television/Broadcast,Retail Trade,25,"$21,254","$27,004",8,"$33,650","$37,479"
50,Fullerton,2,FTF,06031,Radio/Television/Broadcast,Transportation & Warehousing,,,,,,
50,Fullerton,2,FTF,06031,Radio/Television/Broadcast,Information,11,"$44,130","$56,172",6,"$49,009","$43,003"
50,Fullerton,2,FTF,06031,Radio/Television/Broadcast,Finance & Insurance,8,"$28,455","$32,626",,,
50,Fullerton,2,FTF,06031,Radio/Television/Broadcast,Real Estate & Rental & Leasing,,,,,,
50,Fullerton,2,FTF,06031,Radio/Television/Broadcast,"Professional, Scientific, & Technical Skills",5,"$30,686","$45,385",,,
50,Fullerton,2,FTF,06031,Radio/Television/Broadcast,Admin & Support & Waste Mgmt & Remediation,8,"$23,739","$21,299",,,
50,Fullerton,2,FTF,06031,Radio/Television/Broadcast,Educational Services,6,"$20,461","$24,029",,,
50,Fullerton,2,FTF,06031,Radio/Television/Broadcast,Health Care & Social Assistance,8,"$25,284","$22,694",5,"$20,475","$18,583"
50,Fullerton,2,FTF,06031,Radio/Television/Broadcast,"Arts, Entertainment, & Recreation",,,,5,"$47,211","$53,804"
50,Fullerton,2,FTF,06031,Radio/Television/Broadcast,Accommodation & Food Services,28,"$19,051","$21,696",13,"$24,926","$32,936"
50,Fullerton,2,FTF,06031,Radio/Television/Broadcast,Other Services,8,"$13,400","$19,915",,,
50,Fullerton,2,FTF,06031,Radio/Television/Broadcast,Non-Classified,,,,,,
50,Fullerton,2,FTF,06031,Radio/Television/Broadcast,Government,5,"$28,036","$39,854",5,"$40,935","$62,058"
50,Fullerton,2,FTF,06031,Radio/Television/Broadcast,No Wages,131,,,205,,
50,Fullerton,2,FTF,06031,Radio/Television/Broadcast,Wages - No NAICS Code,8,"$13,176","$25,567",6,"$4,964","$14,789"
50,Fullerton,2,FTF,06041,Advertising,Utilities,,,,,,
50,Fullerton,2,FTF,06041,Advertising,Construction,,,,,,
50,Fullerton,2,FTF,06041,Advertising,Manufacturing,,,,,,
50,Fullerton,2,FTF,06041,Advertising,Wholesale Trade,,,,,,
50,Fullerton,2,FTF,06041,Advertising,Retail Trade,14,"$30,433","$34,212",,,
50,Fullerton,2,FTF,06041,Advertising,Transportation & Warehousing,,,,,,
50,Fullerton,2,FTF,06041,Advertising,Information,5,"$41,636","$43,406",5,"$50,086","$55,308"
50,Fullerton,2,FTF,06041,Advertising,Finance & Insurance,,,,,,
50,Fullerton,2,FTF,06041,Advertising,"Professional, Scientific, & Technical Skills",7,"$34,933","$31,507",,,
50,Fullerton,2,FTF,06041,Advertising,Admin & Support & Waste Mgmt & Remediation,,,,,,
50,Fullerton,2,FTF,06041,Advertising,Educational Services,,,,,,
50,Fullerton,2,FTF,06041,Advertising,Health Care & Social Assistance,,,,,,
50,Fullerton,2,FTF,06041,Advertising,"Arts, Entertainment, & Recreation",,,,,,
50,Fullerton,2,FTF,06041,Advertising,Accommodation & Food Services,14,"$20,609","$21,350",,,
50,Fullerton,2,FTF,06041,Advertising,Other Services,,,,,,
50,Fullerton,2,FTF,06041,Advertising,Non-Classified,,,,,,
50,Fullerton,2,FTF,06041,Advertising,No Wages,33,,,65,,
50,Fullerton,2,FTF,06041,Advertising,Wages - No NAICS Code,5,"$3,579","$6,520",,,
50,Fullerton,2,FTF,07011 + 07012 + 07028,Graphic Communications,"Agriculture, Forestry, Fishing, & Hunting",,,,,,
50,Fullerton,2,FTF,07011 + 07012 + 07028,Graphic Communications,Utilities,,,,,,
50,Fullerton,2,FTF,07011 + 07012 + 07028,Graphic Communications,Construction,13,"$42,526","$40,565",9,"$46,895","$49,451"
50,Fullerton,2,FTF,07011 + 07012 + 07028,Graphic Communications,Manufacturing,22,"$34,811","$44,659",10,"$75,000","$78,992"
50,Fullerton,2,FTF,07011 + 07012 + 07028,Graphic Communications,Wholesale Trade,21,"$41,863","$41,843",15,"$43,259","$42,110"
50,Fullerton,2,FTF,07011 + 07012 + 07028,Graphic Communications,Retail Trade,56,"$26,629","$30,579",27,"$47,113","$52,948"
50,Fullerton,2,FTF,07011 + 07012 + 07028,Graphic Communications,Transportation & Warehousing,11,"$24,599","$24,051",6,"$37,111","$34,474"
50,Fullerton,2,FTF,07011 + 07012 + 07028,Graphic Communications,Information,16,"$45,719","$45,525",10,"$45,469","$44,990"
50,Fullerton,2,FTF,07011 + 07012 + 07028,Graphic Communications,Finance & Insurance,27,"$36,478","$40,246",24,"$54,230","$57,268"
50,Fullerton,2,FTF,07011 + 07012 + 07028,Graphic Communications,Real Estate & Rental & Leasing,5,"$23,900","$25,268",,,
50,Fullerton,2,FTF,07011 + 07012 + 07028,Graphic Communications,"Professional, Scientific, & Technical Skills",22,"$43,888","$51,384",16,"$71,039","$94,634"
50,Fullerton,2,FTF,07011 + 07012 + 07028,Graphic Communications,Management of Companies & Enterprises,,,,,,
50,Fullerton,2,FTF,07011 + 07012 + 07028,Graphic Communications,Admin & Support & Waste Mgmt & Remediation,40,"$22,310","$24,641",28,"$33,603","$35,402"
50,Fullerton,2,FTF,07011 + 07012 + 07028,Graphic Communications,Educational Services,5,"$24,356","$29,037",,,
50,Fullerton,2,FTF,07011 + 07012 + 07028,Graphic Communications,Health Care & Social Assistance,25,"$26,375","$31,756",20,"$42,838","$42,193"
50,Fullerton,2,FTF,07011 + 07012 + 07028,Graphic Communications,"Arts, Entertainment, & Recreation",9,"$19,088","$25,576",7,"$19,263","$29,806"
50,Fullerton,2,FTF,07011 + 07012 + 07028,Graphic Communications,Accommodation & Food Services,33,"$20,576","$23,442",16,"$29,281","$29,962"
50,Fullerton,2,FTF,07011 + 07012 + 07028,Graphic Communications,Other Services,13,"$27,563","$24,178",8,"$51,918","$45,464"
50,Fullerton,2,FTF,07011 + 07012 + 07028,Graphic Communications,Non-Classified,,,,,,
50,Fullerton,2,FTF,07011 + 07012 + 07028,Graphic Communications,Government,6,"$40,983","$59,432",,,
50,Fullerton,2,FTF,07011 + 07012 + 07028,Graphic Communications,No Wages,230,,,351,,
50,Fullerton,2,FTF,07011 + 07012 + 07028,Graphic Communications,Wages - No NAICS Code,22,"$5,248","$13,163",15,"$1,258","$5,610"
50,Fullerton,2,FTF,07021,Information Systems,No Wages,,,,,,
50,Fullerton,2,FTF,08231 + 08232,Child Development,"Agriculture, Forestry, Fishing, & Hunting",,,,,,
50,Fullerton,2,FTF,08231 + 08232,Child Development,Utilities,,,,,,
50,Fullerton,2,FTF,08231 + 08232,Child Development,Construction,,,,,,
50,Fullerton,2,FTF,08231 + 08232,Child Development,Manufacturing,7,"$30,277","$35,332",7,"$55,801","$61,316"
50,Fullerton,2,FTF,08231 + 08232,Child Development,Wholesale Trade,8,"$52,039","$51,575",5,"$65,636","$57,371"
50,Fullerton,2,FTF,08231 + 08232,Child Development,Retail Trade,32,"$29,051","$28,233",16,"$21,614","$23,775"
50,Fullerton,2,FTF,08231 + 08232,Child Development,Transportation & Warehousing,,,,,,
50,Fullerton,2,FTF,08231 + 08232,Child Development,Information,,,,,,
50,Fullerton,2,FTF,08231 + 08232,Child Development,Finance & Insurance,18,"$41,312","$41,870",13,"$38,824","$44,210"
50,Fullerton,2,FTF,08231 + 08232,Child Development,Real Estate & Rental & Leasing,5,"$28,142","$23,223",,,
50,Fullerton,2,FTF,08231 + 08232,Child Development,"Professional, Scientific, & Technical Skills",7,"$31,749","$28,126",7,"$35,472","$33,383"
50,Fullerton,2,FTF,08231 + 08232,Child Development,Management of Companies & Enterprises,,,,,,
50,Fullerton,2,FTF,08231 + 08232,Child Development,Admin & Support & Waste Mgmt & Remediation,15,"$26,113","$25,816",7,"$25,623","$28,457"
50,Fullerton,2,FTF,08231 + 08232,Child Development,Educational Services,12,"$29,120","$27,989",6,"$41,160","$34,998"
50,Fullerton,2,FTF,08231 + 08232,Child Development,Health Care & Social Assistance,33,"$27,050","$26,814",19,"$35,478","$37,032"
50,Fullerton,2,FTF,08231 + 08232,Child Development,"Arts, Entertainment, & Recreation",5,"$10,639","$18,673",,,
50,Fullerton,2,FTF,08231 + 08232,Child Development,Accommodation & Food Services,18,"$19,604","$21,085",8,"$31,815","$28,129"
50,Fullerton,2,FTF,08231 + 08232,Child Development,Other Services,10,"$24,751","$25,264",,,
50,Fullerton,2,FTF,08231 + 08232,Child Development,Non-Classified,,,,,,
50,Fullerton,2,FTF,08231 + 08232,Child Development,Government,5,"$65,004","$52,349",,,
50,Fullerton,2,FTF,08231 + 08232,Child Development,No Wages,128,,,214,,
50,Fullerton,2,FTF,08231 + 08232,Child Development,Wages - No NAICS Code,11,"$5,699","$8,576",9,"$4,262","$4,512"
50,Fullerton,2,FTF,08351,Kinesiology,"Agriculture, Forestry, Fishing, & Hunting",,,,,,
50,Fullerton,2,FTF,08351,Kinesiology,Utilities,,,,,,
50,Fullerton,2,FTF,08351,Kinesiology,Construction,5,"$36,857","$33,964",5,"$37,522","$32,271"
50,Fullerton,2,FTF,08351,Kinesiology,Manufacturing,6,"$44,864","$40,918",,,
50,Fullerton,2,FTF,08351,Kinesiology,Wholesale Trade,,,,5,"$37,119","$43,400"
50,Fullerton,2,FTF,08351,Kinesiology,Retail Trade,42,"$25,019","$25,344",9,"$42,535","$41,370"
50,Fullerton,2,FTF,08351,Kinesiology,Transportation & Warehousing,,,,,,
50,Fullerton,2,FTF,08351,Kinesiology,Information,,,,,,
50,Fullerton,2,FTF,08351,Kinesiology,Finance & Insurance,12,"$21,704","$29,053",5,"$53,080","$47,306"
50,Fullerton,2,FTF,08351,Kinesiology,Real Estate & Rental & Leasing,,,,,,
50,Fullerton,2,FTF,08351,Kinesiology,"Professional, Scientific, & Technical Skills",9,"$33,795","$36,710",8,"$52,559","$63,681"
50,Fullerton,2,FTF,08351,Kinesiology,Management of Companies & Enterprises,,,,,,
50,Fullerton,2,FTF,08351,Kinesiology,Admin & Support & Waste Mgmt & Remediation,12,"$15,180","$16,265",,,
50,Fullerton,2,FTF,08351,Kinesiology,Educational Services,7,"$16,261","$13,918",,,
50,Fullerton,2,FTF,08351,Kinesiology,Health Care & Social Assistance,11,"$18,722","$25,771",,,
50,Fullerton,2,FTF,08351,Kinesiology,"Arts, Entertainment, & Recreation",17,"$24,158","$43,866",,,
50,Fullerton,2,FTF,08351,Kinesiology,Accommodation & Food Services,24,"$23,263","$26,603",6,"$45,337","$42,862"
50,Fullerton,2,FTF,08351,Kinesiology,Other Services,6,"$14,947","$16,378",,,
50,Fullerton,2,FTF,08351,Kinesiology,Non-Classified,,,,,,
50,Fullerton,2,FTF,08351,Kinesiology,Government,8,"$53,599","$49,739",,,
50,Fullerton,2,FTF,08351,Kinesiology,No Wages,238,,,353,,
50,Fullerton,2,FTF,08351,Kinesiology,Wages - No NAICS Code,11,"$1,267","$7,723",6,"$12,888","$13,203"
50,Fullerton,2,FTF,09011 + 09012 + 09013,Engineering,"Agriculture, Forestry, Fishing, & Hunting",,,,,,
50,Fullerton,2,FTF,09011 + 09012 + 09013,Engineering,Utilities,,,,,,
50,Fullerton,2,FTF,09011 + 09012 + 09013,Engineering,Construction,7,"$17,440","$25,151",,,
50,Fullerton,2,FTF,09011 + 09012 + 09013,Engineering,Manufacturing,9,"$34,678","$44,625",8,"$49,675","$65,902"
50,Fullerton,2,FTF,09011 + 09012 + 09013,Engineering,Wholesale Trade,8,"$32,396","$36,432",7,"$36,968","$41,409"
50,Fullerton,2,FTF,09011 + 09012 + 09013,Engineering,Retail Trade,37,"$29,021","$31,333",12,"$50,212","$57,846"
50,Fullerton,2,FTF,09011 + 09012 + 09013,Engineering,Transportation & Warehousing,,,,,,
50,Fullerton,2,FTF,09011 + 09012 + 09013,Engineering,Information,,,,,,
50,Fullerton,2,FTF,09011 + 09012 + 09013,Engineering,Finance & Insurance,10,"$38,652","$44,848",6,"$29,674","$38,335"
50,Fullerton,2,FTF,09011 + 09012 + 09013,Engineering,Real Estate & Rental & Leasing,,,,,,
50,Fullerton,2,FTF,09011 + 09012 + 09013,Engineering,"Professional, Scientific, & Technical Skills",11,"$36,275","$46,882",12,"$48,359","$57,953"
50,Fullerton,2,FTF,09011 + 09012 + 09013,Engineering,Management of Companies & Enterprises,,,,,,
50,Fullerton,2,FTF,09011 + 09012 + 09013,Engineering,Admin & Support & Waste Mgmt & Remediation,9,"$27,386","$29,012",,,
50,Fullerton,2,FTF,09011 + 09012 + 09013,Engineering,Educational Services,,,,,,
50,Fullerton,2,FTF,09011 + 09012 + 09013,Engineering,Health Care & Social Assistance,16,"$30,679","$31,075",6,"$60,879","$55,857"
50,Fullerton,2,FTF,09011 + 09012 + 09013,Engineering,"Arts, Entertainment, & Recreation",6,"$16,197","$22,464",,,
50,Fullerton,2,FTF,09011 + 09012 + 09013,Engineering,Accommodation & Food Services,17,"$19,863","$21,716",6,"$38,203","$38,180"
50,Fullerton,2,FTF,09011 + 09012 + 09013,Engineering,Other Services,6,"$31,643","$36,105",,,
50,Fullerton,2,FTF,09011 + 09012 + 09013,Engineering,Government,,,,,,
50,Fullerton,2,FTF,09011 + 09012 + 09013,Engineering,No Wages,110,,,190,,
50,Fullerton,2,FTF,09011 + 09012 + 09013,Engineering,Wages - No NAICS Code,,,,,,
50,Fullerton,2,FTF,09081,Civil Engineering,"Agriculture, Forestry, Fishing, & Hunting",,,,,,
50,Fullerton,2,FTF,09081,Civil Engineering,Utilities,,,,,,
50,Fullerton,2,FTF,09081,Civil Engineering,Construction,7,"$31,163","$32,921",,,
50,Fullerton,2,FTF,09081,Civil Engineering,Manufacturing,10,"$33,191","$33,358",,,
50,Fullerton,2,FTF,09081,Civil Engineering,Wholesale Trade,,,,6,"$27,641","$30,426"
50,Fullerton,2,FTF,09081,Civil Engineering,Retail Trade,24,"$23,373","$26,632",5,"$40,507","$43,522"
50,Fullerton,2,FTF,09081,Civil Engineering,Transportation & Warehousing,,,,,,
50,Fullerton,2,FTF,09081,Civil Engineering,Information,5,"$21,518","$25,755",,,
50,Fullerton,2,FTF,09081,Civil Engineering,Finance & Insurance,9,"$43,412","$41,168",8,"$50,873","$50,446"
50,Fullerton,2,FTF,09081,Civil Engineering,Real Estate & Rental & Leasing,,,,,,
50,Fullerton,2,FTF,09081,Civil Engineering,"Professional, Scientific, & Technical Skills",10,"$11,978","$28,190",,,
50,Fullerton,2,FTF,09081,Civil Engineering,Admin & Support & Waste Mgmt & Remediation,12,"$32,553","$38,105",,,
50,Fullerton,2,FTF,09081,Civil Engineering,Educational Services,,,,,,
50,Fullerton,2,FTF,09081,Civil Engineering,Health Care & Social Assistance,7,"$28,374","$30,397",6,"$29,392","$30,956"
50,Fullerton,2,FTF,09081,Civil Engineering,"Arts, Entertainment, & Recreation",6,"$23,905","$28,405",,,
50,Fullerton,2,FTF,09081,Civil Engineering,Accommodation & Food Services,11,"$16,613","$22,529",,,
50,Fullerton,2,FTF,09081,Civil Engineering,Other Services,,,,,,
50,Fullerton,2,FTF,09081,Civil Engineering,Government,,,,,,
50,Fullerton,2,FTF,09081,Civil Engineering,No Wages,143,,,216,,
50,Fullerton,2,FTF,09081,Civil Engineering,Wages - No NAICS Code,10,"$1,389","$7,688",,,
50,Fullerton,2,FTF,09091,Electrical Engineering,Utilities,,,,,,
50,Fullerton,2,FTF,09091,Electrical Engineering,Construction,11,"$43,758","$37,702",,,
50,Fullerton,2,FTF,09091,Electrical Engineering,Manufacturing,11,"$57,006","$50,643",7,"$72,054","$67,610"
50,Fullerton,2,FTF,09091,Electrical Engineering,Wholesale Trade,8,"$33,209","$36,890",7,"$39,105","$48,978"
50,Fullerton,2,FTF,09091,Electrical Engineering,Retail Trade,29,"$27,036","$27,642",12,"$26,149","$34,515"
50,Fullerton,2,FTF,09091,Electrical Engineering,Transportation & Warehousing,5,"$17,537","$15,868",5,"$29,162","$29,565"
50,Fullerton,2,FTF,09091,Electrical Engineering,Information,5,"$50,604","$48,781",,,
50,Fullerton,2,FTF,09091,Electrical Engineering,Finance & Insurance,6,"$48,561","$43,449",6,"$52,530","$53,988"
50,Fullerton,2,FTF,09091,Electrical Engineering,Real Estate & Rental & Leasing,,,,,,
50,Fullerton,2,FTF,09091,Electrical Engineering,"Professional, Scientific, & Technical Skills",6,"$27,886","$33,106",7,"$46,561","$58,669"
50,Fullerton,2,FTF,09091,Electrical Engineering,Management of Companies & Enterprises,,,,,,
50,Fullerton,2,FTF,09091,Electrical Engineering,Admin & Support & Waste Mgmt & Remediation,10,"$15,256","$23,663",,,
50,Fullerton,2,FTF,09091,Electrical Engineering,Educational Services,,,,,,
50,Fullerton,2,FTF,09091,Electrical Engineering,Health Care & Social Assistance,,,,,,
50,Fullerton,2,FTF,09091,Electrical Engineering,"Arts, Entertainment, & Recreation",5,"$24,644","$24,445",,,
50,Fullerton,2,FTF,09091,Electrical Engineering,Accommodation & Food Services,14,"$16,746","$20,081",,,
50,Fullerton,2,FTF,09091,Electrical Engineering,Other Services,,,,,,
50,Fullerton,2,FTF,09091,Electrical Engineering,Government,5,"$40,098","$49,836",,,
50,Fullerton,2,FTF,09091,Electrical Engineering,No Wages,82,,,141,,
50,Fullerton,2,FTF,09091,Electrical Engineering,Wages - No NAICS Code,10,"$8,157","$16,888",5,"$1,686","$24,672"
50,Fullerton,2,FTF,09094,Computer Engineering,"Agriculture, Forestry, Fishing, & Hunting",,,,,,
50,Fullerton,2,FTF,09094,Computer Engineering,Utilities,,,,,,
50,Fullerton,2,FTF,09094,Computer Engineering,Construction,5,"$38,412","$36,199",,,
50,Fullerton,2,FTF,09094,Computer Engineering,Manufacturing,5,"$35,429","$38,929",,,
50,Fullerton,2,FTF,09094,Computer Engineering,Wholesale Trade,7,"$33,198","$31,969",,,
50,Fullerton,2,FTF,09094,Computer Engineering,Retail Trade,11,"$25,133","$30,259",,,
50,Fullerton,2,FTF,09094,Computer Engineering,Transportation & Warehousing,,,,,,
50,Fullerton,2,FTF,09094,Computer Engineering,Information,,,,,,
50,Fullerton,2,FTF,09094,Computer Engineering,Finance & Insurance,,,,,,
50,Fullerton,2,FTF,09094,Computer Engineering,Real Estate & Rental & Leasing,,,,,,
50,Fullerton,2,FTF,09094,Computer Engineering,"Professional, Scientific, & Technical Skills",,,,,,
50,Fullerton,2,FTF,09094,Computer Engineering,Admin & Support & Waste Mgmt & Remediation,5,"$21,387","$32,578",,,
50,Fullerton,2,FTF,09094,Computer Engineering,Educational Services,,,,,,
50,Fullerton,2,FTF,09094,Computer Engineering,Health Care & Social Assistance,,,,,,
50,Fullerton,2,FTF,09094,Computer Engineering,"Arts, Entertainment, & Recreation",,,,,,
50,Fullerton,2,FTF,09094,Computer Engineering,Accommodation & Food Services,7,"$27,905","$27,709",,,
50,Fullerton,2,FTF,09094,Computer Engineering,Other Services,,,,,,
50,Fullerton,2,FTF,09094,Computer Engineering,No Wages,94,,,159,,
50,Fullerton,2,FTF,09094,Computer Engineering,Wages - No NAICS Code,8,"$6,195","$7,119",,,
50,Fullerton,2,FTF,09101,Mechanical Engineering,"Agriculture, Forestry, Fishing, & Hunting",,,,,,
50,Fullerton,2,FTF,09101,Mechanical Engineering,Utilities,,,,,,
50,Fullerton,2,FTF,09101,Mechanical Engineering,Construction,8,"$30,824","$30,800",,,
50,Fullerton,2,FTF,09101,Mechanical Engineering,Manufacturing,15,"$37,452","$43,072",5,"$66,206","$81,331"
50,Fullerton,2,FTF,09101,Mechanical Engineering,Wholesale Trade,10,"$32,011","$35,450",,,
50,Fullerton,2,FTF,09101,Mechanical Engineering,Retail Trade,32,"$25,948","$26,780",7,"$29,810","$37,014"
50,Fullerton,2,FTF,09101,Mechanical Engineering,Transportation & Warehousing,6,"$33,281","$33,565",,,
50,Fullerton,2,FTF,09101,Mechanical Engineering,Information,,,,,,
50,Fullerton,2,FTF,09101,Mechanical Engineering,Finance & Insurance,5,"$40,117","$36,184",,,
50,Fullerton,2,FTF,09101,Mechanical Engineering,Real Estate & Rental & Leasing,,,,,,
50,Fullerton,2,FTF,09101,Mechanical Engineering,"Professional, Scientific, & Technical Skills",6,"$30,119","$35,504",,,
50,Fullerton,2,FTF,09101,Mechanical Engineering,Admin & Support & Waste Mgmt & Remediation,7,"$13,052","$15,013",,,
50,Fullerton,2,FTF,09101,Mechanical Engineering,Educational Services,,,,5,"$15,408","$27,278"
50,Fullerton,2,FTF,09101,Mechanical Engineering,Health Care & Social Assistance,6,"$16,970","$17,753",,,
50,Fullerton,2,FTF,09101,Mechanical Engineering,"Arts, Entertainment, & Recreation",,,,,,
50,Fullerton,2,FTF,09101,Mechanical Engineering,Accommodation & Food Services,13,"$18,035","$21,362",,,
50,Fullerton,2,FTF,09101,Mechanical Engineering,Other Services,5,"$25,758","$31,794",5,"$23,248","$24,118"
50,Fullerton,2,FTF,09101,Mechanical Engineering,Government,,,,,,
50,Fullerton,2,FTF,09101,Mechanical Engineering,No Wages,160,,,240,,
50,Fullerton,2,FTF,09101,Mechanical Engineering,Wages - No NAICS Code,10,"$1,488","$11,624",,,
50,Fullerton,2,FTF,10021 + 10022,Art,"Agriculture, Forestry, Fishing, & Hunting",,,,,,
50,Fullerton,2,FTF,10021 + 10022,Art,Utilities,,,,,,
50,Fullerton,2,FTF,10021 + 10022,Art,Construction,7,"$31,999","$29,200",,,
50,Fullerton,2,FTF,10021 + 10022,Art,Manufacturing,15,"$36,498","$37,085",13,"$40,759","$41,273"
50,Fullerton,2,FTF,10021 + 10022,Art,Wholesale Trade,22,"$31,302","$31,772",13,"$36,623","$40,828"
50,Fullerton,2,FTF,10021 + 10022,Art,Retail Trade,45,"$21,370","$26,170",18,"$33,404","$36,694"
50,Fullerton,2,FTF,10021 + 10022,Art,Transportation & Warehousing,10,"$25,707","$28,100",,,
50,Fullerton,2,FTF,10021 + 10022,Art,Information,10,"$50,471","$51,341",5,"$82,111","$68,648"
50,Fullerton,2,FTF,10021 + 10022,Art,Finance & Insurance,14,"$29,998","$31,662",9,"$46,596","$44,817"
50,Fullerton,2,FTF,10021 + 10022,Art,Real Estate & Rental & Leasing,,,,,,
50,Fullerton,2,FTF,10021 + 10022,Art,"Professional, Scientific, & Technical Skills",19,"$37,420","$37,381",11,"$45,932","$40,305"
50,Fullerton,2,FTF,10021 + 10022,Art,Admin & Support & Waste Mgmt & Remediation,15,"$27,281","$31,130",13,"$38,967","$39,449"
50,Fullerton,2,FTF,10021 + 10022,Art,Educational Services,8,"$25,875","$26,946",,,
50,Fullerton,2,FTF,10021 + 10022,Art,Health Care & Social Assistance,18,"$25,712","$28,591",11,"$38,524","$50,078"
50,Fullerton,2,FTF,10021 + 10022,Art,"Arts, Entertainment, & Recreation",14,"$22,727","$26,007",,,
50,Fullerton,2,FTF,10021 + 10022,Art,Accommodation & Food Services,29,"$14,360","$15,135",7,"$27,036","$24,054"
50,Fullerton,2,FTF,10021 + 10022,Art,Other Services,9,"$13,953","$23,038",7,"$26,468","$27,886"
50,Fullerton,2,FTF,10021 + 10022,Art,Government,,,,6,"$77,625","$69,247"
50,Fullerton,2,FTF,10021 + 10022,Art,No Wages,218,,,345,,
50,Fullerton,2,FTF,10021 + 10022,Art,Wages - No NAICS Code,18,"$6,460","$10,039",10,"$3,211","$6,771"
50,Fullerton,2,FTF,10031,Art History,Accommodation & Food Services,,,,,,
50,Fullerton,2,FTF,10031,Art History,No Wages,,,,5,,
50,Fullerton,2,FTF,10041,Music - Performance,No Wages,,,,,,
50,Fullerton,2,FTF,10051,Music,Mining,,,,,,
50,Fullerton,2,FTF,10051,Music,Construction,,,,,,
50,Fullerton,2,FTF,10051,Music,Manufacturing,7,"$21,947","$18,571",,,
50,Fullerton,2,FTF,10051,Music,Wholesale Trade,5,"$23,010","$40,228",,,
50,Fullerton,2,FTF,10051,Music,Retail Trade,21,"$20,751","$24,424",9,"$34,753","$41,685"
50,Fullerton,2,FTF,10051,Music,Transportation & Warehousing,,,,,,
50,Fullerton,2,FTF,10051,Music,Information,,,,,,
50,Fullerton,2,FTF,10051,Music,Finance & Insurance,5,"$41,574","$41,383",5,"$46,612","$50,733"
50,Fullerton,2,FTF,10051,Music,Real Estate & Rental & Leasing,5,"$17,830","$24,033",,,
50,Fullerton,2,FTF,10051,Music,"Professional, Scientific, & Technical Skills",8,"$34,023","$30,083",9,"$34,886","$47,287"
50,Fullerton,2,FTF,10051,Music,Admin & Support & Waste Mgmt & Remediation,9,"$12,645","$15,257",,,
50,Fullerton,2,FTF,10051,Music,Educational Services,6,"$16,811","$23,855",,,
50,Fullerton,2,FTF,10051,Music,Health Care & Social Assistance,10,"$21,756","$24,451",,,
50,Fullerton,2,FTF,10051,Music,"Arts, Entertainment, & Recreation",8,"$27,764","$27,865",,,
50,Fullerton,2,FTF,10051,Music,Accommodation & Food Services,16,"$19,217","$24,732",11,"$12,791","$14,306"
50,Fullerton,2,FTF,10051,Music,Other Services,,,,,,
50,Fullerton,2,FTF,10051,Music,Government,,,,,,
50,Fullerton,2,FTF,10051,Music,No Wages,108,,,154,,
50,Fullerton,2,FTF,10051,Music,Wages - No NAICS Code,6,"$8,811","$10,986",8,"$7,066","$15,382"
50,Fullerton,2,FTF,10052,Music Education,"Agriculture, Forestry, Fishing, & Hunting",,,,,,
50,Fullerton,2,FTF,10052,Music Education,Construction,,,,,,
50,Fullerton,2,FTF,10052,Music Education,Manufacturing,,,,,,
50,Fullerton,2,FTF,10052,Music Education,Wholesale Trade,,,,,,
50,Fullerton,2,FTF,10052,Music Education,Retail Trade,7,"$20,344","$22,521",,,
50,Fullerton,2,FTF,10052,Music Education,Transportation & Warehousing,,,,,,
50,Fullerton,2,FTF,10052,Music Education,Information,,,,,,
50,Fullerton,2,FTF,10052,Music Education,Finance & Insurance,,,,,,
50,Fullerton,2,FTF,10052,Music Education,Real Estate & Rental & Leasing,,,,,,
50,Fullerton,2,FTF,10052,Music Education,"Professional, Scientific, & Technical Skills",,,,,,
50,Fullerton,2,FTF,10052,Music Education,Admin & Support & Waste Mgmt & Remediation,,,,,,
50,Fullerton,2,FTF,10052,Music Education,Educational Services,,,,,,
50,Fullerton,2,FTF,10052,Music Education,Health Care & Social Assistance,,,,,,
50,Fullerton,2,FTF,10052,Music Education,"Arts, Entertainment, & Recreation",,,,,,
50,Fullerton,2,FTF,10052,Music Education,Accommodation & Food Services,9,"$21,579","$23,239",8,"$19,735","$27,035"
50,Fullerton,2,FTF,10052,Music Education,Other Services,,,,,,
50,Fullerton,2,FTF,10052,Music Education,Non-Classified,,,,,,
50,Fullerton,2,FTF,10052,Music Education,Government,,,,,,
50,Fullerton,2,FTF,10052,Music Education,No Wages,35,,,50,,
50,Fullerton,2,FTF,10052,Music Education,Wages - No NAICS Code,,,,,,
50,Fullerton,2,FTF,10071,Theatre Arts,"Agriculture, Forestry, Fishing, & Hunting",,,,,,
50,Fullerton,2,FTF,10071,Theatre Arts,Construction,,,,,,
50,Fullerton,2,FTF,10071,Theatre Arts,Manufacturing,6,"$31,398","$35,022",,,
50,Fullerton,2,FTF,10071,Theatre Arts,Wholesale Trade,,,,,,
50,Fullerton,2,FTF,10071,Theatre Arts,Retail Trade,34,"$31,044","$30,945",16,"$29,431","$36,493"
50,Fullerton,2,FTF,10071,Theatre Arts,Transportation & Warehousing,5,"$22,792","$30,140",,,
50,Fullerton,2,FTF,10071,Theatre Arts,Information,16,"$30,759","$31,104",8,"$18,327","$26,193"
50,Fullerton,2,FTF,10071,Theatre Arts,Finance & Insurance,6,"$32,501","$36,196",8,"$33,522","$42,378"
50,Fullerton,2,FTF,10071,Theatre Arts,Real Estate & Rental & Leasing,5,"$51,123","$47,174",,,
50,Fullerton,2,FTF,10071,Theatre Arts,"Professional, Scientific, & Technical Skills",7,"$32,509","$34,219",6,"$38,653","$35,395"
50,Fullerton,2,FTF,10071,Theatre Arts,Admin & Support & Waste Mgmt & Remediation,11,"$25,594","$25,349",,,
50,Fullerton,2,FTF,10071,Theatre Arts,Educational Services,13,"$21,224","$19,975",8,"$25,336","$26,455"
50,Fullerton,2,FTF,10071,Theatre Arts,Health Care & Social Assistance,14,"$20,988","$20,358",9,"$28,417","$28,968"
50,Fullerton,2,FTF,10071,Theatre Arts,"Arts, Entertainment, & Recreation",33,"$15,512","$20,822",12,"$37,562","$38,849"
50,Fullerton,2,FTF,10071,Theatre Arts,Accommodation & Food Services,56,"$19,903","$22,881",22,"$19,544","$23,572"
50,Fullerton,2,FTF,10071,Theatre Arts,Other Services,10,"$21,456","$19,758",5,"$41,724","$31,767"
50,Fullerton,2,FTF,10071,Theatre Arts,Non-Classified,,,,,,
50,Fullerton,2,FTF,10071,Theatre Arts,Government,,,,,,
50,Fullerton,2,FTF,10071,Theatre Arts,No Wages,241,,,361,,
50,Fullerton,2,FTF,10071,Theatre Arts,Wages - No NAICS Code,17,"$1,951","$7,048",14,"$4,493","$11,076"
50,Fullerton,2,FTF,10072,Theatre Arts - Performance,Construction,,,,,,
50,Fullerton,2,FTF,10072,Theatre Arts - Performance,Health Care & Social Assistance,,,,,,
50,Fullerton,2,FTF,10072,Theatre Arts - Performance,No Wages,,,,,,
50,Fullerton,2,FTF,10081,Dance,Construction,,,,,,
50,Fullerton,2,FTF,10081,Dance,Manufacturing,,,,,,
50,Fullerton,2,FTF,10081,Dance,Wholesale Trade,,,,,,
50,Fullerton,2,FTF,10081,Dance,Retail Trade,8,"$23,383","$20,151",,,
50,Fullerton,2,FTF,10081,Dance,Finance & Insurance,,,,,,
50,Fullerton,2,FTF,10081,Dance,Real Estate & Rental & Leasing,,,,,,
50,Fullerton,2,FTF,10081,Dance,"Professional, Scientific, & Technical Skills",,,,,,
50,Fullerton,2,FTF,10081,Dance,Admin & Support & Waste Mgmt & Remediation,,,,,,
50,Fullerton,2,FTF,10081,Dance,Educational Services,,,,,,
50,Fullerton,2,FTF,10081,Dance,Health Care & Social Assistance,,,,5,"$29,412","$30,268"
50,Fullerton,2,FTF,10081,Dance,"Arts, Entertainment, & Recreation",,,,,,
50,Fullerton,2,FTF,10081,Dance,Accommodation & Food Services,5,"$20,841","$24,567",,,
50,Fullerton,2,FTF,10081,Dance,Non-Classified,,,,,,
50,Fullerton,2,FTF,10081,Dance,Government,,,,,,
50,Fullerton,2,FTF,10081,Dance,No Wages,29,,,46,,
50,Fullerton,2,FTF,10081,Dance,Wages - No NAICS Code,,,,,,
50,Fullerton,2,FTF,11021,French,Manufacturing,,,,,,
50,Fullerton,2,FTF,11021,French,Wholesale Trade,,,,,,
50,Fullerton,2,FTF,11021,French,No Wages,5,,,5,,
50,Fullerton,2,FTF,11031,German,Retail Trade,,,,,,
50,Fullerton,2,FTF,11031,German,Transportation & Warehousing,,,,,,
50,Fullerton,2,FTF,11051,Spanish,Construction,,,,,,
50,Fullerton,2,FTF,11051,Spanish,Manufacturing,,,,,,
50,Fullerton,2,FTF,11051,Spanish,Wholesale Trade,,,,,,
50,Fullerton,2,FTF,11051,Spanish,Retail Trade,,,,,,
50,Fullerton,2,FTF,11051,Spanish,Information,,,,,,
50,Fullerton,2,FTF,11051,Spanish,Finance & Insurance,,,,5,"$19,452","$22,961"
50,Fullerton,2,FTF,11051,Spanish,Real Estate & Rental & Leasing,,,,,,
50,Fullerton,2,FTF,11051,Spanish,"Professional, Scientific, & Technical Skills",,,,,,
50,Fullerton,2,FTF,11051,Spanish,Admin & Support & Waste Mgmt & Remediation,,,,,,
50,Fullerton,2,FTF,11051,Spanish,Educational Services,,,,,,
50,Fullerton,2,FTF,11051,Spanish,Health Care & Social Assistance,,,,,,
50,Fullerton,2,FTF,11051,Spanish,"Arts, Entertainment, & Recreation",,,,,,
50,Fullerton,2,FTF,11051,Spanish,Accommodation & Food Services,,,,,,
50,Fullerton,2,FTF,11051,Spanish,Government,,,,,,
50,Fullerton,2,FTF,11051,Spanish,No Wages,10,,,24,,
50,Fullerton,2,FTF,11081,Japanese,Utilities,,,,,,
50,Fullerton,2,FTF,11081,Japanese,Retail Trade,,,,,,
50,Fullerton,2,FTF,11081,Japanese,"Professional, Scientific, & Technical Skills",,,,,,
50,Fullerton,2,FTF,11081,Japanese,"Arts, Entertainment, & Recreation",,,,,,
50,Fullerton,2,FTF,11081,Japanese,Accommodation & Food Services,,,,,,
50,Fullerton,2,FTF,11081,Japanese,No Wages,5,,,10,,
50,Fullerton,2,FTF,11081,Japanese,Wages - No NAICS Code,,,,,,
50,Fullerton,2,FTF,12011,Health Science,Construction,,,,,,
50,Fullerton,2,FTF,12011,Health Science,Manufacturing,,,,,,
50,Fullerton,2,FTF,12011,Health Science,Wholesale Trade,,,,,,
50,Fullerton,2,FTF,12011,Health Science,Retail Trade,21,"$26,522","$25,778",7,"$45,907","$42,151"
50,Fullerton,2,FTF,12011,Health Science,Transportation & Warehousing,,,,,,
50,Fullerton,2,FTF,12011,Health Science,Information,,,,,,
50,Fullerton,2,FTF,12011,Health Science,Finance & Insurance,10,"$30,432","$31,913",,,
50,Fullerton,2,FTF,12011,Health Science,Real Estate & Rental & Leasing,,,,,,
50,Fullerton,2,FTF,12011,Health Science,"Professional, Scientific, & Technical Skills",,,,,,
50,Fullerton,2,FTF,12011,Health Science,Admin & Support & Waste Mgmt & Remediation,9,"$34,613","$41,377",,,
50,Fullerton,2,FTF,12011,Health Science,Educational Services,,,,,,
50,Fullerton,2,FTF,12011,Health Science,Health Care & Social Assistance,22,"$33,164","$35,683",16,"$40,928","$45,184"
50,Fullerton,2,FTF,12011,Health Science,"Arts, Entertainment, & Recreation",,,,,,
50,Fullerton,2,FTF,12011,Health Science,Accommodation & Food Services,9,"$19,253","$21,917",,,
50,Fullerton,2,FTF,12011,Health Science,Other Services,,,,,,
50,Fullerton,2,FTF,12011,Health Science,Non-Classified,,,,,,
50,Fullerton,2,FTF,12011,Health Science,Government,,,,,,
50,Fullerton,2,FTF,12011,Health Science,No Wages,107,,,165,,
50,Fullerton,2,FTF,12011,Health Science,Wages - No NAICS Code,6,"$12,151","$28,895",,,
50,Fullerton,2,FTF,12201,Communicative Disorders,Manufacturing,,,,,,
50,Fullerton,2,FTF,12201,Communicative Disorders,Retail Trade,,,,,,
50,Fullerton,2,FTF,12201,Communicative Disorders,Health Care & Social Assistance,,,,,,
50,Fullerton,2,FTF,12201,Communicative Disorders,Accommodation & Food Services,,,,,,
50,Fullerton,2,FTF,12201,Communicative Disorders,Government,,,,,,
50,Fullerton,2,FTF,12201,Communicative Disorders,No Wages,22,,,25,,
50,Fullerton,2,FTF,12201,Communicative Disorders,Wages - No NAICS Code,,,,,,
50,Fullerton,2,FTF,15011,English,"Agriculture, Forestry, Fishing, & Hunting",,,,,,
50,Fullerton,2,FTF,15011,English,Utilities,,,,,,
50,Fullerton,2,FTF,15011,English,Construction,,,,,,
50,Fullerton,2,FTF,15011,English,Manufacturing,5,"$34,294","$35,439",,,
50,Fullerton,2,FTF,15011,English,Wholesale Trade,5,"$43,284","$35,041",5,"$37,276","$40,814"
50,Fullerton,2,FTF,15011,English,Retail Trade,22,"$21,551","$26,826",6,"$35,798","$39,134"
50,Fullerton,2,FTF,15011,English,Transportation & Warehousing,5,"$42,408","$45,103",,,
50,Fullerton,2,FTF,15011,English,Information,,,,,,
50,Fullerton,2,FTF,15011,English,Finance & Insurance,9,"$49,143","$63,325",5,"$43,257","$43,797"
50,Fullerton,2,FTF,15011,English,Real Estate & Rental & Leasing,,,,,,
50,Fullerton,2,FTF,15011,English,"Professional, Scientific, & Technical Skills",5,"$35,166","$33,927",,,
50,Fullerton,2,FTF,15011,English,Admin & Support & Waste Mgmt & Remediation,9,"$23,988","$25,610",,,
50,Fullerton,2,FTF,15011,English,Educational Services,6,"$21,806","$31,936",,,
50,Fullerton,2,FTF,15011,English,Health Care & Social Assistance,12,"$32,555","$32,454",,,
50,Fullerton,2,FTF,15011,English,"Arts, Entertainment, & Recreation",9,"$22,987","$26,157",,,
50,Fullerton,2,FTF,15011,English,Accommodation & Food Services,20,"$22,669","$24,201",5,"$23,386","$26,076"
50,Fullerton,2,FTF,15011,English,Other Services,,,,,,
50,Fullerton,2,FTF,15011,English,Non-Classified,,,,,,
50,Fullerton,2,FTF,15011,English,Government,5,"$43,679","$37,841",,,
50,Fullerton,2,FTF,15011,English,No Wages,91,,,171,,
50,Fullerton,2,FTF,15011,English,Wages - No NAICS Code,8,"$2,414","$4,792",,,
50,Fullerton,2,FTF,15031,Comparative Literature,Retail Trade,,,,,,
50,Fullerton,2,FTF,15031,Comparative Literature,Information,,,,,,
50,Fullerton,2,FTF,15031,Comparative Literature,Admin & Support & Waste Mgmt & Remediation,,,,,,
50,Fullerton,2,FTF,15031,Comparative Literature,Health Care & Social Assistance,,,,,,
50,Fullerton,2,FTF,15031,Comparative Literature,"Arts, Entertainment, & Recreation",,,,,,
50,Fullerton,2,FTF,15031,Comparative Literature,Accommodation & Food Services,,,,,,
50,Fullerton,2,FTF,15031,Comparative Literature,Other Services,,,,,,
50,Fullerton,2,FTF,15031,Comparative Literature,No Wages,,,,6,,
50,Fullerton,2,FTF,15051,Linguistics,Manufacturing,,,,,,
50,Fullerton,2,FTF,15051,Linguistics,Retail Trade,,,,,,
50,Fullerton,2,FTF,15051,Linguistics,Finance & Insurance,,,,,,
50,Fullerton,2,FTF,15051,Linguistics,Educational Services,,,,,,
50,Fullerton,2,FTF,15051,Linguistics,"Arts, Entertainment, & Recreation",,,,,,
50,Fullerton,2,FTF,15051,Linguistics,No Wages,7,,,9,,
50,Fullerton,2,FTF,15051,Linguistics,Wages - No NAICS Code,,,,,,
50,Fullerton,2,FTF,15061,Speech Communication,Wholesale Trade,,,,,,
50,Fullerton,2,FTF,15061,Speech Communication,"Professional, Scientific, & Technical Skills",,,,,,
50,Fullerton,2,FTF,15061,Speech Communication,Admin & Support & Waste Mgmt & Remediation,,,,,,
50,Fullerton,2,FTF,15061,Speech Communication,Educational Services,,,,,,
50,Fullerton,2,FTF,15061,Speech Communication,Health Care & Social Assistance,,,,,,
50,Fullerton,2,FTF,15061,Speech Communication,Government,,,,,,
50,Fullerton,2,FTF,15061,Speech Communication,No Wages,7,,,7,,
50,Fullerton,2,FTF,15091,Philosophy,Manufacturing,,,,,,
50,Fullerton,2,FTF,15091,Philosophy,Retail Trade,,,,,,
50,Fullerton,2,FTF,15091,Philosophy,Information,,,,,,
50,Fullerton,2,FTF,15091,Philosophy,Finance & Insurance,,,,,,
50,Fullerton,2,FTF,15091,Philosophy,Real Estate & Rental & Leasing,,,,,,
50,Fullerton,2,FTF,15091,Philosophy,Admin & Support & Waste Mgmt & Remediation,,,,,,
50,Fullerton,2,FTF,15091,Philosophy,"Arts, Entertainment, & Recreation",,,,,,
50,Fullerton,2,FTF,15091,Philosophy,Accommodation & Food Services,,,,,,
50,Fullerton,2,FTF,15091,Philosophy,No Wages,6,,,15,,
50,Fullerton,2,FTF,15091,Philosophy,Wages - No NAICS Code,,,,,,
50,Fullerton,2,FTF,15101,Religious Studies,Finance & Insurance,,,,,,
50,Fullerton,2,FTF,15101,Religious Studies,Real Estate & Rental & Leasing,,,,,,
50,Fullerton,2,FTF,15101,Religious Studies,No Wages,,,,,,
50,Fullerton,2,FTF,17011,Mathematics,Construction,,,,,,
50,Fullerton,2,FTF,17011,Mathematics,Manufacturing,7,"$48,338","$40,827",,,
50,Fullerton,2,FTF,17011,Mathematics,Wholesale Trade,,,,,,
50,Fullerton,2,FTF,17011,Mathematics,Retail Trade,26,"$27,283","$27,503",8,"$55,826","$54,136"
50,Fullerton,2,FTF,17011,Mathematics,Transportation & Warehousing,,,,,,
50,Fullerton,2,FTF,17011,Mathematics,Information,,,,,,
50,Fullerton,2,FTF,17011,Mathematics,Finance & Insurance,8,"$39,557","$38,796",,,
50,Fullerton,2,FTF,17011,Mathematics,Real Estate & Rental & Leasing,,,,,,
50,Fullerton,2,FTF,17011,Mathematics,"Professional, Scientific, & Technical Skills",,,,,,
50,Fullerton,2,FTF,17011,Mathematics,Admin & Support & Waste Mgmt & Remediation,7,"$22,814","$22,508",,,
50,Fullerton,2,FTF,17011,Mathematics,Educational Services,,,,,,
50,Fullerton,2,FTF,17011,Mathematics,Health Care & Social Assistance,,,,,,
50,Fullerton,2,FTF,17011,Mathematics,"Arts, Entertainment, & Recreation",5,"$30,463","$27,134",,,
50,Fullerton,2,FTF,17011,Mathematics,Accommodation & Food Services,7,"$16,399","$23,728",,,
50,Fullerton,2,FTF,17011,Mathematics,Other Services,,,,,,
50,Fullerton,2,FTF,17011,Mathematics,Government,,,,,,
50,Fullerton,2,FTF,17011,Mathematics,No Wages,73,,,131,,
50,Fullerton,2,FTF,17011,Mathematics,Wages - No NAICS Code,9,"$7,682","$18,864",,,
50,Fullerton,2,FTF,17021,Statistics,Retail Trade,,,,,,
50,Fullerton,2,FTF,17021,Statistics,Accommodation & Food Services,,,,,,
50,Fullerton,2,FTF,17021,Statistics,No Wages,,,,5,,
50,Fullerton,2,FTF,17031,Applied Mathematics,Retail Trade,,,,,,
50,Fullerton,2,FTF,17031,Applied Mathematics,Finance & Insurance,,,,,,
50,Fullerton,2,FTF,17031,Applied Mathematics,Admin & Support & Waste Mgmt & Remediation,,,,,,
50,Fullerton,2,FTF,17031,Applied Mathematics,No Wages,11,,,15,,
50,Fullerton,2,FTF,19021,Physics,Manufacturing,,,,,,
50,Fullerton,2,FTF,19021,Physics,Retail Trade,7,"$16,160","$20,947",,,
50,Fullerton,2,FTF,19021,Physics,Information,,,,,,
50,Fullerton,2,FTF,19021,Physics,Finance & Insurance,,,,,,
50,Fullerton,2,FTF,19021,Physics,"Professional, Scientific, & Technical Skills",,,,,,
50,Fullerton,2,FTF,19021,Physics,Educational Services,,,,,,
50,Fullerton,2,FTF,19021,Physics,Health Care & Social Assistance,,,,,,
50,Fullerton,2,FTF,19021,Physics,"Arts, Entertainment, & Recreation",,,,,,
50,Fullerton,2,FTF,19021,Physics,Accommodation & Food Services,,,,,,
50,Fullerton,2,FTF,19021,Physics,No Wages,20,,,35,,
50,Fullerton,2,FTF,19021,Physics,Wages - No NAICS Code,,,,,,
50,Fullerton,2,FTF,19051,Chemistry,Manufacturing,,,,,,
50,Fullerton,2,FTF,19051,Chemistry,Wholesale Trade,,,,,,
50,Fullerton,2,FTF,19051,Chemistry,Retail Trade,8,"$18,352","$18,835",,,
50,Fullerton,2,FTF,19051,Chemistry,Transportation & Warehousing,,,,,,
50,Fullerton,2,FTF,19051,Chemistry,Finance & Insurance,,,,,,
50,Fullerton,2,FTF,19051,Chemistry,Real Estate & Rental & Leasing,,,,,,
50,Fullerton,2,FTF,19051,Chemistry,"Professional, Scientific, & Technical Skills",,,,,,
50,Fullerton,2,FTF,19051,Chemistry,Admin & Support & Waste Mgmt & Remediation,5,"$24,171","$25,582",,,
50,Fullerton,2,FTF,19051,Chemistry,Educational Services,,,,,,
50,Fullerton,2,FTF,19051,Chemistry,Health Care & Social Assistance,8,"$27,478","$29,008",,,
50,Fullerton,2,FTF,19051,Chemistry,"Arts, Entertainment, & Recreation",,,,,,
50,Fullerton,2,FTF,19051,Chemistry,Accommodation & Food Services,8,"$17,382","$18,107",,,
50,Fullerton,2,FTF,19051,Chemistry,Other Services,,,,,,
50,Fullerton,2,FTF,19051,Chemistry,Government,,,,,,
50,Fullerton,2,FTF,19051,Chemistry,No Wages,42,,,67,,
50,Fullerton,2,FTF,19051,Chemistry,Wages - No NAICS Code,,,,,,
50,Fullerton,2,FTF,19141,Geology,Construction,,,,,,
50,Fullerton,2,FTF,19141,Geology,Manufacturing,,,,,,
50,Fullerton,2,FTF,19141,Geology,Wholesale Trade,,,,,,
50,Fullerton,2,FTF,19141,Geology,Transportation & Warehousing,,,,,,
50,Fullerton,2,FTF,19141,Geology,Other Services,,,,,,
50,Fullerton,2,FTF,19141,Geology,Government,,,,,,
50,Fullerton,2,FTF,19141,Geology,No Wages,9,,,11,,
50,Fullerton,2,FTF,19141,Geology,Wages - No NAICS Code,,,,,,
50,Fullerton,2,FTF,19171,Earth Science,No Wages,,,,,,
50,Fullerton,2,FTF,20011 + 20013,Psychology,"Agriculture, Forestry, Fishing, & Hunting",,,,,,
50,Fullerton,2,FTF,20011 + 20013,Psychology,Utilities,,,,,,
50,Fullerton,2,FTF,20011 + 20013,Psychology,Construction,11,"$49,275","$39,827",6,"$18,651","$27,894"
50,Fullerton,2,FTF,20011 + 20013,Psychology,Manufacturing,21,"$33,564","$34,847",10,"$44,489","$46,026"
50,Fullerton,2,FTF,20011 + 20013,Psychology,Wholesale Trade,13,"$38,737","$37,403",14,"$36,881","$41,377"
50,Fullerton,2,FTF,20011 + 20013,Psychology,Retail Trade,76,"$23,403","$24,514",30,"$28,477","$36,476"
50,Fullerton,2,FTF,20011 + 20013,Psychology,Transportation & Warehousing,8,"$24,874","$23,759",,,
50,Fullerton,2,FTF,20011 + 20013,Psychology,Information,15,"$29,694","$28,558",10,"$35,827","$60,426"
50,Fullerton,2,FTF,20011 + 20013,Psychology,Finance & Insurance,47,"$34,510","$36,615",27,"$42,353","$43,692"
50,Fullerton,2,FTF,20011 + 20013,Psychology,Real Estate & Rental & Leasing,7,"$37,784","$39,322",5,"$90,099","$81,876"
50,Fullerton,2,FTF,20011 + 20013,Psychology,"Professional, Scientific, & Technical Skills",22,"$30,887","$32,092",14,"$38,124","$49,324"
50,Fullerton,2,FTF,20011 + 20013,Psychology,Management of Companies & Enterprises,,,,,,
50,Fullerton,2,FTF,20011 + 20013,Psychology,Admin & Support & Waste Mgmt & Remediation,28,"$25,248","$26,510",15,"$24,383","$35,150"
50,Fullerton,2,FTF,20011 + 20013,Psychology,Educational Services,20,"$25,160","$23,037",15,"$35,742","$33,832"
50,Fullerton,2,FTF,20011 + 20013,Psychology,Health Care & Social Assistance,52,"$33,008","$30,885",35,"$47,054","$49,611"
50,Fullerton,2,FTF,20011 + 20013,Psychology,"Arts, Entertainment, & Recreation",15,"$20,685","$21,868",8,"$30,513","$31,777"
50,Fullerton,2,FTF,20011 + 20013,Psychology,Accommodation & Food Services,56,"$19,369","$22,758",9,"$35,721","$34,235"
50,Fullerton,2,FTF,20011 + 20013,Psychology,Other Services,13,"$27,649","$29,373",8,"$10,238","$20,783"
50,Fullerton,2,FTF,20011 + 20013,Psychology,Government,17,"$44,034","$43,003",10,"$66,631","$70,981"
50,Fullerton,2,FTF,20011 + 20013,Psychology,No Wages,364,,,576,,
50,Fullerton,2,FTF,20011 + 20013,Psychology,Wages - No NAICS Code,18,"$4,889","$6,037",7,"$9,268","$27,500"
50,Fullerton,2,FTF,21021,Public Administration,Information,,,,,,
50,Fullerton,2,FTF,21021,Public Administration,Admin & Support & Waste Mgmt & Remediation,,,,,,
50,Fullerton,2,FTF,21021,Public Administration,Health Care & Social Assistance,,,,,,
50,Fullerton,2,FTF,21021,Public Administration,Accommodation & Food Services,,,,,,
50,Fullerton,2,FTF,21021,Public Administration,No Wages,7,,,13,,
50,Fullerton,2,FTF,21042,Human Services,Construction,,,,,,
50,Fullerton,2,FTF,21042,Human Services,Manufacturing,,,,,,
50,Fullerton,2,FTF,21042,Human Services,Wholesale Trade,,,,,,
50,Fullerton,2,FTF,21042,Human Services,Retail Trade,9,"$26,798","$36,762",,,
50,Fullerton,2,FTF,21042,Human Services,Information,,,,,,
50,Fullerton,2,FTF,21042,Human Services,Finance & Insurance,,,,,,
50,Fullerton,2,FTF,21042,Human Services,"Professional, Scientific, & Technical Skills",,,,,,
50,Fullerton,2,FTF,21042,Human Services,Admin & Support & Waste Mgmt & Remediation,,,,,,
50,Fullerton,2,FTF,21042,Human Services,Educational Services,,,,,,
50,Fullerton,2,FTF,21042,Human Services,Health Care & Social Assistance,6,"$36,213","$44,458",,,
50,Fullerton,2,FTF,21042,Human Services,"Arts, Entertainment, & Recreation",,,,,,
50,Fullerton,2,FTF,21042,Human Services,Accommodation & Food Services,,,,,,
50,Fullerton,2,FTF,21042,Human Services,Other Services,,,,,,
50,Fullerton,2,FTF,21042,Human Services,Non-Classified,,,,,,
50,Fullerton,2,FTF,21042,Human Services,No Wages,24,,,39,,
50,Fullerton,2,FTF,21042,Human Services,Wages - No NAICS Code,,,,,,
50,Fullerton,2,FTF,21051,Criminal Justice,"Agriculture, Forestry, Fishing, & Hunting",,,,,,
50,Fullerton,2,FTF,21051,Criminal Justice,Utilities,5,"$42,920","$42,906",,,
50,Fullerton,2,FTF,21051,Criminal Justice,Construction,10,"$37,158","$46,489",,,
50,Fullerton,2,FTF,21051,Criminal Justice,Manufacturing,18,"$38,762","$38,685",10,"$46,770","$43,418"
50,Fullerton,2,FTF,21051,Criminal Justice,Wholesale Trade,11,"$23,936","$31,696",8,"$42,140","$56,569"
50,Fullerton,2,FTF,21051,Criminal Justice,Retail Trade,58,"$31,979","$29,940",22,"$39,904","$43,687"
50,Fullerton,2,FTF,21051,Criminal Justice,Transportation & Warehousing,8,"$34,924","$35,782",,,
50,Fullerton,2,FTF,21051,Criminal Justice,Information,7,"$38,225","$41,904",5,"$28,465","$21,958"
50,Fullerton,2,FTF,21051,Criminal Justice,Finance & Insurance,34,"$30,262","$31,436",13,"$46,171","$63,253"
50,Fullerton,2,FTF,21051,Criminal Justice,Real Estate & Rental & Leasing,12,"$33,488","$35,727",,,
50,Fullerton,2,FTF,21051,Criminal Justice,"Professional, Scientific, & Technical Skills",14,"$37,416","$34,138",10,"$53,758","$48,651"
50,Fullerton,2,FTF,21051,Criminal Justice,Admin & Support & Waste Mgmt & Remediation,26,"$26,541","$27,507",12,"$32,067","$36,740"
50,Fullerton,2,FTF,21051,Criminal Justice,Educational Services,10,"$33,193","$29,473",7,"$21,063","$30,538"
50,Fullerton,2,FTF,21051,Criminal Justice,Health Care & Social Assistance,29,"$25,946","$27,402",8,"$51,687","$57,355"
50,Fullerton,2,FTF,21051,Criminal Justice,"Arts, Entertainment, & Recreation",15,"$21,785","$23,783",,,
50,Fullerton,2,FTF,21051,Criminal Justice,Accommodation & Food Services,34,"$23,778","$25,360",14,"$28,529","$30,203"
50,Fullerton,2,FTF,21051,Criminal Justice,Other Services,7,"$30,983","$31,684",,,
50,Fullerton,2,FTF,21051,Criminal Justice,Government,36,"$88,761","$80,518",25,"$100,389","$90,634"
50,Fullerton,2,FTF,21051,Criminal Justice,No Wages,272,,,464,,
50,Fullerton,2,FTF,21051,Criminal Justice,Wages - No NAICS Code,12,"$4,648","$10,344",,,
50,Fullerton,2,FTF,22021,Anthropology,Manufacturing,,,,,,
50,Fullerton,2,FTF,22021,Anthropology,Retail Trade,,,,,,
50,Fullerton,2,FTF,22021,Anthropology,Finance & Insurance,,,,,,
50,Fullerton,2,FTF,22021,Anthropology,"Professional, Scientific, & Technical Skills",,,,,,
50,Fullerton,2,FTF,22021,Anthropology,Admin & Support & Waste Mgmt & Remediation,,,,,,
50,Fullerton,2,FTF,22021,Anthropology,"Arts, Entertainment, & Recreation",,,,,,
50,Fullerton,2,FTF,22021,Anthropology,Accommodation & Food Services,,,,,,
50,Fullerton,2,FTF,22021,Anthropology,Non-Classified,,,,,,
50,Fullerton,2,FTF,22021,Anthropology,No Wages,10,,,17,,
50,Fullerton,2,FTF,22021,Anthropology,Wages - No NAICS Code,,,,,,
50,Fullerton,2,FTF,22041,Economics,Construction,,,,,,
50,Fullerton,2,FTF,22041,Economics,Wholesale Trade,,,,,,
50,Fullerton,2,FTF,22041,Economics,Retail Trade,7,"$30,190","$34,118",,,
50,Fullerton,2,FTF,22041,Economics,Transportation & Warehousing,,,,,,
50,Fullerton,2,FTF,22041,Economics,Information,,,,,,
50,Fullerton,2,FTF,22041,Economics,Finance & Insurance,,,,,,
50,Fullerton,2,FTF,22041,Economics,"Professional, Scientific, & Technical Skills",,,,,,
50,Fullerton,2,FTF,22041,Economics,Management of Companies & Enterprises,,,,,,
50,Fullerton,2,FTF,22041,Economics,Educational Services,,,,,,
50,Fullerton,2,FTF,22041,Economics,Health Care & Social Assistance,,,,,,
50,Fullerton,2,FTF,22041,Economics,Accommodation & Food Services,,,,,,
50,Fullerton,2,FTF,22041,Economics,Other Services,,,,,,
50,Fullerton,2,FTF,22041,Economics,No Wages,17,,,28,,
50,Fullerton,2,FTF,22041,Economics,Wages - No NAICS Code,,,,,,
50,Fullerton,2,FTF,22051,History,"Agriculture, Forestry, Fishing, & Hunting",,,,,,
50,Fullerton,2,FTF,22051,History,Utilities,,,,,,
50,Fullerton,2,FTF,22051,History,Construction,,,,,,
50,Fullerton,2,FTF,22051,History,Manufacturing,,,,,,
50,Fullerton,2,FTF,22051,History,Wholesale Trade,6,"$46,065","$43,654",,,
50,Fullerton,2,FTF,22051,History,Retail Trade,21,"$26,732","$30,652",8,"$35,370","$40,786"
50,Fullerton,2,FTF,22051,History,Transportation & Warehousing,,,,,,
50,Fullerton,2,FTF,22051,History,Information,,,,,,
50,Fullerton,2,FTF,22051,History,Finance & Insurance,8,"$41,121","$41,785",,,
50,Fullerton,2,FTF,22051,History,Real Estate & Rental & Leasing,,,,,,
50,Fullerton,2,FTF,22051,History,"Professional, Scientific, & Technical Skills",12,"$41,654","$44,452",5,"$47,497","$62,537"
50,Fullerton,2,FTF,22051,History,Admin & Support & Waste Mgmt & Remediation,6,"$13,925","$17,908",,,
50,Fullerton,2,FTF,22051,History,Educational Services,7,"$28,683","$27,066",,,
50,Fullerton,2,FTF,22051,History,Health Care & Social Assistance,,,,,,
50,Fullerton,2,FTF,22051,History,"Arts, Entertainment, & Recreation",,,,,,
50,Fullerton,2,FTF,22051,History,Accommodation & Food Services,16,"$19,407","$21,744",,,
50,Fullerton,2,FTF,22051,History,Other Services,,,,5,"$20,063","$30,314"
50,Fullerton,2,FTF,22051,History,No Wages,82,,,142,,
50,Fullerton,2,FTF,22051,History,Wages - No NAICS Code,5,"$7,897","$25,076",,,
50,Fullerton,2,FTF,22061 + 22063,Geography,Retail Trade,,,,,,
50,Fullerton,2,FTF,22061 + 22063,Geography,Finance & Insurance,,,,,,
50,Fullerton,2,FTF,22061 + 22063,Geography,"Professional, Scientific, & Technical Skills",,,,,,
50,Fullerton,2,FTF,22061 + 22063,Geography,Admin & Support & Waste Mgmt & Remediation,,,,,,
50,Fullerton,2,FTF,22061 + 22063,Geography,Government,,,,,,
50,Fullerton,2,FTF,22061 + 22063,Geography,No Wages,,,,,,
50,Fullerton,2,FTF,22071,Political Science,"Agriculture, Forestry, Fishing, & Hunting",,,,,,
50,Fullerton,2,FTF,22071,Political Science,Construction,,,,,,
50,Fullerton,2,FTF,22071,Political Science,Manufacturing,5,"$36,027","$35,160",,,
50,Fullerton,2,FTF,22071,Political Science,Wholesale Trade,12,"$34,694","$33,142",7,"$31,336","$36,412"
50,Fullerton,2,FTF,22071,Political Science,Retail Trade,24,"$36,843","$38,997",13,"$45,628","$51,002"
50,Fullerton,2,FTF,22071,Political Science,Transportation & Warehousing,5,"$33,746","$40,627",,,
50,Fullerton,2,FTF,22071,Political Science,Information,5,"$36,827","$42,088",,,
50,Fullerton,2,FTF,22071,Political Science,Finance & Insurance,15,"$40,781","$42,724",11,"$46,612","$49,841"
50,Fullerton,2,FTF,22071,Political Science,Real Estate & Rental & Leasing,7,"$32,361","$26,966",,,
50,Fullerton,2,FTF,22071,Political Science,"Professional, Scientific, & Technical Skills",7,"$21,887","$27,075",7,"$46,106","$45,514"
50,Fullerton,2,FTF,22071,Political Science,Management of Companies & Enterprises,,,,,,
50,Fullerton,2,FTF,22071,Political Science,Admin & Support & Waste Mgmt & Remediation,6,"$20,551","$24,773",,,
50,Fullerton,2,FTF,22071,Political Science,Educational Services,,,,,,
50,Fullerton,2,FTF,22071,Political Science,Health Care & Social Assistance,9,"$25,362","$19,727",10,"$39,609","$40,922"
50,Fullerton,2,FTF,22071,Political Science,"Arts, Entertainment, & Recreation",6,"$19,068","$20,401",,,
50,Fullerton,2,FTF,22071,Political Science,Accommodation & Food Services,13,"$17,952","$22,320",,,
50,Fullerton,2,FTF,22071,Political Science,Other Services,6,"$34,219","$34,896",,,
50,Fullerton,2,FTF,22071,Political Science,Government,8,"$46,653","$62,077",,,
50,Fullerton,2,FTF,22071,Political Science,No Wages,85,,,149,,
50,Fullerton,2,FTF,22071,Political Science,Wages - No NAICS Code,6,"$8,514","$15,110",,,
50,Fullerton,2,FTF,22081,Sociology,"Agriculture, Forestry, Fishing, & Hunting",,,,,,
50,Fullerton,2,FTF,22081,Sociology,Manufacturing,,,,,,
50,Fullerton,2,FTF,22081,Sociology,Wholesale Trade,,,,,,
50,Fullerton,2,FTF,22081,Sociology,Retail Trade,11,"$21,498","$26,659",5,"$49,376","$49,719"
50,Fullerton,2,FTF,22081,Sociology,Transportation & Warehousing,,,,,,
50,Fullerton,2,FTF,22081,Sociology,Information,,,,,,
50,Fullerton,2,FTF,22081,Sociology,Finance & Insurance,,,,,,
50,Fullerton,2,FTF,22081,Sociology,Real Estate & Rental & Leasing,,,,,,
50,Fullerton,2,FTF,22081,Sociology,"Professional, Scientific, & Technical Skills",,,,,,
50,Fullerton,2,FTF,22081,Sociology,Admin & Support & Waste Mgmt & Remediation,5,"$27,164","$29,089",,,
50,Fullerton,2,FTF,22081,Sociology,Educational Services,,,,,,
50,Fullerton,2,FTF,22081,Sociology,Health Care & Social Assistance,5,"$34,769","$36,626",6,"$35,713","$42,024"
50,Fullerton,2,FTF,22081,Sociology,"Arts, Entertainment, & Recreation",,,,,,
50,Fullerton,2,FTF,22081,Sociology,Accommodation & Food Services,6,"$18,442","$19,627",,,
50,Fullerton,2,FTF,22081,Sociology,Other Services,,,,,,
50,Fullerton,2,FTF,22081,Sociology,Non-Classified,,,,,,
50,Fullerton,2,FTF,22081,Sociology,Government,,,,,,
50,Fullerton,2,FTF,22081,Sociology,No Wages,46,,,67,,
50,Fullerton,2,FTF,22081,Sociology,Wages - No NAICS Code,,,,,,
50,Fullerton,2,FTF,22111,African-American Studies,No Wages,,,,,,
50,Fullerton,2,FTF,22131,Mexican-American Studies,Educational Services,,,,,,
50,Fullerton,2,FTF,22131,Mexican-American Studies,Health Care & Social Assistance,,,,,,
50,Fullerton,2,FTF,22131,Mexican-American Studies,No Wages,,,,6,,
50,Fullerton,2,FTF,22990 + 49991,Women's Studies,Retail Trade,,,,,,
50,Fullerton,2,FTF,22990 + 49991,Women's Studies,No Wages,,,,,,
50,Fullerton,2,FTF,22996 + 22999,Women's Studies,Wholesale Trade,,,,,,
50,Fullerton,2,FTF,22996 + 22999,Women's Studies,No Wages,,,,,,
50,Fullerton,2,FTF,49012 + 49017,Women's Studies,Utilities,,,,,,
50,Fullerton,2,FTF,49012 + 49017,Women's Studies,Construction,6,"$35,790","$35,061",7,"$51,270","$58,621"
50,Fullerton,2,FTF,49012 + 49017,Women's Studies,Manufacturing,7,"$39,859","$35,232",,,
50,Fullerton,2,FTF,49012 + 49017,Women's Studies,Wholesale Trade,11,"$33,100","$40,208",12,"$32,482","$38,572"
50,Fullerton,2,FTF,49012 + 49017,Women's Studies,Retail Trade,62,"$24,724","$28,112",19,"$37,498","$40,414"
50,Fullerton,2,FTF,49012 + 49017,Women's Studies,Transportation & Warehousing,7,"$32,434","$31,952",5,"$44,632","$42,488"
50,Fullerton,2,FTF,49012 + 49017,Women's Studies,Information,,,,6,"$56,241","$65,503"
50,Fullerton,2,FTF,49012 + 49017,Women's Studies,Finance & Insurance,25,"$45,447","$46,152",20,"$60,710","$67,442"
50,Fullerton,2,FTF,49012 + 49017,Women's Studies,Real Estate & Rental & Leasing,5,"$29,003","$23,641",,,
50,Fullerton,2,FTF,49012 + 49017,Women's Studies,"Professional, Scientific, & Technical Skills",18,"$30,020","$29,894",6,"$46,515","$43,466"
50,Fullerton,2,FTF,49012 + 49017,Women's Studies,Management of Companies & Enterprises,,,,,,
50,Fullerton,2,FTF,49012 + 49017,Women's Studies,Admin & Support & Waste Mgmt & Remediation,16,"$37,823","$35,924",11,"$26,184","$34,463"
50,Fullerton,2,FTF,49012 + 49017,Women's Studies,Educational Services,21,"$24,826","$25,050",10,"$42,992","$47,487"
50,Fullerton,2,FTF,49012 + 49017,Women's Studies,Health Care & Social Assistance,20,"$29,055","$32,981",18,"$34,206","$41,590"
50,Fullerton,2,FTF,49012 + 49017,Women's Studies,"Arts, Entertainment, & Recreation",9,"$17,521","$18,924",,,
50,Fullerton,2,FTF,49012 + 49017,Women's Studies,Accommodation & Food Services,37,"$21,655","$24,495",11,"$35,950","$35,388"
50,Fullerton,2,FTF,49012 + 49017,Women's Studies,Other Services,10,"$20,880","$28,600",6,"$27,549","$27,290"
50,Fullerton,2,FTF,49012 + 49017,Women's Studies,Government,6,"$40,923","$32,590",7,"$34,969","$33,188"
50,Fullerton,2,FTF,49012 + 49017,Women's Studies,No Wages,141,,,265,,
50,Fullerton,2,FTF,49012 + 49017,Women's Studies,Wages - No NAICS Code,11,"$3,840","$7,077",7,"$4,505","$5,776"
50,Fullerton,2,FTT,00000,Undeclared/Unknown,"Agriculture, Forestry, Fishing, & Hunting",,,,,,
50,Fullerton,2,FTT,00000,Undeclared/Unknown,Construction,,,,5,"$18,968","$41,524"
50,Fullerton,2,FTT,00000,Undeclared/Unknown,Manufacturing,8,"$30,897","$54,350",6,"$46,740","$90,325"
50,Fullerton,2,FTT,00000,Undeclared/Unknown,Wholesale Trade,7,"$58,434","$75,641",6,"$34,135","$32,411"
50,Fullerton,2,FTT,00000,Undeclared/Unknown,Retail Trade,16,"$35,150","$34,578",10,"$50,769","$57,037"
50,Fullerton,2,FTT,00000,Undeclared/Unknown,Transportation & Warehousing,,,,,,
50,Fullerton,2,FTT,00000,Undeclared/Unknown,Information,5,"$43,433","$40,262",,,
50,Fullerton,2,FTT,00000,Undeclared/Unknown,Finance & Insurance,9,"$35,731","$33,820",8,"$42,898","$52,221"
50,Fullerton,2,FTT,00000,Undeclared/Unknown,Real Estate & Rental & Leasing,5,"$49,348","$64,218",6,"$35,589","$28,302"
50,Fullerton,2,FTT,00000,Undeclared/Unknown,"Professional, Scientific, & Technical Skills",8,"$26,497","$37,072",5,"$63,483","$59,369"
50,Fullerton,2,FTT,00000,Undeclared/Unknown,Admin & Support & Waste Mgmt & Remediation,10,"$17,037","$21,852",10,"$29,199","$45,639"
50,Fullerton,2,FTT,00000,Undeclared/Unknown,Educational Services,5,"$36,613","$23,594",,,
50,Fullerton,2,FTT,00000,Undeclared/Unknown,Health Care & Social Assistance,14,"$41,526","$50,122",11,"$54,470","$57,447"
50,Fullerton,2,FTT,00000,Undeclared/Unknown,"Arts, Entertainment, & Recreation",,,,,,
50,Fullerton,2,FTT,00000,Undeclared/Unknown,Accommodation & Food Services,13,"$25,946","$30,832",9,"$36,694","$39,337"
50,Fullerton,2,FTT,00000,Undeclared/Unknown,Other Services,,,,,,
50,Fullerton,2,FTT,00000,Undeclared/Unknown,Non-Classified,,,,,,
50,Fullerton,2,FTT,00000,Undeclared/Unknown,Government,,,,5,"$55,313","$74,719"
50,Fullerton,2,FTT,00000,Undeclared/Unknown,No Wages,72,,,100,,
50,Fullerton,2,FTT,00000,Undeclared/Unknown,Wages - No NAICS Code,9,"$2,045","$4,143",,,
50,Fullerton,2,FTT,00121 + 12031 + 12032,Nursing,Retail Trade,,,,,,
50,Fullerton,2,FTT,00121 + 12031 + 12032,Nursing,Finance & Insurance,,,,,,
50,Fullerton,2,FTT,00121 + 12031 + 12032,Nursing,"Professional, Scientific, & Technical Skills",,,,,,
50,Fullerton,2,FTT,00121 + 12031 + 12032,Nursing,Admin & Support & Waste Mgmt & Remediation,12,"$30,916","$38,990",5,"$32,319","$39,989"
50,Fullerton,2,FTT,00121 + 12031 + 12032,Nursing,Educational Services,13,"$106,075","$105,439",9,"$111,728","$114,651"
50,Fullerton,2,FTT,00121 + 12031 + 12032,Nursing,Health Care & Social Assistance,214,"$99,702","$101,510",114,"$109,648","$105,885"
50,Fullerton,2,FTT,00121 + 12031 + 12032,Nursing,Other Services,,,,,,
50,Fullerton,2,FTT,00121 + 12031 + 12032,Nursing,Government,6,"$95,244","$94,942",,,
50,Fullerton,2,FTT,00121 + 12031 + 12032,Nursing,No Wages,102,,,216,,
50,Fullerton,2,FTT,00121 + 12031 + 12032,Nursing,Wages - No NAICS Code,6,"$8,572","$56,515",,,
50,Fullerton,2,FTT,03011 + 03021 + 03071,Asian/East Asian Studies,No Wages,,,,,,
50,Fullerton,2,FTT,03011 + 03021 + 03071,Asian/East Asian Studies,Wages - No NAICS Code,,,,,,
50,Fullerton,2,FTT,03081 + 03085,Latin/Central American Studies,Retail Trade,,,,,,
50,Fullerton,2,FTT,03081 + 03085,Latin/Central American Studies,Finance & Insurance,,,,,,
50,Fullerton,2,FTT,03081 + 03085,Latin/Central American Studies,Other Services,,,,,,
50,Fullerton,2,FTT,03081 + 03085,Latin/Central American Studies,Government,,,,,,
50,Fullerton,2,FTT,03081 + 03085,Latin/Central American Studies,No Wages,,,,,,
50,Fullerton,2,FTT,03131,American Studies,Construction,,,,,,
50,Fullerton,2,FTT,03131,American Studies,Manufacturing,,,,,,
50,Fullerton,2,FTT,03131,American Studies,Wholesale Trade,,,,,,
50,Fullerton,2,FTT,03131,American Studies,Retail Trade,,,,,,
50,Fullerton,2,FTT,03131,American Studies,Transportation & Warehousing,,,,,,
50,Fullerton,2,FTT,03131,American Studies,"Professional, Scientific, & Technical Skills",,,,,,
50,Fullerton,2,FTT,03131,American Studies,Educational Services,,,,,,
50,Fullerton,2,FTT,03131,American Studies,Health Care & Social Assistance,,,,,,
50,Fullerton,2,FTT,03131,American Studies,Government,,,,,,
50,Fullerton,2,FTT,03131,American Studies,No Wages,9,,,13,,
50,Fullerton,2,FTT,03131,American Studies,Wages - No NAICS Code,,,,,,
50,Fullerton,2,FTT,04011,Biology,"Agriculture, Forestry, Fishing, & Hunting",,,,,,
50,Fullerton,2,FTT,04011,Biology,Utilities,,,,,,
50,Fullerton,2,FTT,04011,Biology,Construction,6,"$36,106","$37,207",7,"$39,980","$48,881"
50,Fullerton,2,FTT,04011,Biology,Manufacturing,23,"$50,224","$52,877",11,"$50,194","$61,233"
50,Fullerton,2,FTT,04011,Biology,Wholesale Trade,8,"$60,152","$70,626",6,"$71,495","$85,708"
50,Fullerton,2,FTT,04011,Biology,Retail Trade,41,"$27,516","$38,314",26,"$36,842","$47,437"
50,Fullerton,2,FTT,04011,Biology,Transportation & Warehousing,,,,,,
50,Fullerton,2,FTT,04011,Biology,Information,6,"$39,625","$37,593",,,
50,Fullerton,2,FTT,04011,Biology,Finance & Insurance,20,"$43,826","$43,223",7,"$45,511","$46,189"
50,Fullerton,2,FTT,04011,Biology,Real Estate & Rental & Leasing,,,,,,
50,Fullerton,2,FTT,04011,Biology,"Professional, Scientific, & Technical Skills",22,"$31,178","$32,709",14,"$52,314","$55,763"
50,Fullerton,2,FTT,04011,Biology,Admin & Support & Waste Mgmt & Remediation,14,"$41,630","$36,356",8,"$46,448","$47,727"
50,Fullerton,2,FTT,04011,Biology,Educational Services,9,"$14,760","$29,739",9,"$37,537","$38,998"
50,Fullerton,2,FTT,04011,Biology,Health Care & Social Assistance,40,"$43,824","$53,977",22,"$74,632","$75,147"
50,Fullerton,2,FTT,04011,Biology,"Arts, Entertainment, & Recreation",6,"$14,618","$17,294",,,
50,Fullerton,2,FTT,04011,Biology,Accommodation & Food Services,15,"$27,591","$26,380",5,"$37,942","$34,901"
50,Fullerton,2,FTT,04011,Biology,Other Services,,,,,,
50,Fullerton,2,FTT,04011,Biology,Non-Classified,,,,,,
50,Fullerton,2,FTT,04011,Biology,Government,9,"$57,991","$67,166",8,"$74,527","$75,673"
50,Fullerton,2,FTT,04011,Biology,No Wages,207,,,305,,
50,Fullerton,2,FTT,04011,Biology,Wages - No NAICS Code,15,"$4,345","$30,173",11,"$15,345","$35,643"
50,Fullerton,2,FTT,04141,Biochemistry,Construction,,,,,,
50,Fullerton,2,FTT,04141,Biochemistry,Manufacturing,,,,,,
50,Fullerton,2,FTT,04141,Biochemistry,Wholesale Trade,,,,,,
50,Fullerton,2,FTT,04141,Biochemistry,Retail Trade,8,"$27,353","$39,901",,,
50,Fullerton,2,FTT,04141,Biochemistry,Transportation & Warehousing,,,,,,
50,Fullerton,2,FTT,04141,Biochemistry,Finance & Insurance,,,,,,
50,Fullerton,2,FTT,04141,Biochemistry,"Professional, Scientific, & Technical Skills",,,,,,
50,Fullerton,2,FTT,04141,Biochemistry,Admin & Support & Waste Mgmt & Remediation,,,,,,
50,Fullerton,2,FTT,04141,Biochemistry,Educational Services,,,,,,
50,Fullerton,2,FTT,04141,Biochemistry,Health Care & Social Assistance,13,"$42,657","$47,522",,,
50,Fullerton,2,FTT,04141,Biochemistry,"Arts, Entertainment, & Recreation",,,,,,
50,Fullerton,2,FTT,04141,Biochemistry,Accommodation & Food Services,6,"$29,329","$31,565",,,
50,Fullerton,2,FTT,04141,Biochemistry,Other Services,,,,,,
50,Fullerton,2,FTT,04141,Biochemistry,Government,,,,,,
50,Fullerton,2,FTT,04141,Biochemistry,No Wages,64,,,91,,
50,Fullerton,2,FTT,04141,Biochemistry,Wages - No NAICS Code,,,,,,
50,Fullerton,2,FTT,05011,Business Administration,"Agriculture, Forestry, Fishing, & Hunting",6,"$5,815","$19,568",,,
50,Fullerton,2,FTT,05011,Business Administration,Mining,,,,,,
50,Fullerton,2,FTT,05011,Business Administration,Utilities,10,"$93,790","$89,240",9,"$69,686","$78,548"
50,Fullerton,2,FTT,05011,Business Administration,Construction,88,"$54,539","$61,049",57,"$54,683","$67,404"
50,Fullerton,2,FTT,05011,Business Administration,Manufacturing,139,"$46,771","$60,580",78,"$61,582","$95,650"
50,Fullerton,2,FTT,05011,Business Administration,Wholesale Trade,180,"$44,626","$50,310",111,"$50,651","$59,431"
50,Fullerton,2,FTT,05011,Business Administration,Retail Trade,342,"$37,537","$43,450",157,"$42,612","$52,458"
50,Fullerton,2,FTT,05011,Business Administration,Transportation & Warehousing,56,"$43,488","$47,597",33,"$47,966","$54,610"
50,Fullerton,2,FTT,05011,Business Administration,Information,63,"$50,401","$62,344",40,"$62,683","$62,387"
50,Fullerton,2,FTT,05011,Business Administration,Finance & Insurance,336,"$50,328","$66,222",182,"$56,609","$72,800"
50,Fullerton,2,FTT,05011,Business Administration,Real Estate & Rental & Leasing,68,"$40,261","$41,219",35,"$52,550","$66,972"
50,Fullerton,2,FTT,05011,Business Administration,"Professional, Scientific, & Technical Skills",224,"$44,133","$49,436",124,"$57,334","$63,532"
50,Fullerton,2,FTT,05011,Business Administration,Management of Companies & Enterprises,7,"$45,741","$52,941",,,
50,Fullerton,2,FTT,05011,Business Administration,Admin & Support & Waste Mgmt & Remediation,164,"$36,578","$48,816",75,"$41,910","$46,655"
50,Fullerton,2,FTT,05011,Business Administration,Educational Services,64,"$39,149","$44,815",40,"$43,675","$49,732"
50,Fullerton,2,FTT,05011,Business Administration,Health Care & Social Assistance,127,"$34,530","$35,892",88,"$40,081","$41,579"
50,Fullerton,2,FTT,05011,Business Administration,"Arts, Entertainment, & Recreation",55,"$29,336","$33,864",27,"$38,842","$54,754"
50,Fullerton,2,FTT,05011,Business Administration,Accommodation & Food Services,163,"$26,198","$30,095",76,"$30,830","$37,583"
50,Fullerton,2,FTT,05011,Business Administration,Other Services,59,"$35,271","$41,202",29,"$31,429","$44,209"
50,Fullerton,2,FTT,05011,Business Administration,Non-Classified,7,"$10,720","$20,864",,,
50,Fullerton,2,FTT,05011,Business Administration,Government,87,"$59,220","$66,638",60,"$71,368","$81,477"
50,Fullerton,2,FTT,05011,Business Administration,No Wages,"1,824",,,"2,894",,
50,Fullerton,2,FTT,05011,Business Administration,Wages - No NAICS Code,135,"$7,263","$17,140",82,"$6,895","$19,259"
50,Fullerton,2,FTT,05021,Accounting,Construction,,,,,,
50,Fullerton,2,FTT,05021,Accounting,Manufacturing,,,,,,
50,Fullerton,2,FTT,05021,Accounting,Wholesale Trade,7,"$51,041","$56,903",6,"$56,128","$57,039"
50,Fullerton,2,FTT,05021,Accounting,Retail Trade,15,"$40,947","$32,603",7,"$54,443","$52,716"
50,Fullerton,2,FTT,05021,Accounting,Transportation & Warehousing,,,,,,
50,Fullerton,2,FTT,05021,Accounting,Finance & Insurance,12,"$44,587","$45,436",12,"$49,164","$79,669"
50,Fullerton,2,FTT,05021,Accounting,Real Estate & Rental & Leasing,,,,5,"$43,985","$45,470"
50,Fullerton,2,FTT,05021,Accounting,"Professional, Scientific, & Technical Skills",8,"$36,949","$47,540",7,"$39,160","$35,941"
50,Fullerton,2,FTT,05021,Accounting,Admin & Support & Waste Mgmt & Remediation,9,"$37,506","$41,495",,,
50,Fullerton,2,FTT,05021,Accounting,Educational Services,,,,,,
50,Fullerton,2,FTT,05021,Accounting,Health Care & Social Assistance,6,"$26,360","$28,265",,,
50,Fullerton,2,FTT,05021,Accounting,"Arts, Entertainment, & Recreation",,,,,,
50,Fullerton,2,FTT,05021,Accounting,Accommodation & Food Services,8,"$44,170","$46,281",,,
50,Fullerton,2,FTT,05021,Accounting,Other Services,5,"$22,441","$30,418",,,
50,Fullerton,2,FTT,05021,Accounting,Government,,,,,,
50,Fullerton,2,FTT,05021,Accounting,No Wages,53,,,91,,
50,Fullerton,2,FTT,05021,Accounting,Wages - No NAICS Code,7,"$28,520","$37,186",,,
50,Fullerton,2,FTT,05041,Finance,Utilities,,,,,,
50,Fullerton,2,FTT,05041,Finance,Construction,,,,,,
50,Fullerton,2,FTT,05041,Finance,Manufacturing,,,,,,
50,Fullerton,2,FTT,05041,Finance,Retail Trade,9,"$47,607","$43,552",,,
50,Fullerton,2,FTT,05041,Finance,Information,,,,,,
50,Fullerton,2,FTT,05041,Finance,Finance & Insurance,14,"$52,253","$67,818",5,"$66,952","$116,956"
50,Fullerton,2,FTT,05041,Finance,Real Estate & Rental & Leasing,,,,,,
50,Fullerton,2,FTT,05041,Finance,"Professional, Scientific, & Technical Skills",5,"$49,865","$50,678",,,
50,Fullerton,2,FTT,05041,Finance,Admin & Support & Waste Mgmt & Remediation,,,,5,"$23,253","$26,546"
50,Fullerton,2,FTT,05041,Finance,Educational Services,,,,,,
50,Fullerton,2,FTT,05041,Finance,Health Care & Social Assistance,,,,,,
50,Fullerton,2,FTT,05041,Finance,"Arts, Entertainment, & Recreation",,,,,,
50,Fullerton,2,FTT,05041,Finance,Accommodation & Food Services,5,"$16,021","$38,763",,,
50,Fullerton,2,FTT,05041,Finance,Other Services,,,,,,
50,Fullerton,2,FTT,05041,Finance,Government,,,,,,
50,Fullerton,2,FTT,05041,Finance,No Wages,40,,,69,,
50,Fullerton,2,FTT,05041,Finance,Wages - No NAICS Code,,,,,,
50,Fullerton,2,FTT,05061,Management,Construction,,,,,,
50,Fullerton,2,FTT,05061,Management,Manufacturing,,,,,,
50,Fullerton,2,FTT,05061,Management,Wholesale Trade,,,,,,
50,Fullerton,2,FTT,05061,Management,Retail Trade,6,"$23,270","$25,202",,,
50,Fullerton,2,FTT,05061,Management,Transportation & Warehousing,,,,,,
50,Fullerton,2,FTT,05061,Management,Information,,,,,,
50,Fullerton,2,FTT,05061,Management,Finance & Insurance,9,"$44,519","$44,195",,,
50,Fullerton,2,FTT,05061,Management,Real Estate & Rental & Leasing,,,,,,
50,Fullerton,2,FTT,05061,Management,"Professional, Scientific, & Technical Skills",,,,,,
50,Fullerton,2,FTT,05061,Management,Management of Companies & Enterprises,,,,,,
50,Fullerton,2,FTT,05061,Management,Admin & Support & Waste Mgmt & Remediation,,,,,,
50,Fullerton,2,FTT,05061,Management,Educational Services,,,,,,
50,Fullerton,2,FTT,05061,Management,Health Care & Social Assistance,,,,,,
50,Fullerton,2,FTT,05061,Management,"Arts, Entertainment, & Recreation",,,,,,
50,Fullerton,2,FTT,05061,Management,Accommodation & Food Services,,,,,,
50,Fullerton,2,FTT,05061,Management,Other Services,,,,,,
50,Fullerton,2,FTT,05061,Management,Non-Classified,,,,,,
50,Fullerton,2,FTT,05061,Management,Government,,,,,,
50,Fullerton,2,FTT,05061,Management,No Wages,34,,,61,,
50,Fullerton,2,FTT,05061,Management,Wages - No NAICS Code,,,,,,
50,Fullerton,2,FTT,05082 + 05083,Travel and Tourism/Tourism Management,Finance & Insurance,,,,,,
50,Fullerton,2,FTT,05082 + 05083,Travel and Tourism/Tourism Management,No Wages,6,,,7,,
50,Fullerton,2,FTT,05091,Marketing,Manufacturing,,,,,,
50,Fullerton,2,FTT,05091,Marketing,Wholesale Trade,,,,,,
50,Fullerton,2,FTT,05091,Marketing,Retail Trade,,,,,,
50,Fullerton,2,FTT,05091,Marketing,Transportation & Warehousing,,,,,,
50,Fullerton,2,FTT,05091,Marketing,Finance & Insurance,,,,,,
50,Fullerton,2,FTT,05091,Marketing,"Professional, Scientific, & Technical Skills",,,,,,
50,Fullerton,2,FTT,05091,Marketing,Management of Companies & Enterprises,,,,,,
50,Fullerton,2,FTT,05091,Marketing,Admin & Support & Waste Mgmt & Remediation,,,,,,
50,Fullerton,2,FTT,05091,Marketing,Educational Services,,,,,,
50,Fullerton,2,FTT,05091,Marketing,"Arts, Entertainment, & Recreation",,,,,,
50,Fullerton,2,FTT,05091,Marketing,Accommodation & Food Services,,,,,,
50,Fullerton,2,FTT,05091,Marketing,Government,,,,,,
50,Fullerton,2,FTT,05091,Marketing,No Wages,17,,,26,,
50,Fullerton,2,FTT,05091,Marketing,Wages - No NAICS Code,,,,,,
50,Fullerton,2,FTT,05131,International Business,"Agriculture, Forestry, Fishing, & Hunting",,,,,,
50,Fullerton,2,FTT,05131,International Business,Construction,6,"$34,065","$41,490",,,
50,Fullerton,2,FTT,05131,International Business,Manufacturing,8,"$55,165","$76,878",6,"$56,775","$60,574"
50,Fullerton,2,FTT,05131,International Business,Wholesale Trade,18,"$49,413","$51,331",13,"$66,412","$78,166"
50,Fullerton,2,FTT,05131,International Business,Retail Trade,16,"$51,088","$68,417",8,"$70,990","$80,672"
50,Fullerton,2,FTT,05131,International Business,Transportation & Warehousing,,,,5,"$35,580","$62,023"
50,Fullerton,2,FTT,05131,International Business,Information,,,,,,
50,Fullerton,2,FTT,05131,International Business,Finance & Insurance,30,"$52,710","$55,785",18,"$49,310","$55,110"
50,Fullerton,2,FTT,05131,International Business,Real Estate & Rental & Leasing,,,,,,
50,Fullerton,2,FTT,05131,International Business,"Professional, Scientific, & Technical Skills",8,"$47,201","$51,415",8,"$43,944","$43,427"
50,Fullerton,2,FTT,05131,International Business,Management of Companies & Enterprises,,,,,,
50,Fullerton,2,FTT,05131,International Business,Admin & Support & Waste Mgmt & Remediation,6,"$37,186","$35,134",9,"$26,960","$27,015"
50,Fullerton,2,FTT,05131,International Business,Educational Services,,,,,,
50,Fullerton,2,FTT,05131,International Business,Health Care & Social Assistance,,,,,,
50,Fullerton,2,FTT,05131,International Business,"Arts, Entertainment, & Recreation",,,,,,
50,Fullerton,2,FTT,05131,International Business,Accommodation & Food Services,9,"$31,854","$29,929",6,"$36,081","$39,791"
50,Fullerton,2,FTT,05131,International Business,Other Services,,,,,,
50,Fullerton,2,FTT,05131,International Business,Government,,,,,,
50,Fullerton,2,FTT,05131,International Business,No Wages,87,,,117,,
50,Fullerton,2,FTT,05131,International Business,Wages - No NAICS Code,8,"$4,885","$6,270",8,"$9,009","$17,770"
50,Fullerton,2,FTT,05171,Business Economics,Wholesale Trade,,,,,,
50,Fullerton,2,FTT,05171,Business Economics,Accommodation & Food Services,,,,,,
50,Fullerton,2,FTT,05171,Business Economics,No Wages,7,,,7,,
50,Fullerton,2,FTT,05992,Public Relations,"Agriculture, Forestry, Fishing, & Hunting",,,,,,
50,Fullerton,2,FTT,05992,Public Relations,Construction,,,,,,
50,Fullerton,2,FTT,05992,Public Relations,Manufacturing,,,,,,
50,Fullerton,2,FTT,05992,Public Relations,Wholesale Trade,,,,5,"$56,019","$49,078"
50,Fullerton,2,FTT,05992,Public Relations,Retail Trade,11,"$43,199","$44,331",,,
50,Fullerton,2,FTT,05992,Public Relations,Transportation & Warehousing,,,,,,
50,Fullerton,2,FTT,05992,Public Relations,Information,6,"$36,741","$38,268",,,
50,Fullerton,2,FTT,05992,Public Relations,Finance & Insurance,13,"$56,148","$59,877",5,"$84,148","$102,933"
50,Fullerton,2,FTT,05992,Public Relations,Real Estate & Rental & Leasing,6,"$52,922","$48,657",5,"$64,766","$60,705"
50,Fullerton,2,FTT,05992,Public Relations,"Professional, Scientific, & Technical Skills",9,"$73,371","$57,723",5,"$99,998","$134,040"
50,Fullerton,2,FTT,05992,Public Relations,Admin & Support & Waste Mgmt & Remediation,14,"$36,709","$38,429",6,"$65,155","$78,945"
50,Fullerton,2,FTT,05992,Public Relations,Health Care & Social Assistance,6,"$32,020","$34,051",,,
50,Fullerton,2,FTT,05992,Public Relations,"Arts, Entertainment, & Recreation",,,,,,
50,Fullerton,2,FTT,05992,Public Relations,Accommodation & Food Services,12,"$16,731","$21,630",5,"$27,584","$35,034"
50,Fullerton,2,FTT,05992,Public Relations,Other Services,8,"$5,865","$12,717",,,
50,Fullerton,2,FTT,05992,Public Relations,Government,,,,,,
50,Fullerton,2,FTT,05992,Public Relations,No Wages,90,,,155,,
50,Fullerton,2,FTT,05992,Public Relations,Wages - No NAICS Code,7,"$4,368","$6,687",,,
50,Fullerton,2,FTT,05996 + 05997,Entrepreneurship & Small Business Management,Finance & Insurance,,,,,,
50,Fullerton,2,FTT,05996 + 05997,Entrepreneurship & Small Business Management,"Professional, Scientific, & Technical Skills",,,,,,
50,Fullerton,2,FTT,05996 + 05997,Entrepreneurship & Small Business Management,No Wages,15,,,17,,
50,Fullerton,2,FTT,06011,Communications,Utilities,,,,,,
50,Fullerton,2,FTT,06011,Communications,Construction,8,"$44,667","$50,572",6,"$57,255","$54,879"
50,Fullerton,2,FTT,06011,Communications,Manufacturing,12,"$36,226","$41,405",,,
50,Fullerton,2,FTT,06011,Communications,Wholesale Trade,24,"$54,611","$69,805",12,"$75,063","$98,902"
50,Fullerton,2,FTT,06011,Communications,Retail Trade,37,"$35,465","$39,187",25,"$40,210","$42,796"
50,Fullerton,2,FTT,06011,Communications,Transportation & Warehousing,,,,,,
50,Fullerton,2,FTT,06011,Communications,Information,10,"$51,694","$54,682",10,"$63,512","$74,048"
50,Fullerton,2,FTT,06011,Communications,Finance & Insurance,37,"$52,329","$59,747",22,"$61,841","$72,776"
50,Fullerton,2,FTT,06011,Communications,Real Estate & Rental & Leasing,8,"$46,799","$43,596",5,"$62,280","$51,165"
50,Fullerton,2,FTT,06011,Communications,"Professional, Scientific, & Technical Skills",22,"$47,261","$48,583",12,"$59,950","$102,311"
50,Fullerton,2,FTT,06011,Communications,Management of Companies & Enterprises,,,,,,
50,Fullerton,2,FTT,06011,Communications,Admin & Support & Waste Mgmt & Remediation,24,"$31,906","$39,416",13,"$34,045","$51,565"
50,Fullerton,2,FTT,06011,Communications,Educational Services,12,"$26,001","$30,163",5,"$42,324","$43,860"
50,Fullerton,2,FTT,06011,Communications,Health Care & Social Assistance,11,"$37,455","$32,574",,,
50,Fullerton,2,FTT,06011,Communications,"Arts, Entertainment, & Recreation",5,"$37,654","$45,080",,,
50,Fullerton,2,FTT,06011,Communications,Accommodation & Food Services,25,"$27,302","$33,355",11,"$50,673","$42,314"
50,Fullerton,2,FTT,06011,Communications,Other Services,7,"$37,526","$29,765",,,
50,Fullerton,2,FTT,06011,Communications,Government,8,"$95,869","$88,194",8,"$99,110","$105,513"
50,Fullerton,2,FTT,06011,Communications,No Wages,196,,,316,,
50,Fullerton,2,FTT,06011,Communications,Wages - No NAICS Code,18,"$5,632","$11,387",15,"$3,919","$10,670"
50,Fullerton,2,FTT,06021 + 06022,Journalism,Construction,,,,,,
50,Fullerton,2,FTT,06021 + 06022,Journalism,Manufacturing,,,,,,
50,Fullerton,2,FTT,06021 + 06022,Journalism,Wholesale Trade,,,,,,
50,Fullerton,2,FTT,06021 + 06022,Journalism,Retail Trade,7,"$43,468","$34,692",,,
50,Fullerton,2,FTT,06021 + 06022,Journalism,Transportation & Warehousing,,,,,,
50,Fullerton,2,FTT,06021 + 06022,Journalism,Information,10,"$35,863","$40,074",,,
50,Fullerton,2,FTT,06021 + 06022,Journalism,Finance & Insurance,6,"$51,688","$61,034",,,
50,Fullerton,2,FTT,06021 + 06022,Journalism,Real Estate & Rental & Leasing,,,,,,
50,Fullerton,2,FTT,06021 + 06022,Journalism,"Professional, Scientific, & Technical Skills",,,,,,
50,Fullerton,2,FTT,06021 + 06022,Journalism,Management of Companies & Enterprises,,,,,,
50,Fullerton,2,FTT,06021 + 06022,Journalism,Admin & Support & Waste Mgmt & Remediation,5,"$48,529","$48,493",,,
50,Fullerton,2,FTT,06021 + 06022,Journalism,Educational Services,,,,,,
50,Fullerton,2,FTT,06021 + 06022,Journalism,Health Care & Social Assistance,5,"$22,101","$25,310",,,
50,Fullerton,2,FTT,06021 + 06022,Journalism,"Arts, Entertainment, & Recreation",,,,,,
50,Fullerton,2,FTT,06021 + 06022,Journalism,Accommodation & Food Services,7,"$26,388","$35,292",,,
50,Fullerton,2,FTT,06021 + 06022,Journalism,Other Services,,,,,,
50,Fullerton,2,FTT,06021 + 06022,Journalism,Government,,,,,,
50,Fullerton,2,FTT,06021 + 06022,Journalism,No Wages,41,,,82,,
50,Fullerton,2,FTT,06021 + 06022,Journalism,Wages - No NAICS Code,7,"$2,096","$3,184",,,
50,Fullerton,2,FTT,06031,Radio/Television/Broadcast,"Agriculture, Forestry, Fishing, & Hunting",,,,,,
50,Fullerton,2,FTT,06031,Radio/Television/Broadcast,Utilities,,,,,,
50,Fullerton,2,FTT,06031,Radio/Television/Broadcast,Construction,5,"$28,902","$30,344",,,
50,Fullerton,2,FTT,06031,Radio/Television/Broadcast,Manufacturing,,,,,,
50,Fullerton,2,FTT,06031,Radio/Television/Broadcast,Wholesale Trade,,,,,,
50,Fullerton,2,FTT,06031,Radio/Television/Broadcast,Retail Trade,20,"$33,383","$33,880",6,"$31,608","$38,242"
50,Fullerton,2,FTT,06031,Radio/Television/Broadcast,Transportation & Warehousing,,,,,,
50,Fullerton,2,FTT,06031,Radio/Television/Broadcast,Information,16,"$46,732","$52,002",12,"$64,864","$60,650"
50,Fullerton,2,FTT,06031,Radio/Television/Broadcast,Finance & Insurance,11,"$46,545","$53,493",,,
50,Fullerton,2,FTT,06031,Radio/Television/Broadcast,Real Estate & Rental & Leasing,5,"$34,194","$30,857",,,
50,Fullerton,2,FTT,06031,Radio/Television/Broadcast,"Professional, Scientific, & Technical Skills",11,"$53,343","$48,894",,,
50,Fullerton,2,FTT,06031,Radio/Television/Broadcast,Admin & Support & Waste Mgmt & Remediation,8,"$25,381","$25,428",,,
50,Fullerton,2,FTT,06031,Radio/Television/Broadcast,Educational Services,5,"$19,011","$29,259",,,
50,Fullerton,2,FTT,06031,Radio/Television/Broadcast,Health Care & Social Assistance,5,"$35,491","$36,497",,,
50,Fullerton,2,FTT,06031,Radio/Television/Broadcast,"Arts, Entertainment, & Recreation",9,"$42,165","$44,750",6,"$49,259","$44,044"
50,Fullerton,2,FTT,06031,Radio/Television/Broadcast,Accommodation & Food Services,14,"$24,133","$30,820",5,"$25,831","$26,594"
50,Fullerton,2,FTT,06031,Radio/Television/Broadcast,Other Services,,,,,,
50,Fullerton,2,FTT,06031,Radio/Television/Broadcast,Government,,,,,,
50,Fullerton,2,FTT,06031,Radio/Television/Broadcast,No Wages,96,,,162,,
50,Fullerton,2,FTT,06031,Radio/Television/Broadcast,Wages - No NAICS Code,6,"$4,236","$5,218",,,
50,Fullerton,2,FTT,06041,Advertising,"Agriculture, Forestry, Fishing, & Hunting",,,,,,
50,Fullerton,2,FTT,06041,Advertising,Utilities,,,,,,
50,Fullerton,2,FTT,06041,Advertising,Construction,,,,,,
50,Fullerton,2,FTT,06041,Advertising,Manufacturing,7,"$54,938","$51,599",,,
50,Fullerton,2,FTT,06041,Advertising,Wholesale Trade,,,,,,
50,Fullerton,2,FTT,06041,Advertising,Retail Trade,14,"$52,995","$50,666",,,
50,Fullerton,2,FTT,06041,Advertising,Transportation & Warehousing,,,,,,
50,Fullerton,2,FTT,06041,Advertising,Information,,,,,,
50,Fullerton,2,FTT,06041,Advertising,Finance & Insurance,13,"$52,348","$45,905",,,
50,Fullerton,2,FTT,06041,Advertising,Real Estate & Rental & Leasing,,,,,,
50,Fullerton,2,FTT,06041,Advertising,"Professional, Scientific, & Technical Skills",10,"$59,711","$53,778",8,"$68,132","$63,626"
50,Fullerton,2,FTT,06041,Advertising,Admin & Support & Waste Mgmt & Remediation,7,"$62,994","$63,644",5,"$63,414","$58,286"
50,Fullerton,2,FTT,06041,Advertising,Educational Services,,,,,,
50,Fullerton,2,FTT,06041,Advertising,Health Care & Social Assistance,6,"$41,353","$66,720",,,
50,Fullerton,2,FTT,06041,Advertising,"Arts, Entertainment, & Recreation",,,,,,
50,Fullerton,2,FTT,06041,Advertising,Accommodation & Food Services,5,"$13,017","$19,651",,,
50,Fullerton,2,FTT,06041,Advertising,Other Services,,,,,,
50,Fullerton,2,FTT,06041,Advertising,Government,,,,,,
50,Fullerton,2,FTT,06041,Advertising,No Wages,76,,,127,,
50,Fullerton,2,FTT,06041,Advertising,Wages - No NAICS Code,,,,,,
50,Fullerton,2,FTT,07011 + 07012 + 07028,Graphic Communications,Utilities,,,,,,
50,Fullerton,2,FTT,07011 + 07012 + 07028,Graphic Communications,Construction,,,,,,
50,Fullerton,2,FTT,07011 + 07012 + 07028,Graphic Communications,Manufacturing,22,"$57,695","$57,611",19,"$63,335","$69,797"
50,Fullerton,2,FTT,07011 + 07012 + 07028,Graphic Communications,Wholesale Trade,23,"$54,577","$57,729",17,"$53,432","$49,326"
50,Fullerton,2,FTT,07011 + 07012 + 07028,Graphic Communications,Retail Trade,50,"$43,602","$46,459",26,"$42,492","$49,449"
50,Fullerton,2,FTT,07011 + 07012 + 07028,Graphic Communications,Transportation & Warehousing,9,"$37,704","$43,721",5,"$43,134","$48,184"
50,Fullerton,2,FTT,07011 + 07012 + 07028,Graphic Communications,Information,23,"$63,708","$62,550",20,"$87,959","$84,713"
50,Fullerton,2,FTT,07011 + 07012 + 07028,Graphic Communications,Finance & Insurance,18,"$65,147","$65,907",9,"$64,460","$63,913"
50,Fullerton,2,FTT,07011 + 07012 + 07028,Graphic Communications,Real Estate & Rental & Leasing,8,"$48,180","$51,601",,,
50,Fullerton,2,FTT,07011 + 07012 + 07028,Graphic Communications,"Professional, Scientific, & Technical Skills",33,"$67,533","$75,785",31,"$60,962","$79,405"
50,Fullerton,2,FTT,07011 + 07012 + 07028,Graphic Communications,Management of Companies & Enterprises,,,,,,
50,Fullerton,2,FTT,07011 + 07012 + 07028,Graphic Communications,Admin & Support & Waste Mgmt & Remediation,27,"$38,568","$38,228",12,"$56,102","$54,825"
50,Fullerton,2,FTT,07011 + 07012 + 07028,Graphic Communications,Educational Services,7,"$42,971","$40,457",6,"$42,675","$39,909"
50,Fullerton,2,FTT,07011 + 07012 + 07028,Graphic Communications,Health Care & Social Assistance,13,"$48,074","$55,475",13,"$70,670","$65,928"
50,Fullerton,2,FTT,07011 + 07012 + 07028,Graphic Communications,"Arts, Entertainment, & Recreation",6,"$46,112","$56,914",5,"$56,860","$51,829"
50,Fullerton,2,FTT,07011 + 07012 + 07028,Graphic Communications,Accommodation & Food Services,6,"$13,393","$17,352",,,
50,Fullerton,2,FTT,07011 + 07012 + 07028,Graphic Communications,Other Services,6,"$56,410","$53,033",,,
50,Fullerton,2,FTT,07011 + 07012 + 07028,Graphic Communications,Non-Classified,,,,,,
50,Fullerton,2,FTT,07011 + 07012 + 07028,Graphic Communications,Government,10,"$89,858","$88,231",7,"$97,402","$93,111"
50,Fullerton,2,FTT,07011 + 07012 + 07028,Graphic Communications,No Wages,212,,,299,,
50,Fullerton,2,FTT,07011 + 07012 + 07028,Graphic Communications,Wages - No NAICS Code,18,"$5,009","$21,100",16,"$15,669","$36,651"
50,Fullerton,2,FTT,07021,Information Systems,Construction,,,,,,
50,Fullerton,2,FTT,07021,Information Systems,Manufacturing,5,"$44,667","$45,359",,,
50,Fullerton,2,FTT,07021,Information Systems,Wholesale Trade,,,,,,
50,Fullerton,2,FTT,07021,Information Systems,Retail Trade,,,,,,
50,Fullerton,2,FTT,07021,Information Systems,Transportation & Warehousing,,,,,,
50,Fullerton,2,FTT,07021,Information Systems,Finance & Insurance,5,"$57,554","$79,138",,,
50,Fullerton,2,FTT,07021,Information Systems,Real Estate & Rental & Leasing,,,,,,
50,Fullerton,2,FTT,07021,Information Systems,"Professional, Scientific, & Technical Skills",,,,,,
50,Fullerton,2,FTT,07021,Information Systems,Admin & Support & Waste Mgmt & Remediation,,,,,,
50,Fullerton,2,FTT,07021,Information Systems,Educational Services,,,,,,
50,Fullerton,2,FTT,07021,Information Systems,Health Care & Social Assistance,,,,,,
50,Fullerton,2,FTT,07021,Information Systems,Other Services,,,,,,
50,Fullerton,2,FTT,07021,Information Systems,Government,,,,,,
50,Fullerton,2,FTT,07021,Information Systems,No Wages,33,,,46,,
50,Fullerton,2,FTT,07021,Information Systems,Wages - No NAICS Code,,,,,,
50,Fullerton,2,FTT,08231 + 08232,Child Development,"Agriculture, Forestry, Fishing, & Hunting",,,,,,
50,Fullerton,2,FTT,08231 + 08232,Child Development,Utilities,,,,,,
50,Fullerton,2,FTT,08231 + 08232,Child Development,Construction,5,"$41,296","$36,084",,,
50,Fullerton,2,FTT,08231 + 08232,Child Development,Manufacturing,,,,,,
50,Fullerton,2,FTT,08231 + 08232,Child Development,Wholesale Trade,6,"$38,521","$40,203",,,
50,Fullerton,2,FTT,08231 + 08232,Child Development,Retail Trade,24,"$37,850","$39,892",12,"$53,559","$56,529"
50,Fullerton,2,FTT,08231 + 08232,Child Development,Transportation & Warehousing,,,,,,
50,Fullerton,2,FTT,08231 + 08232,Child Development,Information,,,,,,
50,Fullerton,2,FTT,08231 + 08232,Child Development,Finance & Insurance,18,"$48,747","$47,754",6,"$46,268","$66,283"
50,Fullerton,2,FTT,08231 + 08232,Child Development,Real Estate & Rental & Leasing,,,,,,
50,Fullerton,2,FTT,08231 + 08232,Child Development,"Professional, Scientific, & Technical Skills",15,"$29,556","$38,111",13,"$31,509","$33,658"
50,Fullerton,2,FTT,08231 + 08232,Child Development,Admin & Support & Waste Mgmt & Remediation,20,"$31,158","$39,991",5,"$36,313","$42,025"
50,Fullerton,2,FTT,08231 + 08232,Child Development,Educational Services,30,"$25,075","$30,136",18,"$24,820","$30,791"
50,Fullerton,2,FTT,08231 + 08232,Child Development,Health Care & Social Assistance,37,"$30,111","$32,001",25,"$22,785","$33,234"
50,Fullerton,2,FTT,08231 + 08232,Child Development,"Arts, Entertainment, & Recreation",9,"$12,742","$18,300",5,"$42,096","$34,090"
50,Fullerton,2,FTT,08231 + 08232,Child Development,Accommodation & Food Services,16,"$21,415","$27,665",9,"$10,508","$16,635"
50,Fullerton,2,FTT,08231 + 08232,Child Development,Other Services,13,"$23,974","$30,082",5,"$27,885","$36,667"
50,Fullerton,2,FTT,08231 + 08232,Child Development,Government,9,"$48,501","$44,991",7,"$47,377","$44,825"
50,Fullerton,2,FTT,08231 + 08232,Child Development,No Wages,205,,,303,,
50,Fullerton,2,FTT,08231 + 08232,Child Development,Wages - No NAICS Code,17,"$7,069","$8,654",8,"$9,501","$14,421"
50,Fullerton,2,FTT,08351,Kinesiology,"Agriculture, Forestry, Fishing, & Hunting",,,,,,
50,Fullerton,2,FTT,08351,Kinesiology,Utilities,,,,,,
50,Fullerton,2,FTT,08351,Kinesiology,Construction,9,"$43,051","$51,747",7,"$12,569","$49,134"
50,Fullerton,2,FTT,08351,Kinesiology,Manufacturing,7,"$46,642","$42,464",,,
50,Fullerton,2,FTT,08351,Kinesiology,Wholesale Trade,9,"$39,448","$37,007",5,"$66,566","$68,394"
50,Fullerton,2,FTT,08351,Kinesiology,Retail Trade,19,"$31,594","$36,636",10,"$29,919","$34,697"
50,Fullerton,2,FTT,08351,Kinesiology,Transportation & Warehousing,,,,,,
50,Fullerton,2,FTT,08351,Kinesiology,Information,8,"$67,793","$57,746",,,
50,Fullerton,2,FTT,08351,Kinesiology,Finance & Insurance,15,"$34,854","$61,832",6,"$39,112","$34,329"
50,Fullerton,2,FTT,08351,Kinesiology,Real Estate & Rental & Leasing,,,,,,
50,Fullerton,2,FTT,08351,Kinesiology,"Professional, Scientific, & Technical Skills",6,"$32,534","$33,146",6,"$18,386","$25,030"
50,Fullerton,2,FTT,08351,Kinesiology,Management of Companies & Enterprises,,,,,,
50,Fullerton,2,FTT,08351,Kinesiology,Admin & Support & Waste Mgmt & Remediation,11,"$38,446","$38,941",5,"$17,256","$21,929"
50,Fullerton,2,FTT,08351,Kinesiology,Educational Services,16,"$20,676","$29,841",6,"$52,709","$51,407"
50,Fullerton,2,FTT,08351,Kinesiology,Health Care & Social Assistance,25,"$56,135","$58,714",18,"$69,835","$65,544"
50,Fullerton,2,FTT,08351,Kinesiology,"Arts, Entertainment, & Recreation",12,"$26,516","$32,943",5,"$35,441","$43,354"
50,Fullerton,2,FTT,08351,Kinesiology,Accommodation & Food Services,19,"$27,646","$30,914",7,"$36,709","$71,355"
50,Fullerton,2,FTT,08351,Kinesiology,Other Services,,,,,,
50,Fullerton,2,FTT,08351,Kinesiology,Government,10,"$47,666","$64,389",6,"$77,664","$82,862"
50,Fullerton,2,FTT,08351,Kinesiology,No Wages,162,,,258,,
50,Fullerton,2,FTT,08351,Kinesiology,Wages - No NAICS Code,10,"$1,454","$7,666",,,
50,Fullerton,2,FTT,09011 + 09012 + 09013,Engineering,Manufacturing,6,"$34,654","$42,817",,,
50,Fullerton,2,FTT,09011 + 09012 + 09013,Engineering,Wholesale Trade,,,,,,
50,Fullerton,2,FTT,09011 + 09012 + 09013,Engineering,Retail Trade,,,,,,
50,Fullerton,2,FTT,09011 + 09012 + 09013,Engineering,Information,,,,,,
50,Fullerton,2,FTT,09011 + 09012 + 09013,Engineering,Finance & Insurance,,,,,,
50,Fullerton,2,FTT,09011 + 09012 + 09013,Engineering,"Professional, Scientific, & Technical Skills",,,,,,
50,Fullerton,2,FTT,09011 + 09012 + 09013,Engineering,Admin & Support & Waste Mgmt & Remediation,,,,,,
50,Fullerton,2,FTT,09011 + 09012 + 09013,Engineering,Educational Services,,,,,,
50,Fullerton,2,FTT,09011 + 09012 + 09013,Engineering,Health Care & Social Assistance,,,,,,
50,Fullerton,2,FTT,09011 + 09012 + 09013,Engineering,"Arts, Entertainment, & Recreation",,,,,,
50,Fullerton,2,FTT,09011 + 09012 + 09013,Engineering,Accommodation & Food Services,,,,,,
50,Fullerton,2,FTT,09011 + 09012 + 09013,Engineering,Other Services,,,,,,
50,Fullerton,2,FTT,09011 + 09012 + 09013,Engineering,Non-Classified,,,,,,
50,Fullerton,2,FTT,09011 + 09012 + 09013,Engineering,Government,,,,,,
50,Fullerton,2,FTT,09011 + 09012 + 09013,Engineering,No Wages,21,,,30,,
50,Fullerton,2,FTT,09011 + 09012 + 09013,Engineering,Wages - No NAICS Code,,,,,,
50,Fullerton,2,FTT,09081,Civil Engineering,Construction,,,,,,
50,Fullerton,2,FTT,09081,Civil Engineering,Manufacturing,5,"$34,264","$41,538",,,
50,Fullerton,2,FTT,09081,Civil Engineering,Wholesale Trade,,,,,,
50,Fullerton,2,FTT,09081,Civil Engineering,Retail Trade,6,"$49,574","$54,039",,,
50,Fullerton,2,FTT,09081,Civil Engineering,Transportation & Warehousing,,,,,,
50,Fullerton,2,FTT,09081,Civil Engineering,Finance & Insurance,,,,,,
50,Fullerton,2,FTT,09081,Civil Engineering,Real Estate & Rental & Leasing,,,,,,
50,Fullerton,2,FTT,09081,Civil Engineering,"Professional, Scientific, & Technical Skills",6,"$55,461","$47,165",,,
50,Fullerton,2,FTT,09081,Civil Engineering,Admin & Support & Waste Mgmt & Remediation,5,"$59,549","$44,438",,,
50,Fullerton,2,FTT,09081,Civil Engineering,Educational Services,,,,,,
50,Fullerton,2,FTT,09081,Civil Engineering,Health Care & Social Assistance,,,,,,
50,Fullerton,2,FTT,09081,Civil Engineering,"Arts, Entertainment, & Recreation",,,,,,
50,Fullerton,2,FTT,09081,Civil Engineering,Accommodation & Food Services,,,,,,
50,Fullerton,2,FTT,09081,Civil Engineering,Other Services,,,,,,
50,Fullerton,2,FTT,09081,Civil Engineering,Government,7,"$60,815","$59,887",,,
50,Fullerton,2,FTT,09081,Civil Engineering,No Wages,53,,,76,,
50,Fullerton,2,FTT,09081,Civil Engineering,Wages - No NAICS Code,,,,,,
50,Fullerton,2,FTT,09091,Electrical Engineering,Construction,5,"$66,013","$60,642",,,
50,Fullerton,2,FTT,09091,Electrical Engineering,Manufacturing,7,"$78,517","$86,098",5,"$72,006","$91,284"
50,Fullerton,2,FTT,09091,Electrical Engineering,Wholesale Trade,,,,,,
50,Fullerton,2,FTT,09091,Electrical Engineering,Retail Trade,,,,5,"$22,110","$36,473"
50,Fullerton,2,FTT,09091,Electrical Engineering,Transportation & Warehousing,,,,,,
50,Fullerton,2,FTT,09091,Electrical Engineering,Information,5,"$87,634","$89,673",,,
50,Fullerton,2,FTT,09091,Electrical Engineering,Finance & Insurance,7,"$63,075","$72,241",,,
50,Fullerton,2,FTT,09091,Electrical Engineering,"Professional, Scientific, & Technical Skills",10,"$54,518","$74,389",,,
50,Fullerton,2,FTT,09091,Electrical Engineering,Admin & Support & Waste Mgmt & Remediation,5,"$56,549","$50,955",,,
50,Fullerton,2,FTT,09091,Electrical Engineering,Educational Services,,,,,,
50,Fullerton,2,FTT,09091,Electrical Engineering,Health Care & Social Assistance,,,,,,
50,Fullerton,2,FTT,09091,Electrical Engineering,"Arts, Entertainment, & Recreation",,,,,,
50,Fullerton,2,FTT,09091,Electrical Engineering,Accommodation & Food Services,,,,,,
50,Fullerton,2,FTT,09091,Electrical Engineering,Other Services,,,,,,
50,Fullerton,2,FTT,09091,Electrical Engineering,Non-Classified,,,,,,
50,Fullerton,2,FTT,09091,Electrical Engineering,Government,,,,,,
50,Fullerton,2,FTT,09091,Electrical Engineering,No Wages,53,,,80,,
50,Fullerton,2,FTT,09091,Electrical Engineering,Wages - No NAICS Code,,,,,,
50,Fullerton,2,FTT,09094,Computer Engineering,"Agriculture, Forestry, Fishing, & Hunting",,,,,,
50,Fullerton,2,FTT,09094,Computer Engineering,Manufacturing,,,,,,
50,Fullerton,2,FTT,09094,Computer Engineering,Wholesale Trade,,,,,,
50,Fullerton,2,FTT,09094,Computer Engineering,Retail Trade,,,,,,
50,Fullerton,2,FTT,09094,Computer Engineering,Information,,,,,,
50,Fullerton,2,FTT,09094,Computer Engineering,Real Estate & Rental & Leasing,,,,,,
50,Fullerton,2,FTT,09094,Computer Engineering,"Professional, Scientific, & Technical Skills",,,,,,
50,Fullerton,2,FTT,09094,Computer Engineering,"Arts, Entertainment, & Recreation",,,,,,
50,Fullerton,2,FTT,09094,Computer Engineering,No Wages,14,,,21,,
50,Fullerton,2,FTT,09094,Computer Engineering,Wages - No NAICS Code,,,,,,
50,Fullerton,2,FTT,09101,Mechanical Engineering,Utilities,,,,,,
50,Fullerton,2,FTT,09101,Mechanical Engineering,Construction,5,"$64,298","$65,535",7,"$45,551","$69,096"
50,Fullerton,2,FTT,09101,Mechanical Engineering,Manufacturing,12,"$59,096","$67,496",8,"$74,940","$83,866"
50,Fullerton,2,FTT,09101,Mechanical Engineering,Wholesale Trade,5,"$41,182","$51,109",,,
50,Fullerton,2,FTT,09101,Mechanical Engineering,Retail Trade,6,"$40,182","$45,837",,,
50,Fullerton,2,FTT,09101,Mechanical Engineering,Transportation & Warehousing,,,,,,
50,Fullerton,2,FTT,09101,Mechanical Engineering,Information,,,,,,
50,Fullerton,2,FTT,09101,Mechanical Engineering,"Professional, Scientific, & Technical Skills",,,,,,
50,Fullerton,2,FTT,09101,Mechanical Engineering,Admin & Support & Waste Mgmt & Remediation,,,,,,
50,Fullerton,2,FTT,09101,Mechanical Engineering,Health Care & Social Assistance,,,,,,
50,Fullerton,2,FTT,09101,Mechanical Engineering,Accommodation & Food Services,,,,,,
50,Fullerton,2,FTT,09101,Mechanical Engineering,Non-Classified,,,,,,
50,Fullerton,2,FTT,09101,Mechanical Engineering,Government,,,,,,
50,Fullerton,2,FTT,09101,Mechanical Engineering,No Wages,52,,,73,,
50,Fullerton,2,FTT,09101,Mechanical Engineering,Wages - No NAICS Code,,,,,,
50,Fullerton,2,FTT,10021 + 10022,Art,Mining,,,,,,
50,Fullerton,2,FTT,10021 + 10022,Art,Utilities,,,,,,
50,Fullerton,2,FTT,10021 + 10022,Art,Construction,13,"$35,302","$44,355",7,"$53,851","$62,450"
50,Fullerton,2,FTT,10021 + 10022,Art,Manufacturing,33,"$36,463","$43,774",14,"$36,932","$42,079"
50,Fullerton,2,FTT,10021 + 10022,Art,Wholesale Trade,22,"$47,152","$53,106",20,"$61,789","$69,877"
50,Fullerton,2,FTT,10021 + 10022,Art,Retail Trade,44,"$31,013","$36,053",20,"$38,014","$39,532"
50,Fullerton,2,FTT,10021 + 10022,Art,Transportation & Warehousing,6,"$26,226","$30,169",,,
50,Fullerton,2,FTT,10021 + 10022,Art,Information,22,"$50,069","$61,873",8,"$63,069","$64,207"
50,Fullerton,2,FTT,10021 + 10022,Art,Finance & Insurance,18,"$35,795","$43,765",5,"$43,311","$58,099"
50,Fullerton,2,FTT,10021 + 10022,Art,Real Estate & Rental & Leasing,9,"$38,456","$43,487",6,"$55,448","$72,934"
50,Fullerton,2,FTT,10021 + 10022,Art,"Professional, Scientific, & Technical Skills",32,"$44,616","$50,458",22,"$46,856","$54,301"
50,Fullerton,2,FTT,10021 + 10022,Art,Management of Companies & Enterprises,,,,,,
50,Fullerton,2,FTT,10021 + 10022,Art,Admin & Support & Waste Mgmt & Remediation,22,"$32,169","$33,975",12,"$29,700","$34,889"
50,Fullerton,2,FTT,10021 + 10022,Art,Educational Services,19,"$32,970","$32,200",7,"$33,693","$36,567"
50,Fullerton,2,FTT,10021 + 10022,Art,Health Care & Social Assistance,15,"$40,999","$38,720",7,"$45,134","$49,022"
50,Fullerton,2,FTT,10021 + 10022,Art,"Arts, Entertainment, & Recreation",15,"$31,018","$36,218",9,"$34,581","$47,306"
50,Fullerton,2,FTT,10021 + 10022,Art,Accommodation & Food Services,24,"$21,787","$24,142",6,"$23,048","$25,706"
50,Fullerton,2,FTT,10021 + 10022,Art,Other Services,10,"$23,524","$31,196",6,"$29,661","$38,225"
50,Fullerton,2,FTT,10021 + 10022,Art,Non-Classified,,,,,,
50,Fullerton,2,FTT,10021 + 10022,Art,Government,8,"$35,817","$33,037",,,
50,Fullerton,2,FTT,10021 + 10022,Art,No Wages,304,,,478,,
50,Fullerton,2,FTT,10021 + 10022,Art,Wages - No NAICS Code,22,"$3,736","$7,160",9,"$7,139","$6,336"
50,Fullerton,2,FTT,10031,Art History,"Agriculture, Forestry, Fishing, & Hunting",,,,,,
50,Fullerton,2,FTT,10031,Art History,Manufacturing,,,,,,
50,Fullerton,2,FTT,10031,Art History,Wholesale Trade,,,,,,
50,Fullerton,2,FTT,10031,Art History,Retail Trade,,,,,,
50,Fullerton,2,FTT,10031,Art History,Information,,,,,,
50,Fullerton,2,FTT,10031,Art History,Finance & Insurance,,,,,,
50,Fullerton,2,FTT,10031,Art History,"Professional, Scientific, & Technical Skills",,,,,,
50,Fullerton,2,FTT,10031,Art History,Educational Services,,,,,,
50,Fullerton,2,FTT,10031,Art History,"Arts, Entertainment, & Recreation",,,,,,
50,Fullerton,2,FTT,10031,Art History,Accommodation & Food Services,,,,,,
50,Fullerton,2,FTT,10031,Art History,Other Services,,,,,,
50,Fullerton,2,FTT,10031,Art History,No Wages,23,,,28,,
50,Fullerton,2,FTT,10041,Music - Performance,Information,,,,,,
50,Fullerton,2,FTT,10041,Music - Performance,Educational Services,,,,,,
50,Fullerton,2,FTT,10041,Music - Performance,Health Care & Social Assistance,,,,,,
50,Fullerton,2,FTT,10041,Music - Performance,No Wages,,,,7,,
50,Fullerton,2,FTT,10041,Music - Performance,Wages - No NAICS Code,,,,,,
50,Fullerton,2,FTT,10051,Music,"Agriculture, Forestry, Fishing, & Hunting",,,,,,
50,Fullerton,2,FTT,10051,Music,Utilities,,,,,,
50,Fullerton,2,FTT,10051,Music,Construction,,,,5,"$60,715","$58,318"
50,Fullerton,2,FTT,10051,Music,Manufacturing,,,,,,
50,Fullerton,2,FTT,10051,Music,Wholesale Trade,,,,,,
50,Fullerton,2,FTT,10051,Music,Retail Trade,7,"$24,923","$23,881",,,
50,Fullerton,2,FTT,10051,Music,Transportation & Warehousing,,,,,,
50,Fullerton,2,FTT,10051,Music,Information,,,,,,
50,Fullerton,2,FTT,10051,Music,Finance & Insurance,5,"$52,760","$47,585",,,
50,Fullerton,2,FTT,10051,Music,Real Estate & Rental & Leasing,,,,,,
50,Fullerton,2,FTT,10051,Music,"Professional, Scientific, & Technical Skills",5,"$37,689","$38,899",,,
50,Fullerton,2,FTT,10051,Music,Admin & Support & Waste Mgmt & Remediation,6,"$23,058","$25,600",,,
50,Fullerton,2,FTT,10051,Music,Educational Services,,,,,,
50,Fullerton,2,FTT,10051,Music,Health Care & Social Assistance,,,,,,
50,Fullerton,2,FTT,10051,Music,"Arts, Entertainment, & Recreation",,,,,,
50,Fullerton,2,FTT,10051,Music,Accommodation & Food Services,5,"$31,880","$33,399",,,
50,Fullerton,2,FTT,10051,Music,Other Services,,,,,,
50,Fullerton,2,FTT,10051,Music,No Wages,78,,,103,,
50,Fullerton,2,FTT,10051,Music,Wages - No NAICS Code,9,"$3,602","$5,193",,,
50,Fullerton,2,FTT,10052,Music Education,Construction,,,,,,
50,Fullerton,2,FTT,10052,Music Education,Manufacturing,,,,,,
50,Fullerton,2,FTT,10052,Music Education,Wholesale Trade,,,,,,
50,Fullerton,2,FTT,10052,Music Education,Retail Trade,6,"$18,942","$23,799",,,
50,Fullerton,2,FTT,10052,Music Education,Information,,,,,,
50,Fullerton,2,FTT,10052,Music Education,Finance & Insurance,,,,,,
50,Fullerton,2,FTT,10052,Music Education,"Professional, Scientific, & Technical Skills",,,,,,
50,Fullerton,2,FTT,10052,Music Education,Admin & Support & Waste Mgmt & Remediation,,,,,,
50,Fullerton,2,FTT,10052,Music Education,Educational Services,5,"$14,049","$11,530",,,
50,Fullerton,2,FTT,10052,Music Education,Health Care & Social Assistance,,,,,,
50,Fullerton,2,FTT,10052,Music Education,"Arts, Entertainment, & Recreation",,,,,,
50,Fullerton,2,FTT,10052,Music Education,Other Services,,,,,,
50,Fullerton,2,FTT,10052,Music Education,No Wages,23,,,39,,
50,Fullerton,2,FTT,10052,Music Education,Wages - No NAICS Code,,,,,,
50,Fullerton,2,FTT,10071,Theatre Arts,"Agriculture, Forestry, Fishing, & Hunting",,,,,,
50,Fullerton,2,FTT,10071,Theatre Arts,Construction,,,,,,
50,Fullerton,2,FTT,10071,Theatre Arts,Manufacturing,,,,,,
50,Fullerton,2,FTT,10071,Theatre Arts,Wholesale Trade,,,,,,
50,Fullerton,2,FTT,10071,Theatre Arts,Retail Trade,10,"$22,581","$23,283",,,
50,Fullerton,2,FTT,10071,Theatre Arts,Information,12,"$10,087","$19,620",,,
50,Fullerton,2,FTT,10071,Theatre Arts,Finance & Insurance,,,,,,
50,Fullerton,2,FTT,10071,Theatre Arts,Real Estate & Rental & Leasing,,,,,,
50,Fullerton,2,FTT,10071,Theatre Arts,"Professional, Scientific, & Technical Skills",,,,,,
50,Fullerton,2,FTT,10071,Theatre Arts,Management of Companies & Enterprises,,,,,,
50,Fullerton,2,FTT,10071,Theatre Arts,Admin & Support & Waste Mgmt & Remediation,10,"$20,945","$21,334",,,
50,Fullerton,2,FTT,10071,Theatre Arts,Educational Services,,,,,,
50,Fullerton,2,FTT,10071,Theatre Arts,Health Care & Social Assistance,,,,,,
50,Fullerton,2,FTT,10071,Theatre Arts,"Arts, Entertainment, & Recreation",8,"$39,968","$44,865",,,
50,Fullerton,2,FTT,10071,Theatre Arts,Accommodation & Food Services,12,"$25,711","$28,459",5,"$38,648","$38,613"
50,Fullerton,2,FTT,10071,Theatre Arts,Other Services,,,,,,
50,Fullerton,2,FTT,10071,Theatre Arts,Non-Classified,,,,,,
50,Fullerton,2,FTT,10071,Theatre Arts,Government,,,,,,
50,Fullerton,2,FTT,10071,Theatre Arts,No Wages,66,,,110,,
50,Fullerton,2,FTT,10071,Theatre Arts,Wages - No NAICS Code,,,,,,
50,Fullerton,2,FTT,10081,Dance,Construction,,,,,,
50,Fullerton,2,FTT,10081,Dance,Manufacturing,,,,,,
50,Fullerton,2,FTT,10081,Dance,Wholesale Trade,,,,,,
50,Fullerton,2,FTT,10081,Dance,Retail Trade,,,,,,
50,Fullerton,2,FTT,10081,Dance,Information,,,,,,
50,Fullerton,2,FTT,10081,Dance,Finance & Insurance,,,,,,
50,Fullerton,2,FTT,10081,Dance,Educational Services,,,,,,
50,Fullerton,2,FTT,10081,Dance,Health Care & Social Assistance,,,,,,
50,Fullerton,2,FTT,10081,Dance,"Arts, Entertainment, & Recreation",,,,,,
50,Fullerton,2,FTT,10081,Dance,No Wages,11,,,19,,
50,Fullerton,2,FTT,10081,Dance,Wages - No NAICS Code,,,,,,
50,Fullerton,2,FTT,11021,French,Construction,,,,,,
50,Fullerton,2,FTT,11021,French,Wholesale Trade,,,,,,
50,Fullerton,2,FTT,11021,French,Information,,,,,,
50,Fullerton,2,FTT,11021,French,"Professional, Scientific, & Technical Skills",,,,,,
50,Fullerton,2,FTT,11021,French,No Wages,15,,,16,,
50,Fullerton,2,FTT,11021,French,Wages - No NAICS Code,,,,,,
50,Fullerton,2,FTT,11031,German,No Wages,6,,,6,,
50,Fullerton,2,FTT,11031,German,Wages - No NAICS Code,,,,,,
50,Fullerton,2,FTT,11051,Spanish,Construction,,,,,,
50,Fullerton,2,FTT,11051,Spanish,Manufacturing,,,,,,
50,Fullerton,2,FTT,11051,Spanish,Wholesale Trade,,,,,,
50,Fullerton,2,FTT,11051,Spanish,Retail Trade,,,,,,
50,Fullerton,2,FTT,11051,Spanish,Transportation & Warehousing,,,,,,
50,Fullerton,2,FTT,11051,Spanish,Information,,,,,,
50,Fullerton,2,FTT,11051,Spanish,Finance & Insurance,5,"$51,988","$55,576",,,
50,Fullerton,2,FTT,11051,Spanish,Real Estate & Rental & Leasing,,,,,,
50,Fullerton,2,FTT,11051,Spanish,"Professional, Scientific, & Technical Skills",,,,,,
50,Fullerton,2,FTT,11051,Spanish,Admin & Support & Waste Mgmt & Remediation,5,"$14,795","$18,912",,,
50,Fullerton,2,FTT,11051,Spanish,Educational Services,6,"$34,834","$34,795",6,"$32,698","$32,598"
50,Fullerton,2,FTT,11051,Spanish,Health Care & Social Assistance,6,"$38,714","$44,339",,,
50,Fullerton,2,FTT,11051,Spanish,"Arts, Entertainment, & Recreation",,,,,,
50,Fullerton,2,FTT,11051,Spanish,Accommodation & Food Services,,,,,,
50,Fullerton,2,FTT,11051,Spanish,Other Services,,,,,,
50,Fullerton,2,FTT,11051,Spanish,Non-Classified,,,,,,
50,Fullerton,2,FTT,11051,Spanish,Government,,,,,,
50,Fullerton,2,FTT,11051,Spanish,No Wages,33,,,58,,
50,Fullerton,2,FTT,11051,Spanish,Wages - No NAICS Code,,,,,,
50,Fullerton,2,FTT,11081,Japanese,Manufacturing,,,,,,
50,Fullerton,2,FTT,11081,Japanese,Wholesale Trade,,,,,,
50,Fullerton,2,FTT,11081,Japanese,Retail Trade,,,,,,
50,Fullerton,2,FTT,11081,Japanese,Finance & Insurance,,,,,,
50,Fullerton,2,FTT,11081,Japanese,"Professional, Scientific, & Technical Skills",,,,,,
50,Fullerton,2,FTT,11081,Japanese,Health Care & Social Assistance,,,,,,
50,Fullerton,2,FTT,11081,Japanese,No Wages,11,,,12,,
50,Fullerton,2,FTT,12011,Health Science,Construction,,,,,,
50,Fullerton,2,FTT,12011,Health Science,Retail Trade,5,"$24,440","$32,504",,,
50,Fullerton,2,FTT,12011,Health Science,Transportation & Warehousing,,,,,,
50,Fullerton,2,FTT,12011,Health Science,Information,,,,,,
50,Fullerton,2,FTT,12011,Health Science,Finance & Insurance,,,,,,
50,Fullerton,2,FTT,12011,Health Science,"Professional, Scientific, & Technical Skills",,,,,,
50,Fullerton,2,FTT,12011,Health Science,Admin & Support & Waste Mgmt & Remediation,5,"$55,937","$49,998",,,
50,Fullerton,2,FTT,12011,Health Science,Educational Services,,,,,,
50,Fullerton,2,FTT,12011,Health Science,Health Care & Social Assistance,20,"$51,977","$51,875",11,"$55,234","$62,556"
50,Fullerton,2,FTT,12011,Health Science,Accommodation & Food Services,,,,,,
50,Fullerton,2,FTT,12011,Health Science,Government,,,,,,
50,Fullerton,2,FTT,12011,Health Science,No Wages,74,,,102,,
50,Fullerton,2,FTT,12011,Health Science,Wages - No NAICS Code,,,,,,
50,Fullerton,2,FTT,12201,Communicative Disorders,Wholesale Trade,,,,,,
50,Fullerton,2,FTT,12201,Communicative Disorders,Retail Trade,,,,,,
50,Fullerton,2,FTT,12201,Communicative Disorders,Transportation & Warehousing,,,,,,
50,Fullerton,2,FTT,12201,Communicative Disorders,Information,,,,,,
50,Fullerton,2,FTT,12201,Communicative Disorders,Finance & Insurance,5,"$28,463","$24,509",,,
50,Fullerton,2,FTT,12201,Communicative Disorders,"Professional, Scientific, & Technical Skills",,,,,,
50,Fullerton,2,FTT,12201,Communicative Disorders,Admin & Support & Waste Mgmt & Remediation,,,,,,
50,Fullerton,2,FTT,12201,Communicative Disorders,Educational Services,,,,,,
50,Fullerton,2,FTT,12201,Communicative Disorders,Health Care & Social Assistance,10,"$37,748","$35,510",,,
50,Fullerton,2,FTT,12201,Communicative Disorders,"Arts, Entertainment, & Recreation",,,,,,
50,Fullerton,2,FTT,12201,Communicative Disorders,Accommodation & Food Services,,,,,,
50,Fullerton,2,FTT,12201,Communicative Disorders,Other Services,,,,,,
50,Fullerton,2,FTT,12201,Communicative Disorders,Non-Classified,,,,,,
50,Fullerton,2,FTT,12201,Communicative Disorders,No Wages,80,,,99,,
50,Fullerton,2,FTT,12201,Communicative Disorders,Wages - No NAICS Code,,,,,,
50,Fullerton,2,FTT,15011,English,"Agriculture, Forestry, Fishing, & Hunting",,,,,,
50,Fullerton,2,FTT,15011,English,Utilities,,,,,,
50,Fullerton,2,FTT,15011,English,Construction,,,,,,
50,Fullerton,2,FTT,15011,English,Manufacturing,7,"$41,912","$49,520",,,
50,Fullerton,2,FTT,15011,English,Wholesale Trade,8,"$44,351","$46,887",,,
50,Fullerton,2,FTT,15011,English,Retail Trade,24,"$36,692","$32,544",11,"$29,528","$42,929"
50,Fullerton,2,FTT,15011,English,Transportation & Warehousing,7,"$36,264","$39,368",5,"$42,593","$40,970"
50,Fullerton,2,FTT,15011,English,Information,,,,,,
50,Fullerton,2,FTT,15011,English,Finance & Insurance,10,"$52,373","$50,430",6,"$65,712","$66,845"
50,Fullerton,2,FTT,15011,English,Real Estate & Rental & Leasing,6,"$45,871","$48,893",,,
50,Fullerton,2,FTT,15011,English,"Professional, Scientific, & Technical Skills",10,"$59,186","$63,736",,,
50,Fullerton,2,FTT,15011,English,Admin & Support & Waste Mgmt & Remediation,11,"$44,024","$39,018",8,"$33,663","$36,634"
50,Fullerton,2,FTT,15011,English,Educational Services,10,"$41,076","$41,756",6,"$23,920","$25,419"
50,Fullerton,2,FTT,15011,English,Health Care & Social Assistance,13,"$47,041","$44,109",,,
50,Fullerton,2,FTT,15011,English,"Arts, Entertainment, & Recreation",7,"$35,733","$34,221",,,
50,Fullerton,2,FTT,15011,English,Accommodation & Food Services,10,"$25,470","$28,710",6,"$27,494","$35,638"
50,Fullerton,2,FTT,15011,English,Other Services,,,,,,
50,Fullerton,2,FTT,15011,English,Government,9,"$58,372","$64,110",5,"$80,617","$97,203"
50,Fullerton,2,FTT,15011,English,No Wages,138,,,208,,
50,Fullerton,2,FTT,15011,English,Wages - No NAICS Code,11,"$8,897","$19,574",10,"$10,180","$23,650"
50,Fullerton,2,FTT,15031,Comparative Literature,Construction,,,,,,
50,Fullerton,2,FTT,15031,Comparative Literature,Wholesale Trade,,,,,,
50,Fullerton,2,FTT,15031,Comparative Literature,Retail Trade,,,,,,
50,Fullerton,2,FTT,15031,Comparative Literature,"Professional, Scientific, & Technical Skills",,,,,,
50,Fullerton,2,FTT,15031,Comparative Literature,Health Care & Social Assistance,,,,,,
50,Fullerton,2,FTT,15031,Comparative Literature,"Arts, Entertainment, & Recreation",,,,,,
50,Fullerton,2,FTT,15031,Comparative Literature,Accommodation & Food Services,,,,,,
50,Fullerton,2,FTT,15031,Comparative Literature,No Wages,5,,,8,,
50,Fullerton,2,FTT,15031,Comparative Literature,Wages - No NAICS Code,,,,,,
50,Fullerton,2,FTT,15051,Linguistics,Manufacturing,,,,,,
50,Fullerton,2,FTT,15051,Linguistics,Wholesale Trade,,,,,,
50,Fullerton,2,FTT,15051,Linguistics,Retail Trade,,,,,,
50,Fullerton,2,FTT,15051,Linguistics,Information,,,,,,
50,Fullerton,2,FTT,15051,Linguistics,Finance & Insurance,,,,,,
50,Fullerton,2,FTT,15051,Linguistics,"Professional, Scientific, & Technical Skills",,,,,,
50,Fullerton,2,FTT,15051,Linguistics,Admin & Support & Waste Mgmt & Remediation,,,,,,
50,Fullerton,2,FTT,15051,Linguistics,Educational Services,,,,,,
50,Fullerton,2,FTT,15051,Linguistics,Health Care & Social Assistance,,,,,,
50,Fullerton,2,FTT,15051,Linguistics,"Arts, Entertainment, & Recreation",,,,,,
50,Fullerton,2,FTT,15051,Linguistics,Accommodation & Food Services,,,,,,
50,Fullerton,2,FTT,15051,Linguistics,No Wages,10,,,15,,
50,Fullerton,2,FTT,15051,Linguistics,Wages - No NAICS Code,,,,,,
50,Fullerton,2,FTT,15061,Speech Communication,Construction,,,,,,
50,Fullerton,2,FTT,15061,Speech Communication,Wholesale Trade,,,,,,
50,Fullerton,2,FTT,15061,Speech Communication,Retail Trade,5,"$21,343","$41,829",,,
50,Fullerton,2,FTT,15061,Speech Communication,Information,,,,,,
50,Fullerton,2,FTT,15061,Speech Communication,Finance & Insurance,7,"$56,991","$77,151",,,
50,Fullerton,2,FTT,15061,Speech Communication,Real Estate & Rental & Leasing,,,,,,
50,Fullerton,2,FTT,15061,Speech Communication,"Professional, Scientific, & Technical Skills",5,"$62,541","$104,855",,,
50,Fullerton,2,FTT,15061,Speech Communication,Admin & Support & Waste Mgmt & Remediation,,,,,,
50,Fullerton,2,FTT,15061,Speech Communication,Educational Services,,,,,,
50,Fullerton,2,FTT,15061,Speech Communication,Health Care & Social Assistance,,,,,,
50,Fullerton,2,FTT,15061,Speech Communication,Accommodation & Food Services,,,,,,
50,Fullerton,2,FTT,15061,Speech Communication,Other Services,,,,,,
50,Fullerton,2,FTT,15061,Speech Communication,Government,,,,,,
50,Fullerton,2,FTT,15061,Speech Communication,No Wages,37,,,59,,
50,Fullerton,2,FTT,15061,Speech Communication,Wages - No NAICS Code,,,,,,
50,Fullerton,2,FTT,15091,Philosophy,Construction,,,,,,
50,Fullerton,2,FTT,15091,Philosophy,Manufacturing,,,,,,
50,Fullerton,2,FTT,15091,Philosophy,Wholesale Trade,,,,,,
50,Fullerton,2,FTT,15091,Philosophy,Retail Trade,5,"$32,891","$52,145",5,"$24,791","$58,704"
50,Fullerton,2,FTT,15091,Philosophy,Information,,,,,,
50,Fullerton,2,FTT,15091,Philosophy,Finance & Insurance,,,,,,
50,Fullerton,2,FTT,15091,Philosophy,Real Estate & Rental & Leasing,,,,,,
50,Fullerton,2,FTT,15091,Philosophy,"Professional, Scientific, & Technical Skills",,,,,,
50,Fullerton,2,FTT,15091,Philosophy,Admin & Support & Waste Mgmt & Remediation,,,,,,
50,Fullerton,2,FTT,15091,Philosophy,Educational Services,,,,,,
50,Fullerton,2,FTT,15091,Philosophy,Health Care & Social Assistance,,,,,,
50,Fullerton,2,FTT,15091,Philosophy,"Arts, Entertainment, & Recreation",,,,,,
50,Fullerton,2,FTT,15091,Philosophy,Accommodation & Food Services,,,,,,
50,Fullerton,2,FTT,15091,Philosophy,Other Services,,,,,,
50,Fullerton,2,FTT,15091,Philosophy,Government,,,,,,
50,Fullerton,2,FTT,15091,Philosophy,No Wages,36,,,46,,
50,Fullerton,2,FTT,15091,Philosophy,Wages - No NAICS Code,,,,,,
50,Fullerton,2,FTT,15101,Religious Studies,Construction,,,,,,
50,Fullerton,2,FTT,15101,Religious Studies,Manufacturing,,,,,,
50,Fullerton,2,FTT,15101,Religious Studies,Wholesale Trade,,,,,,
50,Fullerton,2,FTT,15101,Religious Studies,Retail Trade,5,"$48,204","$67,933",,,
50,Fullerton,2,FTT,15101,Religious Studies,Finance & Insurance,,,,,,
50,Fullerton,2,FTT,15101,Religious Studies,Real Estate & Rental & Leasing,,,,,,
50,Fullerton,2,FTT,15101,Religious Studies,"Professional, Scientific, & Technical Skills",,,,,,
50,Fullerton,2,FTT,15101,Religious Studies,Educational Services,,,,,,
50,Fullerton,2,FTT,15101,Religious Studies,Health Care & Social Assistance,,,,,,
50,Fullerton,2,FTT,15101,Religious Studies,Government,,,,,,
50,Fullerton,2,FTT,15101,Religious Studies,No Wages,10,,,16,,
50,Fullerton,2,FTT,15101,Religious Studies,Wages - No NAICS Code,,,,,,
50,Fullerton,2,FTT,17011,Mathematics,Utilities,,,,,,
50,Fullerton,2,FTT,17011,Mathematics,Construction,,,,,,
50,Fullerton,2,FTT,17011,Mathematics,Manufacturing,,,,,,
50,Fullerton,2,FTT,17011,Mathematics,Wholesale Trade,,,,,,
50,Fullerton,2,FTT,17011,Mathematics,Retail Trade,16,"$31,615","$30,189",7,"$37,696","$39,183"
50,Fullerton,2,FTT,17011,Mathematics,Transportation & Warehousing,5,"$31,053","$32,150",,,
50,Fullerton,2,FTT,17011,Mathematics,Finance & Insurance,8,"$47,226","$51,159",6,"$53,729","$57,736"
50,Fullerton,2,FTT,17011,Mathematics,Real Estate & Rental & Leasing,,,,,,
50,Fullerton,2,FTT,17011,Mathematics,"Professional, Scientific, & Technical Skills",7,"$66,917","$62,986",5,"$37,229","$35,168"
50,Fullerton,2,FTT,17011,Mathematics,Admin & Support & Waste Mgmt & Remediation,5,"$38,498","$54,709",,,
50,Fullerton,2,FTT,17011,Mathematics,Educational Services,13,"$30,568","$28,781",,,
50,Fullerton,2,FTT,17011,Mathematics,Health Care & Social Assistance,5,"$21,608","$30,219",,,
50,Fullerton,2,FTT,17011,Mathematics,"Arts, Entertainment, & Recreation",,,,,,
50,Fullerton,2,FTT,17011,Mathematics,Accommodation & Food Services,,,,,,
50,Fullerton,2,FTT,17011,Mathematics,Other Services,,,,,,
50,Fullerton,2,FTT,17011,Mathematics,Government,5,"$41,172","$46,338",5,"$48,965","$55,271"
50,Fullerton,2,FTT,17011,Mathematics,No Wages,72,,,117,,
50,Fullerton,2,FTT,17011,Mathematics,Wages - No NAICS Code,,,,,,
50,Fullerton,2,FTT,17021,Statistics,Information,,,,,,
50,Fullerton,2,FTT,17021,Statistics,No Wages,6,,,8,,
50,Fullerton,2,FTT,17021,Statistics,Wages - No NAICS Code,,,,,,
50,Fullerton,2,FTT,17031,Applied Mathematics,Retail Trade,,,,,,
50,Fullerton,2,FTT,17031,Applied Mathematics,Transportation & Warehousing,,,,,,
50,Fullerton,2,FTT,17031,Applied Mathematics,Finance & Insurance,,,,,,
50,Fullerton,2,FTT,17031,Applied Mathematics,Educational Services,,,,,,
50,Fullerton,2,FTT,17031,Applied Mathematics,Health Care & Social Assistance,,,,,,
50,Fullerton,2,FTT,17031,Applied Mathematics,Other Services,,,,,,
50,Fullerton,2,FTT,17031,Applied Mathematics,No Wages,11,,,14,,
50,Fullerton,2,FTT,19021,Physics,Manufacturing,,,,,,
50,Fullerton,2,FTT,19021,Physics,Wholesale Trade,,,,,,
50,Fullerton,2,FTT,19021,Physics,Retail Trade,,,,,,
50,Fullerton,2,FTT,19021,Physics,Information,,,,,,
50,Fullerton,2,FTT,19021,Physics,Finance & Insurance,,,,,,
50,Fullerton,2,FTT,19021,Physics,"Professional, Scientific, & Technical Skills",,,,,,
50,Fullerton,2,FTT,19021,Physics,Admin & Support & Waste Mgmt & Remediation,,,,,,
50,Fullerton,2,FTT,19021,Physics,Non-Classified,,,,,,
50,Fullerton,2,FTT,19021,Physics,No Wages,7,,,15,,
50,Fullerton,2,FTT,19021,Physics,Wages - No NAICS Code,,,,,,
50,Fullerton,2,FTT,19051,Chemistry,"Agriculture, Forestry, Fishing, & Hunting",,,,,,
50,Fullerton,2,FTT,19051,Chemistry,Utilities,,,,,,
50,Fullerton,2,FTT,19051,Chemistry,Construction,,,,,,
50,Fullerton,2,FTT,19051,Chemistry,Manufacturing,8,"$46,148","$56,347",,,
50,Fullerton,2,FTT,19051,Chemistry,Retail Trade,7,"$40,565","$63,874",,,
50,Fullerton,2,FTT,19051,Chemistry,Information,,,,,,
50,Fullerton,2,FTT,19051,Chemistry,Finance & Insurance,,,,,,
50,Fullerton,2,FTT,19051,Chemistry,"Professional, Scientific, & Technical Skills",,,,,,
50,Fullerton,2,FTT,19051,Chemistry,Admin & Support & Waste Mgmt & Remediation,,,,,,
50,Fullerton,2,FTT,19051,Chemistry,Educational Services,,,,,,
50,Fullerton,2,FTT,19051,Chemistry,Health Care & Social Assistance,5,"$29,280","$32,942",,,
50,Fullerton,2,FTT,19051,Chemistry,"Arts, Entertainment, & Recreation",,,,,,
50,Fullerton,2,FTT,19051,Chemistry,Accommodation & Food Services,5,"$40,880","$37,558",,,
50,Fullerton,2,FTT,19051,Chemistry,Other Services,,,,,,
50,Fullerton,2,FTT,19051,Chemistry,No Wages,41,,,61,,
50,Fullerton,2,FTT,19051,Chemistry,Wages - No NAICS Code,,,,,,
50,Fullerton,2,FTT,19141,Geology,Utilities,,,,,,
50,Fullerton,2,FTT,19141,Geology,Construction,,,,,,
50,Fullerton,2,FTT,19141,Geology,Manufacturing,,,,,,
50,Fullerton,2,FTT,19141,Geology,Wholesale Trade,,,,,,
50,Fullerton,2,FTT,19141,Geology,Retail Trade,,,,,,
50,Fullerton,2,FTT,19141,Geology,Transportation & Warehousing,,,,,,
50,Fullerton,2,FTT,19141,Geology,Information,,,,,,
50,Fullerton,2,FTT,19141,Geology,"Professional, Scientific, & Technical Skills",,,,,,
50,Fullerton,2,FTT,19141,Geology,Admin & Support & Waste Mgmt & Remediation,,,,,,
50,Fullerton,2,FTT,19141,Geology,Educational Services,,,,,,
50,Fullerton,2,FTT,19141,Geology,Health Care & Social Assistance,,,,,,
50,Fullerton,2,FTT,19141,Geology,"Arts, Entertainment, & Recreation",,,,,,
50,Fullerton,2,FTT,19141,Geology,Accommodation & Food Services,,,,,,
50,Fullerton,2,FTT,19141,Geology,Other Services,,,,,,
50,Fullerton,2,FTT,19141,Geology,No Wages,19,,,29,,
50,Fullerton,2,FTT,19141,Geology,Wages - No NAICS Code,,,,,,
50,Fullerton,2,FTT,19171,Earth Science,No Wages,,,,,,
50,Fullerton,2,FTT,20011 + 20013,Psychology,"Agriculture, Forestry, Fishing, & Hunting",,,,,,
50,Fullerton,2,FTT,20011 + 20013,Psychology,Utilities,,,,,,
50,Fullerton,2,FTT,20011 + 20013,Psychology,Construction,13,"$41,907","$45,003",6,"$61,615","$57,832"
50,Fullerton,2,FTT,20011 + 20013,Psychology,Manufacturing,21,"$49,681","$56,525",11,"$57,148","$80,978"
50,Fullerton,2,FTT,20011 + 20013,Psychology,Wholesale Trade,26,"$43,065","$52,514",16,"$51,905","$63,058"
50,Fullerton,2,FTT,20011 + 20013,Psychology,Retail Trade,70,"$34,979","$39,459",25,"$39,731","$49,473"
50,Fullerton,2,FTT,20011 + 20013,Psychology,Transportation & Warehousing,11,"$32,260","$41,364",6,"$77,466","$66,615"
50,Fullerton,2,FTT,20011 + 20013,Psychology,Information,5,"$65,564","$80,818",,,
50,Fullerton,2,FTT,20011 + 20013,Psychology,Finance & Insurance,48,"$50,410","$53,773",25,"$67,981","$76,581"
50,Fullerton,2,FTT,20011 + 20013,Psychology,Real Estate & Rental & Leasing,13,"$38,646","$61,795",7,"$29,622","$25,536"
50,Fullerton,2,FTT,20011 + 20013,Psychology,"Professional, Scientific, & Technical Skills",28,"$35,064","$39,307",18,"$47,231","$43,101"
50,Fullerton,2,FTT,20011 + 20013,Psychology,Admin & Support & Waste Mgmt & Remediation,41,"$34,590","$38,684",15,"$35,035","$34,747"
50,Fullerton,2,FTT,20011 + 20013,Psychology,Educational Services,25,"$24,837","$25,535",14,"$19,061","$23,414"
50,Fullerton,2,FTT,20011 + 20013,Psychology,Health Care & Social Assistance,64,"$33,870","$36,652",30,"$35,160","$38,947"
50,Fullerton,2,FTT,20011 + 20013,Psychology,"Arts, Entertainment, & Recreation",10,"$26,728","$26,243",5,"$20,755","$34,934"
50,Fullerton,2,FTT,20011 + 20013,Psychology,Accommodation & Food Services,37,"$27,135","$30,010",14,"$39,634","$36,380"
50,Fullerton,2,FTT,20011 + 20013,Psychology,Other Services,13,"$18,263","$27,203",,,
50,Fullerton,2,FTT,20011 + 20013,Psychology,Government,32,"$48,017","$56,267",23,"$56,923","$69,959"
50,Fullerton,2,FTT,20011 + 20013,Psychology,No Wages,454,,,696,,
50,Fullerton,2,FTT,20011 + 20013,Psychology,Wages - No NAICS Code,24,"$4,326","$9,710",17,"$4,086","$35,851"
50,Fullerton,2,FTT,21021,Public Administration,Utilities,,,,,,
50,Fullerton,2,FTT,21021,Public Administration,Wholesale Trade,,,,,,
50,Fullerton,2,FTT,21021,Public Administration,Retail Trade,,,,,,
50,Fullerton,2,FTT,21021,Public Administration,Transportation & Warehousing,,,,,,
50,Fullerton,2,FTT,21021,Public Administration,"Professional, Scientific, & Technical Skills",,,,,,
50,Fullerton,2,FTT,21021,Public Administration,Management of Companies & Enterprises,,,,,,
50,Fullerton,2,FTT,21021,Public Administration,Admin & Support & Waste Mgmt & Remediation,,,,,,
50,Fullerton,2,FTT,21021,Public Administration,Health Care & Social Assistance,,,,,,
50,Fullerton,2,FTT,21021,Public Administration,Accommodation & Food Services,,,,,,
50,Fullerton,2,FTT,21021,Public Administration,Government,5,"$96,751","$118,049",,,
50,Fullerton,2,FTT,21021,Public Administration,No Wages,26,,,39,,
50,Fullerton,2,FTT,21021,Public Administration,Wages - No NAICS Code,,,,,,
50,Fullerton,2,FTT,21042,Human Services,Utilities,,,,,,
50,Fullerton,2,FTT,21042,Human Services,Construction,,,,,,
50,Fullerton,2,FTT,21042,Human Services,Manufacturing,,,,,,
50,Fullerton,2,FTT,21042,Human Services,Wholesale Trade,5,"$45,174","$48,897",,,
50,Fullerton,2,FTT,21042,Human Services,Retail Trade,12,"$29,218","$29,229",6,"$39,446","$37,241"
50,Fullerton,2,FTT,21042,Human Services,Transportation & Warehousing,,,,,,
50,Fullerton,2,FTT,21042,Human Services,Information,5,"$45,191","$42,409",,,
50,Fullerton,2,FTT,21042,Human Services,Finance & Insurance,14,"$50,747","$70,352",5,"$47,062","$47,063"
50,Fullerton,2,FTT,21042,Human Services,Real Estate & Rental & Leasing,,,,,,
50,Fullerton,2,FTT,21042,Human Services,"Professional, Scientific, & Technical Skills",8,"$46,392","$43,738",,,
50,Fullerton,2,FTT,21042,Human Services,Admin & Support & Waste Mgmt & Remediation,7,"$48,314","$40,726",,,
50,Fullerton,2,FTT,21042,Human Services,Educational Services,20,"$44,756","$43,816",11,"$52,666","$49,845"
50,Fullerton,2,FTT,21042,Human Services,Health Care & Social Assistance,16,"$31,074","$29,065",7,"$35,444","$36,214"
50,Fullerton,2,FTT,21042,Human Services,"Arts, Entertainment, & Recreation",,,,,,
50,Fullerton,2,FTT,21042,Human Services,Accommodation & Food Services,9,"$40,819","$31,232",5,"$14,910","$31,226"
50,Fullerton,2,FTT,21042,Human Services,Other Services,6,"$45,509","$49,182",,,
50,Fullerton,2,FTT,21042,Human Services,Government,22,"$58,994","$60,611",12,"$66,018","$66,389"
50,Fullerton,2,FTT,21042,Human Services,No Wages,146,,,224,,
50,Fullerton,2,FTT,21042,Human Services,Wages - No NAICS Code,6,"$3,460","$23,158",5,"$19,514","$46,689"
50,Fullerton,2,FTT,21051,Criminal Justice,Utilities,,,,,,
50,Fullerton,2,FTT,21051,Criminal Justice,Construction,11,"$52,281","$47,822",,,
50,Fullerton,2,FTT,21051,Criminal Justice,Manufacturing,18,"$34,534","$40,308",8,"$53,873","$63,550"
50,Fullerton,2,FTT,21051,Criminal Justice,Wholesale Trade,9,"$34,163","$52,368",,,
50,Fullerton,2,FTT,21051,Criminal Justice,Retail Trade,32,"$35,292","$35,935",13,"$40,844","$46,656"
50,Fullerton,2,FTT,21051,Criminal Justice,Transportation & Warehousing,8,"$30,283","$38,811",6,"$51,073","$55,880"
50,Fullerton,2,FTT,21051,Criminal Justice,Information,5,"$46,572","$64,095",,,
50,Fullerton,2,FTT,21051,Criminal Justice,Finance & Insurance,19,"$49,714","$52,912",9,"$39,425","$41,056"
50,Fullerton,2,FTT,21051,Criminal Justice,Real Estate & Rental & Leasing,,,,,,
50,Fullerton,2,FTT,21051,Criminal Justice,"Professional, Scientific, & Technical Skills",20,"$36,716","$51,682",11,"$27,342","$41,863"
50,Fullerton,2,FTT,21051,Criminal Justice,Management of Companies & Enterprises,,,,,,
50,Fullerton,2,FTT,21051,Criminal Justice,Admin & Support & Waste Mgmt & Remediation,15,"$34,237","$32,836",8,"$20,295","$30,647"
50,Fullerton,2,FTT,21051,Criminal Justice,Educational Services,15,"$47,890","$47,218",11,"$43,317","$48,217"
50,Fullerton,2,FTT,21051,Criminal Justice,Health Care & Social Assistance,14,"$33,123","$33,506",10,"$39,877","$38,009"
50,Fullerton,2,FTT,21051,Criminal Justice,"Arts, Entertainment, & Recreation",7,"$37,231","$33,261",,,
50,Fullerton,2,FTT,21051,Criminal Justice,Accommodation & Food Services,23,"$27,366","$31,690",7,"$20,051","$34,585"
50,Fullerton,2,FTT,21051,Criminal Justice,Other Services,,,,,,
50,Fullerton,2,FTT,21051,Criminal Justice,Government,67,"$79,995","$79,106",39,"$96,711","$94,436"
50,Fullerton,2,FTT,21051,Criminal Justice,No Wages,186,,,325,,
50,Fullerton,2,FTT,21051,Criminal Justice,Wages - No NAICS Code,21,"$53,871","$59,221",17,"$51,863","$53,841"
50,Fullerton,2,FTT,22021,Anthropology,Manufacturing,,,,,,
50,Fullerton,2,FTT,22021,Anthropology,Wholesale Trade,,,,,,
50,Fullerton,2,FTT,22021,Anthropology,Retail Trade,,,,,,
50,Fullerton,2,FTT,22021,Anthropology,Transportation & Warehousing,,,,,,
50,Fullerton,2,FTT,22021,Anthropology,Information,,,,,,
50,Fullerton,2,FTT,22021,Anthropology,Finance & Insurance,,,,,,
50,Fullerton,2,FTT,22021,Anthropology,Real Estate & Rental & Leasing,,,,,,
50,Fullerton,2,FTT,22021,Anthropology,"Professional, Scientific, & Technical Skills",,,,,,
50,Fullerton,2,FTT,22021,Anthropology,Management of Companies & Enterprises,,,,,,
50,Fullerton,2,FTT,22021,Anthropology,Admin & Support & Waste Mgmt & Remediation,,,,,,
50,Fullerton,2,FTT,22021,Anthropology,Educational Services,,,,,,
50,Fullerton,2,FTT,22021,Anthropology,Health Care & Social Assistance,,,,,,
50,Fullerton,2,FTT,22021,Anthropology,"Arts, Entertainment, & Recreation",,,,,,
50,Fullerton,2,FTT,22021,Anthropology,Accommodation & Food Services,5,"$40,691","$38,559",,,
50,Fullerton,2,FTT,22021,Anthropology,Other Services,,,,,,
50,Fullerton,2,FTT,22021,Anthropology,Government,,,,,,
50,Fullerton,2,FTT,22021,Anthropology,No Wages,43,,,63,,
50,Fullerton,2,FTT,22021,Anthropology,Wages - No NAICS Code,,,,,,
50,Fullerton,2,FTT,22041,Economics,"Agriculture, Forestry, Fishing, & Hunting",,,,,,
50,Fullerton,2,FTT,22041,Economics,Construction,,,,,,
50,Fullerton,2,FTT,22041,Economics,Manufacturing,,,,,,
50,Fullerton,2,FTT,22041,Economics,Wholesale Trade,,,,,,
50,Fullerton,2,FTT,22041,Economics,Retail Trade,6,"$47,727","$47,481",,,
50,Fullerton,2,FTT,22041,Economics,Transportation & Warehousing,,,,,,
50,Fullerton,2,FTT,22041,Economics,Information,,,,,,
50,Fullerton,2,FTT,22041,Economics,Finance & Insurance,5,"$52,290","$56,866",,,
50,Fullerton,2,FTT,22041,Economics,Real Estate & Rental & Leasing,,,,,,
50,Fullerton,2,FTT,22041,Economics,"Professional, Scientific, & Technical Skills",5,"$68,062","$75,490",,,
50,Fullerton,2,FTT,22041,Economics,Educational Services,,,,,,
50,Fullerton,2,FTT,22041,Economics,Health Care & Social Assistance,,,,,,
50,Fullerton,2,FTT,22041,Economics,"Arts, Entertainment, & Recreation",,,,,,
50,Fullerton,2,FTT,22041,Economics,Other Services,,,,,,
50,Fullerton,2,FTT,22041,Economics,No Wages,38,,,57,,
50,Fullerton,2,FTT,22041,Economics,Wages - No NAICS Code,,,,,,
50,Fullerton,2,FTT,22051,History,Utilities,,,,,,
50,Fullerton,2,FTT,22051,History,Construction,11,"$44,536","$46,969",,,
50,Fullerton,2,FTT,22051,History,Manufacturing,9,"$44,634","$42,703",8,"$44,560","$40,569"
50,Fullerton,2,FTT,22051,History,Wholesale Trade,16,"$44,316","$57,664",9,"$65,225","$73,070"
50,Fullerton,2,FTT,22051,History,Retail Trade,45,"$36,731","$36,428",13,"$53,999","$54,707"
50,Fullerton,2,FTT,22051,History,Transportation & Warehousing,7,"$35,737","$34,321",,,
50,Fullerton,2,FTT,22051,History,Information,,,,,,
50,Fullerton,2,FTT,22051,History,Finance & Insurance,23,"$43,211","$45,837",11,"$68,052","$68,617"
50,Fullerton,2,FTT,22051,History,Real Estate & Rental & Leasing,,,,,,
50,Fullerton,2,FTT,22051,History,"Professional, Scientific, & Technical Skills",11,"$69,764","$59,390",7,"$37,830","$56,963"
50,Fullerton,2,FTT,22051,History,Management of Companies & Enterprises,,,,,,
50,Fullerton,2,FTT,22051,History,Admin & Support & Waste Mgmt & Remediation,12,"$34,090","$45,780",5,"$44,556","$64,317"
50,Fullerton,2,FTT,22051,History,Educational Services,19,"$35,584","$32,344",,,
50,Fullerton,2,FTT,22051,History,Health Care & Social Assistance,14,"$35,500","$30,329",9,"$42,878","$46,057"
50,Fullerton,2,FTT,22051,History,"Arts, Entertainment, & Recreation",16,"$27,529","$31,478",9,"$38,757","$40,457"
50,Fullerton,2,FTT,22051,History,Accommodation & Food Services,29,"$29,337","$32,090",12,"$34,772","$41,151"
50,Fullerton,2,FTT,22051,History,Other Services,8,"$30,374","$34,751",,,
50,Fullerton,2,FTT,22051,History,Non-Classified,,,,,,
50,Fullerton,2,FTT,22051,History,Government,12,"$50,827","$56,314",9,"$58,405","$62,134"
50,Fullerton,2,FTT,22051,History,No Wages,180,,,311,,
50,Fullerton,2,FTT,22051,History,Wages - No NAICS Code,13,"$6,064","$12,298",9,"$3,668","$7,145"
50,Fullerton,2,FTT,22061 + 22063,Geography,Utilities,,,,,,
50,Fullerton,2,FTT,22061 + 22063,Geography,Construction,,,,,,
50,Fullerton,2,FTT,22061 + 22063,Geography,Wholesale Trade,,,,,,
50,Fullerton,2,FTT,22061 + 22063,Geography,Retail Trade,,,,,,
50,Fullerton,2,FTT,22061 + 22063,Geography,Transportation & Warehousing,,,,,,
50,Fullerton,2,FTT,22061 + 22063,Geography,Information,,,,,,
50,Fullerton,2,FTT,22061 + 22063,Geography,Finance & Insurance,,,,,,
50,Fullerton,2,FTT,22061 + 22063,Geography,"Professional, Scientific, & Technical Skills",,,,,,
50,Fullerton,2,FTT,22061 + 22063,Geography,Admin & Support & Waste Mgmt & Remediation,,,,,,
50,Fullerton,2,FTT,22061 + 22063,Geography,Educational Services,,,,,,
50,Fullerton,2,FTT,22061 + 22063,Geography,Health Care & Social Assistance,,,,,,
50,Fullerton,2,FTT,22061 + 22063,Geography,"Arts, Entertainment, & Recreation",,,,,,
50,Fullerton,2,FTT,22061 + 22063,Geography,Accommodation & Food Services,,,,,,
50,Fullerton,2,FTT,22061 + 22063,Geography,Government,5,"$72,728","$69,900",,,
50,Fullerton,2,FTT,22061 + 22063,Geography,No Wages,23,,,37,,
50,Fullerton,2,FTT,22061 + 22063,Geography,Wages - No NAICS Code,,,,,,
50,Fullerton,2,FTT,22071,Political Science,Utilities,,,,,,
50,Fullerton,2,FTT,22071,Political Science,Construction,,,,,,
50,Fullerton,2,FTT,22071,Political Science,Manufacturing,,,,,,
50,Fullerton,2,FTT,22071,Political Science,Wholesale Trade,,,,,,
50,Fullerton,2,FTT,22071,Political Science,Retail Trade,13,"$37,576","$39,547",9,"$62,488","$60,045"
50,Fullerton,2,FTT,22071,Political Science,Transportation & Warehousing,,,,,,
50,Fullerton,2,FTT,22071,Political Science,Information,8,"$51,222","$64,563",,,
50,Fullerton,2,FTT,22071,Political Science,Finance & Insurance,17,"$42,740","$47,042",7,"$59,605","$57,239"
50,Fullerton,2,FTT,22071,Political Science,Real Estate & Rental & Leasing,,,,,,
50,Fullerton,2,FTT,22071,Political Science,"Professional, Scientific, & Technical Skills",13,"$39,931","$36,574",6,"$56,916","$68,366"
50,Fullerton,2,FTT,22071,Political Science,Admin & Support & Waste Mgmt & Remediation,5,"$12,120","$31,756",,,
50,Fullerton,2,FTT,22071,Political Science,Educational Services,,,,,,
50,Fullerton,2,FTT,22071,Political Science,Health Care & Social Assistance,,,,,,
50,Fullerton,2,FTT,22071,Political Science,"Arts, Entertainment, & Recreation",,,,,,
50,Fullerton,2,FTT,22071,Political Science,Accommodation & Food Services,6,"$17,283","$28,939",,,
50,Fullerton,2,FTT,22071,Political Science,Other Services,,,,,,
50,Fullerton,2,FTT,22071,Political Science,Non-Classified,,,,,,
50,Fullerton,2,FTT,22071,Political Science,Government,14,"$72,327","$71,514",7,"$104,103","$113,713"
50,Fullerton,2,FTT,22071,Political Science,No Wages,73,,,118,,
50,Fullerton,2,FTT,22071,Political Science,Wages - No NAICS Code,5,"$6,145","$20,800",,,
50,Fullerton,2,FTT,22081,Sociology,"Agriculture, Forestry, Fishing, & Hunting",,,,,,
50,Fullerton,2,FTT,22081,Sociology,Construction,5,"$40,937","$36,549",,,
50,Fullerton,2,FTT,22081,Sociology,Manufacturing,8,"$35,120","$38,812",7,"$40,342","$46,824"
50,Fullerton,2,FTT,22081,Sociology,Wholesale Trade,12,"$45,833","$59,325",6,"$47,635","$59,298"
50,Fullerton,2,FTT,22081,Sociology,Retail Trade,27,"$30,792","$34,360",8,"$74,050","$65,787"
50,Fullerton,2,FTT,22081,Sociology,Transportation & Warehousing,8,"$52,343","$48,520",,,
50,Fullerton,2,FTT,22081,Sociology,Information,7,"$74,298","$61,363",,,
50,Fullerton,2,FTT,22081,Sociology,Finance & Insurance,16,"$47,958","$49,079",,,
50,Fullerton,2,FTT,22081,Sociology,Real Estate & Rental & Leasing,,,,,,
50,Fullerton,2,FTT,22081,Sociology,"Professional, Scientific, & Technical Skills",14,"$52,980","$62,828",7,"$60,244","$73,113"
50,Fullerton,2,FTT,22081,Sociology,Management of Companies & Enterprises,,,,,,
50,Fullerton,2,FTT,22081,Sociology,Admin & Support & Waste Mgmt & Remediation,14,"$40,033","$46,426",9,"$47,111","$42,607"
50,Fullerton,2,FTT,22081,Sociology,Educational Services,20,"$38,449","$36,247",8,"$44,488","$43,689"
50,Fullerton,2,FTT,22081,Sociology,Health Care & Social Assistance,18,"$29,637","$33,879",5,"$47,887","$60,921"
50,Fullerton,2,FTT,22081,Sociology,"Arts, Entertainment, & Recreation",,,,,,
50,Fullerton,2,FTT,22081,Sociology,Accommodation & Food Services,9,"$47,129","$49,873",,,
50,Fullerton,2,FTT,22081,Sociology,Other Services,,,,,,
50,Fullerton,2,FTT,22081,Sociology,Government,24,"$60,219","$72,361",13,"$56,988","$71,053"
50,Fullerton,2,FTT,22081,Sociology,No Wages,167,,,280,,
50,Fullerton,2,FTT,22081,Sociology,Wages - No NAICS Code,11,"$3,001","$17,056",,,
50,Fullerton,2,FTT,22111,African-American Studies,Health Care & Social Assistance,,,,,,
50,Fullerton,2,FTT,22111,African-American Studies,No Wages,,,,5,,
50,Fullerton,2,FTT,22131,Mexican-American Studies,Educational Services,,,,,,
50,Fullerton,2,FTT,22131,Mexican-American Studies,No Wages,6,,,8,,
50,Fullerton,2,FTT,22990 + 49991,Women's Studies,Other Services,,,,,,
50,Fullerton,2,FTT,22990 + 49991,Women's Studies,No Wages,,,,5,,
50,Fullerton,2,FTT,22996 + 22999,Women's Studies,No Wages,,,,,,
50,Fullerton,2,FTT,49012 + 49017,Women's Studies,"Agriculture, Forestry, Fishing, & Hunting",,,,,,
50,Fullerton,2,FTT,49012 + 49017,Women's Studies,Mining,,,,,,
50,Fullerton,2,FTT,49012 + 49017,Women's Studies,Utilities,,,,,,
50,Fullerton,2,FTT,49012 + 49017,Women's Studies,Construction,12,"$26,601","$40,652",13,"$48,054","$55,619"
50,Fullerton,2,FTT,49012 + 49017,Women's Studies,Manufacturing,16,"$36,673","$39,996",10,"$57,182","$68,300"
50,Fullerton,2,FTT,49012 + 49017,Women's Studies,Wholesale Trade,20,"$44,117","$46,037",13,"$43,089","$44,778"
50,Fullerton,2,FTT,49012 + 49017,Women's Studies,Retail Trade,70,"$37,466","$40,737",35,"$49,583","$53,806"
50,Fullerton,2,FTT,49012 + 49017,Women's Studies,Transportation & Warehousing,22,"$33,592","$45,108",15,"$37,905","$40,229"
50,Fullerton,2,FTT,49012 + 49017,Women's Studies,Information,8,"$45,387","$40,269",9,"$27,580","$26,473"
50,Fullerton,2,FTT,49012 + 49017,Women's Studies,Finance & Insurance,52,"$47,000","$53,697",26,"$49,383","$56,319"
50,Fullerton,2,FTT,49012 + 49017,Women's Studies,Real Estate & Rental & Leasing,13,"$38,922","$44,011",7,"$36,579","$54,407"
50,Fullerton,2,FTT,49012 + 49017,Women's Studies,"Professional, Scientific, & Technical Skills",43,"$33,971","$34,209",17,"$46,659","$41,961"
50,Fullerton,2,FTT,49012 + 49017,Women's Studies,Admin & Support & Waste Mgmt & Remediation,33,"$28,408","$31,359",19,"$39,617","$43,503"
50,Fullerton,2,FTT,49012 + 49017,Women's Studies,Educational Services,86,"$30,980","$34,238",39,"$25,333","$34,496"
50,Fullerton,2,FTT,49012 + 49017,Women's Studies,Health Care & Social Assistance,52,"$30,309","$32,885",39,"$36,400","$39,149"
50,Fullerton,2,FTT,49012 + 49017,Women's Studies,"Arts, Entertainment, & Recreation",22,"$27,433","$24,748",15,"$29,174","$32,341"
50,Fullerton,2,FTT,49012 + 49017,Women's Studies,Accommodation & Food Services,48,"$22,090","$28,426",16,"$38,238","$37,431"
50,Fullerton,2,FTT,49012 + 49017,Women's Studies,Other Services,19,"$31,264","$28,638",11,"$36,866","$38,955"
50,Fullerton,2,FTT,49012 + 49017,Women's Studies,Non-Classified,,,,,,
50,Fullerton,2,FTT,49012 + 49017,Women's Studies,Government,28,"$69,317","$65,074",19,"$76,930","$72,278"
50,Fullerton,2,FTT,49012 + 49017,Women's Studies,No Wages,374,,,625,,
50,Fullerton,2,FTT,49012 + 49017,Women's Studies,Wages - No NAICS Code,27,"$9,009","$14,883",20,"$3,407","$22,136"
50,Fullerton,3,FTF + FTT,00000,Undeclared/Unknown,"Agriculture, Forestry, Fishing, & Hunting",5,"$40,048","$40,315",,,
50,Fullerton,3,FTF + FTT,00000,Undeclared/Unknown,Utilities,,,,,,
50,Fullerton,3,FTF + FTT,00000,Undeclared/Unknown,Construction,18,"$64,657","$67,139",7,"$86,934","$71,058"
50,Fullerton,3,FTF + FTT,00000,Undeclared/Unknown,Manufacturing,11,"$69,358","$64,467",7,"$89,823","$120,513"
50,Fullerton,3,FTF + FTT,00000,Undeclared/Unknown,Wholesale Trade,27,"$49,232","$55,790",6,"$60,771","$80,007"
50,Fullerton,3,FTF + FTT,00000,Undeclared/Unknown,Retail Trade,21,"$36,090","$37,653",5,"$49,086","$46,328"
50,Fullerton,3,FTF + FTT,00000,Undeclared/Unknown,Transportation & Warehousing,,,,,,
50,Fullerton,3,FTF + FTT,00000,Undeclared/Unknown,Information,17,"$52,267","$64,882",13,"$79,739","$85,743"
50,Fullerton,3,FTF + FTT,00000,Undeclared/Unknown,Finance & Insurance,46,"$59,142","$60,180",18,"$77,737","$74,065"
50,Fullerton,3,FTF + FTT,00000,Undeclared/Unknown,Real Estate & Rental & Leasing,9,"$48,161","$42,756",,,
50,Fullerton,3,FTF + FTT,00000,Undeclared/Unknown,"Professional, Scientific, & Technical Skills",42,"$56,533","$66,465",17,"$84,256","$145,392"
50,Fullerton,3,FTF + FTT,00000,Undeclared/Unknown,Management of Companies & Enterprises,,,,,,
50,Fullerton,3,FTF + FTT,00000,Undeclared/Unknown,Admin & Support & Waste Mgmt & Remediation,22,"$40,037","$47,545",,,
50,Fullerton,3,FTF + FTT,00000,Undeclared/Unknown,Educational Services,43,"$46,530","$45,774",13,"$79,208","$66,938"
50,Fullerton,3,FTF + FTT,00000,Undeclared/Unknown,Health Care & Social Assistance,49,"$56,177","$57,161",13,"$61,091","$55,144"
50,Fullerton,3,FTF + FTT,00000,Undeclared/Unknown,"Arts, Entertainment, & Recreation",10,"$16,219","$24,053",,,
50,Fullerton,3,FTF + FTT,00000,Undeclared/Unknown,Accommodation & Food Services,30,"$34,871","$36,841",10,"$33,192","$39,980"
50,Fullerton,3,FTF + FTT,00000,Undeclared/Unknown,Other Services,13,"$43,630","$44,885",,,
50,Fullerton,3,FTF + FTT,00000,Undeclared/Unknown,Non-Classified,,,,,,
50,Fullerton,3,FTF + FTT,00000,Undeclared/Unknown,Government,26,"$68,350","$73,916",17,"$93,981","$94,251"
50,Fullerton,3,FTF + FTT,00000,Undeclared/Unknown,No Wages,575,,,842,,
50,Fullerton,3,FTF + FTT,00000,Undeclared/Unknown,Wages - No NAICS Code,21,"$5,065","$20,151",10,"$28,419","$40,703"
50,Fullerton,3,FTF + FTT,00121 + 12031 + 12032,Nursing,Manufacturing,,,,,,
50,Fullerton,3,FTF + FTT,00121 + 12031 + 12032,Nursing,Information,,,,,,
50,Fullerton,3,FTF + FTT,00121 + 12031 + 12032,Nursing,Finance & Insurance,,,,,,
50,Fullerton,3,FTF + FTT,00121 + 12031 + 12032,Nursing,"Professional, Scientific, & Technical Skills",,,,,,
50,Fullerton,3,FTF + FTT,00121 + 12031 + 12032,Nursing,Educational Services,,,,,,
50,Fullerton,3,FTF + FTT,00121 + 12031 + 12032,Nursing,Health Care & Social Assistance,34,"$118,384","$124,709",7,"$111,808","$109,524"
50,Fullerton,3,FTF + FTT,00121 + 12031 + 12032,Nursing,Government,6,"$122,884","$127,141",,,
50,Fullerton,3,FTF + FTT,00121 + 12031 + 12032,Nursing,No Wages,171,,,205,,
50,Fullerton,3,FTF + FTT,00121 + 12031 + 12032,Nursing,Wages - No NAICS Code,,,,,,
50,Fullerton,3,FTF + FTT,03081 + 03085,Latin/Central American Studies,Health Care & Social Assistance,,,,,,
50,Fullerton,3,FTF + FTT,03081 + 03085,Latin/Central American Studies,Other Services,,,,,,
50,Fullerton,3,FTF + FTT,03081 + 03085,Latin/Central American Studies,No Wages,,,,,,
50,Fullerton,3,FTF + FTT,03101 + 03121 + 03122,European Studies,No Wages,,,,,,
50,Fullerton,3,FTF + FTT,03131,American Studies,"Professional, Scientific, & Technical Skills",,,,,,
50,Fullerton,3,FTF + FTT,03131,American Studies,Educational Services,,,,,,
50,Fullerton,3,FTF + FTT,03131,American Studies,Health Care & Social Assistance,,,,,,
50,Fullerton,3,FTF + FTT,03131,American Studies,Accommodation & Food Services,,,,,,
50,Fullerton,3,FTF + FTT,03131,American Studies,No Wages,,,,5,,
50,Fullerton,3,FTF + FTT,03131,American Studies,Wages - No NAICS Code,,,,,,
50,Fullerton,3,FTF + FTT,04011,Biology,"Agriculture, Forestry, Fishing, & Hunting",,,,,,
50,Fullerton,3,FTF + FTT,04011,Biology,Mining,,,,,,
50,Fullerton,3,FTF + FTT,04011,Biology,Utilities,,,,,,
50,Fullerton,3,FTF + FTT,04011,Biology,Construction,,,,,,
50,Fullerton,3,FTF + FTT,04011,Biology,Manufacturing,,,,,,
50,Fullerton,3,FTF + FTT,04011,Biology,Wholesale Trade,11,"$54,134","$63,990",,,
50,Fullerton,3,FTF + FTT,04011,Biology,Retail Trade,7,"$30,299","$41,362",,,
50,Fullerton,3,FTF + FTT,04011,Biology,Transportation & Warehousing,,,,,,
50,Fullerton,3,FTF + FTT,04011,Biology,Information,,,,,,
50,Fullerton,3,FTF + FTT,04011,Biology,Finance & Insurance,9,"$64,249","$61,065",,,
50,Fullerton,3,FTF + FTT,04011,Biology,Real Estate & Rental & Leasing,,,,,,
50,Fullerton,3,FTF + FTT,04011,Biology,"Professional, Scientific, & Technical Skills",15,"$40,352","$43,516",,,
50,Fullerton,3,FTF + FTT,04011,Biology,Management of Companies & Enterprises,,,,,,
50,Fullerton,3,FTF + FTT,04011,Biology,Admin & Support & Waste Mgmt & Remediation,,,,,,
50,Fullerton,3,FTF + FTT,04011,Biology,Educational Services,11,"$42,534","$38,514",6,"$48,641","$61,027"
50,Fullerton,3,FTF + FTT,04011,Biology,Health Care & Social Assistance,24,"$50,466","$61,707",9,"$56,844","$53,401"
50,Fullerton,3,FTF + FTT,04011,Biology,"Arts, Entertainment, & Recreation",,,,,,
50,Fullerton,3,FTF + FTT,04011,Biology,Accommodation & Food Services,,,,,,
50,Fullerton,3,FTF + FTT,04011,Biology,Other Services,,,,,,
50,Fullerton,3,FTF + FTT,04011,Biology,Government,5,"$46,935","$45,027",,,
50,Fullerton,3,FTF + FTT,04011,Biology,No Wages,234,,,305,,
50,Fullerton,3,FTF + FTT,04011,Biology,Wages - No NAICS Code,7,"$17,372","$42,352",5,"$32,549","$61,170"
50,Fullerton,3,FTF + FTT,04141,Biochemistry,Utilities,,,,,,
50,Fullerton,3,FTF + FTT,04141,Biochemistry,Manufacturing,,,,,,
50,Fullerton,3,FTF + FTT,04141,Biochemistry,Wholesale Trade,,,,,,
50,Fullerton,3,FTF + FTT,04141,Biochemistry,Retail Trade,,,,,,
50,Fullerton,3,FTF + FTT,04141,Biochemistry,Transportation & Warehousing,,,,,,
50,Fullerton,3,FTF + FTT,04141,Biochemistry,Finance & Insurance,,,,,,
50,Fullerton,3,FTF + FTT,04141,Biochemistry,"Professional, Scientific, & Technical Skills",,,,,,
50,Fullerton,3,FTF + FTT,04141,Biochemistry,Admin & Support & Waste Mgmt & Remediation,,,,,,
50,Fullerton,3,FTF + FTT,04141,Biochemistry,Educational Services,,,,,,
50,Fullerton,3,FTF + FTT,04141,Biochemistry,Health Care & Social Assistance,,,,,,
50,Fullerton,3,FTF + FTT,04141,Biochemistry,Accommodation & Food Services,,,,,,
50,Fullerton,3,FTF + FTT,04141,Biochemistry,Other Services,,,,,,
50,Fullerton,3,FTF + FTT,04141,Biochemistry,Government,,,,,,
50,Fullerton,3,FTF + FTT,04141,Biochemistry,No Wages,52,,,67,,
50,Fullerton,3,FTF + FTT,04141,Biochemistry,Wages - No NAICS Code,,,,,,
50,Fullerton,3,FTF + FTT,05011,Business Administration,"Agriculture, Forestry, Fishing, & Hunting",,,,,,
50,Fullerton,3,FTF + FTT,05011,Business Administration,Mining,,,,,,
50,Fullerton,3,FTF + FTT,05011,Business Administration,Utilities,6,"$96,879","$91,176",6,"$52,070","$72,560"
50,Fullerton,3,FTF + FTT,05011,Business Administration,Construction,27,"$55,681","$63,495",15,"$57,628","$72,737"
50,Fullerton,3,FTF + FTT,05011,Business Administration,Manufacturing,57,"$67,335","$73,834",26,"$85,470","$91,959"
50,Fullerton,3,FTF + FTT,05011,Business Administration,Wholesale Trade,57,"$56,436","$69,630",18,"$65,734","$75,875"
50,Fullerton,3,FTF + FTT,05011,Business Administration,Retail Trade,57,"$49,327","$49,098",24,"$54,700","$67,089"
50,Fullerton,3,FTF + FTT,05011,Business Administration,Transportation & Warehousing,21,"$54,403","$72,679",9,"$96,472","$105,571"
50,Fullerton,3,FTF + FTT,05011,Business Administration,Information,35,"$70,280","$90,511",14,"$90,604","$91,021"
50,Fullerton,3,FTF + FTT,05011,Business Administration,Finance & Insurance,116,"$58,419","$72,656",49,"$82,077","$124,951"
50,Fullerton,3,FTF + FTT,05011,Business Administration,Real Estate & Rental & Leasing,44,"$54,917","$63,182",12,"$51,627","$54,474"
50,Fullerton,3,FTF + FTT,05011,Business Administration,"Professional, Scientific, & Technical Skills",101,"$61,563","$66,549",56,"$80,711","$96,426"
50,Fullerton,3,FTF + FTT,05011,Business Administration,Management of Companies & Enterprises,6,"$64,471","$74,276",,,
50,Fullerton,3,FTF + FTT,05011,Business Administration,Admin & Support & Waste Mgmt & Remediation,50,"$46,555","$55,089",25,"$59,530","$67,184"
50,Fullerton,3,FTF + FTT,05011,Business Administration,Educational Services,34,"$48,112","$50,335",17,"$52,491","$47,513"
50,Fullerton,3,FTF + FTT,05011,Business Administration,Health Care & Social Assistance,44,"$58,061","$57,073",24,"$51,217","$50,658"
50,Fullerton,3,FTF + FTT,05011,Business Administration,"Arts, Entertainment, & Recreation",11,"$50,061","$53,336",5,"$44,453","$61,148"
50,Fullerton,3,FTF + FTT,05011,Business Administration,Accommodation & Food Services,48,"$34,277","$39,305",7,"$29,552","$43,257"
50,Fullerton,3,FTF + FTT,05011,Business Administration,Other Services,20,"$23,816","$30,457",7,"$22,726","$54,035"
50,Fullerton,3,FTF + FTT,05011,Business Administration,Non-Classified,,,,,,
50,Fullerton,3,FTF + FTT,05011,Business Administration,Government,41,"$68,492","$75,568",19,"$66,089","$74,093"
50,Fullerton,3,FTF + FTT,05011,Business Administration,No Wages,"1,031",,,"1,503",,
50,Fullerton,3,FTF + FTT,05011,Business Administration,Wages - No NAICS Code,41,"$18,129","$36,845",11,"$8,988","$34,100"
50,Fullerton,3,FTF + FTT,05021,Accounting,Manufacturing,,,,,,
50,Fullerton,3,FTF + FTT,05021,Accounting,Wholesale Trade,,,,,,
50,Fullerton,3,FTF + FTT,05021,Accounting,Finance & Insurance,,,,,,
50,Fullerton,3,FTF + FTT,05021,Accounting,Real Estate & Rental & Leasing,,,,,,
50,Fullerton,3,FTF + FTT,05021,Accounting,"Professional, Scientific, & Technical Skills",,,,,,
50,Fullerton,3,FTF + FTT,05021,Accounting,Admin & Support & Waste Mgmt & Remediation,,,,,,
50,Fullerton,3,FTF + FTT,05021,Accounting,Health Care & Social Assistance,,,,,,
50,Fullerton,3,FTF + FTT,05021,Accounting,"Arts, Entertainment, & Recreation",,,,,,
50,Fullerton,3,FTF + FTT,05021,Accounting,Government,,,,,,
50,Fullerton,3,FTF + FTT,05021,Accounting,No Wages,14,,,26,,
50,Fullerton,3,FTF + FTT,05041,Finance,Utilities,,,,,,
50,Fullerton,3,FTF + FTT,05041,Finance,Wholesale Trade,,,,,,
50,Fullerton,3,FTF + FTT,05041,Finance,Retail Trade,,,,,,
50,Fullerton,3,FTF + FTT,05041,Finance,Real Estate & Rental & Leasing,,,,,,
50,Fullerton,3,FTF + FTT,05041,Finance,"Professional, Scientific, & Technical Skills",,,,,,
50,Fullerton,3,FTF + FTT,05041,Finance,No Wages,5,,,8,,
50,Fullerton,3,FTF + FTT,05041,Finance,Wages - No NAICS Code,,,,,,
50,Fullerton,3,FTF + FTT,05061,Management,Finance & Insurance,,,,,,
50,Fullerton,3,FTF + FTT,05061,Management,No Wages,13,,,14,,
50,Fullerton,3,FTF + FTT,05072,Management Systems Analysis / Operations Research,Retail Trade,,,,,,
50,Fullerton,3,FTF + FTT,05072,Management Systems Analysis / Operations Research,No Wages,,,,,,
50,Fullerton,3,FTF + FTT,05082 + 05083,Travel and Tourism/Tourism Management,"Agriculture, Forestry, Fishing, & Hunting",,,,,,
50,Fullerton,3,FTF + FTT,05082 + 05083,Travel and Tourism/Tourism Management,No Wages,,,,,,
50,Fullerton,3,FTF + FTT,05091,Marketing,Information,,,,,,
50,Fullerton,3,FTF + FTT,05091,Marketing,"Professional, Scientific, & Technical Skills",,,,,,
50,Fullerton,3,FTF + FTT,05091,Marketing,No Wages,,,,5,,
50,Fullerton,3,FTF + FTT,05091,Marketing,Wages - No NAICS Code,,,,,,
50,Fullerton,3,FTF + FTT,05131,International Business,Utilities,,,,,,
50,Fullerton,3,FTF + FTT,05131,International Business,Manufacturing,5,"$74,069","$65,659",,,
50,Fullerton,3,FTF + FTT,05131,International Business,Wholesale Trade,,,,,,
50,Fullerton,3,FTF + FTT,05131,International Business,Retail Trade,9,"$39,982","$46,809",,,
50,Fullerton,3,FTF + FTT,05131,International Business,Transportation & Warehousing,,,,,,
50,Fullerton,3,FTF + FTT,05131,International Business,Information,,,,,,
50,Fullerton,3,FTF + FTT,05131,International Business,Finance & Insurance,5,"$45,833","$41,901",,,
50,Fullerton,3,FTF + FTT,05131,International Business,Real Estate & Rental & Leasing,,,,,,
50,Fullerton,3,FTF + FTT,05131,International Business,"Professional, Scientific, & Technical Skills",7,"$39,135","$39,106",,,
50,Fullerton,3,FTF + FTT,05131,International Business,Admin & Support & Waste Mgmt & Remediation,8,"$16,728","$25,337",,,
50,Fullerton,3,FTF + FTT,05131,International Business,Educational Services,,,,,,
50,Fullerton,3,FTF + FTT,05131,International Business,Health Care & Social Assistance,,,,,,
50,Fullerton,3,FTF + FTT,05131,International Business,"Arts, Entertainment, & Recreation",,,,,,
50,Fullerton,3,FTF + FTT,05131,International Business,Accommodation & Food Services,,,,,,
50,Fullerton,3,FTF + FTT,05131,International Business,Other Services,,,,,,
50,Fullerton,3,FTF + FTT,05131,International Business,Government,,,,,,
50,Fullerton,3,FTF + FTT,05131,International Business,No Wages,74,,,111,,
50,Fullerton,3,FTF + FTT,05131,International Business,Wages - No NAICS Code,,,,,,
50,Fullerton,3,FTF + FTT,05992,Public Relations,"Agriculture, Forestry, Fishing, & Hunting",,,,,,
50,Fullerton,3,FTF + FTT,05992,Public Relations,Manufacturing,,,,,,
50,Fullerton,3,FTF + FTT,05992,Public Relations,Wholesale Trade,,,,,,
50,Fullerton,3,FTF + FTT,05992,Public Relations,Retail Trade,,,,,,
50,Fullerton,3,FTF + FTT,05992,Public Relations,Transportation & Warehousing,,,,,,
50,Fullerton,3,FTF + FTT,05992,Public Relations,Finance & Insurance,,,,,,
50,Fullerton,3,FTF + FTT,05992,Public Relations,Real Estate & Rental & Leasing,,,,,,
50,Fullerton,3,FTF + FTT,05992,Public Relations,"Professional, Scientific, & Technical Skills",,,,,,
50,Fullerton,3,FTF + FTT,05992,Public Relations,Admin & Support & Waste Mgmt & Remediation,,,,,,
50,Fullerton,3,FTF + FTT,05992,Public Relations,Educational Services,,,,,,
50,Fullerton,3,FTF + FTT,05992,Public Relations,Health Care & Social Assistance,,,,,,
50,Fullerton,3,FTF + FTT,05992,Public Relations,"Arts, Entertainment, & Recreation",,,,,,
50,Fullerton,3,FTF + FTT,05992,Public Relations,Accommodation & Food Services,,,,,,
50,Fullerton,3,FTF + FTT,05992,Public Relations,Other Services,,,,,,
50,Fullerton,3,FTF + FTT,05992,Public Relations,Non-Classified,,,,,,
50,Fullerton,3,FTF + FTT,05992,Public Relations,Government,,,,,,
50,Fullerton,3,FTF + FTT,05992,Public Relations,No Wages,56,,,83,,
50,Fullerton,3,FTF + FTT,05992,Public Relations,Wages - No NAICS Code,,,,,,
50,Fullerton,3,FTF + FTT,05996 + 05997,Entrepreneurship & Small Business Management,"Professional, Scientific, & Technical Skills",,,,,,
50,Fullerton,3,FTF + FTT,05996 + 05997,Entrepreneurship & Small Business Management,No Wages,,,,,,
50,Fullerton,3,FTF + FTT,06011,Communications,"Agriculture, Forestry, Fishing, & Hunting",,,,,,
50,Fullerton,3,FTF + FTT,06011,Communications,Utilities,,,,,,
50,Fullerton,3,FTF + FTT,06011,Communications,Construction,,,,,,
50,Fullerton,3,FTF + FTT,06011,Communications,Manufacturing,7,"$50,933","$62,069",,,
50,Fullerton,3,FTF + FTT,06011,Communications,Wholesale Trade,7,"$70,189","$71,262",7,"$80,904","$66,995"
50,Fullerton,3,FTF + FTT,06011,Communications,Retail Trade,7,"$62,998","$55,834",5,"$79,744","$82,911"
50,Fullerton,3,FTF + FTT,06011,Communications,Information,8,"$42,426","$47,006",6,"$20,010","$41,263"
50,Fullerton,3,FTF + FTT,06011,Communications,Finance & Insurance,5,"$47,177","$43,844",,,
50,Fullerton,3,FTF + FTT,06011,Communications,Real Estate & Rental & Leasing,,,,,,
50,Fullerton,3,FTF + FTT,06011,Communications,"Professional, Scientific, & Technical Skills",19,"$60,008","$67,685",5,"$108,127","$95,345"
50,Fullerton,3,FTF + FTT,06011,Communications,Admin & Support & Waste Mgmt & Remediation,5,"$49,121","$63,663",5,"$43,496","$54,300"
50,Fullerton,3,FTF + FTT,06011,Communications,Educational Services,13,"$35,600","$36,435",7,"$54,967","$46,613"
50,Fullerton,3,FTF + FTT,06011,Communications,Health Care & Social Assistance,,,,,,
50,Fullerton,3,FTF + FTT,06011,Communications,"Arts, Entertainment, & Recreation",,,,,,
50,Fullerton,3,FTF + FTT,06011,Communications,Accommodation & Food Services,7,"$30,509","$34,226",5,"$34,902","$41,295"
50,Fullerton,3,FTF + FTT,06011,Communications,Other Services,,,,,,
50,Fullerton,3,FTF + FTT,06011,Communications,Government,9,"$60,797","$68,371",,,
50,Fullerton,3,FTF + FTT,06011,Communications,No Wages,135,,,180,,
50,Fullerton,3,FTF + FTT,06011,Communications,Wages - No NAICS Code,5,"$4,231","$4,463",,,
50,Fullerton,3,FTF + FTT,06021 + 06022,Journalism,"Agriculture, Forestry, Fishing, & Hunting",,,,,,
50,Fullerton,3,FTF + FTT,06021 + 06022,Journalism,Construction,,,,,,
50,Fullerton,3,FTF + FTT,06021 + 06022,Journalism,Wholesale Trade,,,,,,
50,Fullerton,3,FTF + FTT,06021 + 06022,Journalism,Retail Trade,,,,,,
50,Fullerton,3,FTF + FTT,06021 + 06022,Journalism,Information,8,"$46,983","$49,089",,,
50,Fullerton,3,FTF + FTT,06021 + 06022,Journalism,Finance & Insurance,,,,,,
50,Fullerton,3,FTF + FTT,06021 + 06022,Journalism,Real Estate & Rental & Leasing,,,,,,
50,Fullerton,3,FTF + FTT,06021 + 06022,Journalism,"Professional, Scientific, & Technical Skills",,,,,,
50,Fullerton,3,FTF + FTT,06021 + 06022,Journalism,Admin & Support & Waste Mgmt & Remediation,,,,,,
50,Fullerton,3,FTF + FTT,06021 + 06022,Journalism,Educational Services,6,"$30,490","$31,943",,,
50,Fullerton,3,FTF + FTT,06021 + 06022,Journalism,Health Care & Social Assistance,,,,,,
50,Fullerton,3,FTF + FTT,06021 + 06022,Journalism,"Arts, Entertainment, & Recreation",,,,,,
50,Fullerton,3,FTF + FTT,06021 + 06022,Journalism,Other Services,,,,,,
50,Fullerton,3,FTF + FTT,06021 + 06022,Journalism,Non-Classified,,,,,,
50,Fullerton,3,FTF + FTT,06021 + 06022,Journalism,Government,,,,,,
50,Fullerton,3,FTF + FTT,06021 + 06022,Journalism,No Wages,66,,,96,,
50,Fullerton,3,FTF + FTT,06021 + 06022,Journalism,Wages - No NAICS Code,,,,,,
50,Fullerton,3,FTF + FTT,06031,Radio/Television/Broadcast,Utilities,,,,,,
50,Fullerton,3,FTF + FTT,06031,Radio/Television/Broadcast,Manufacturing,,,,,,
50,Fullerton,3,FTF + FTT,06031,Radio/Television/Broadcast,Wholesale Trade,,,,,,
50,Fullerton,3,FTF + FTT,06031,Radio/Television/Broadcast,Retail Trade,5,"$40,947","$36,443",,,
50,Fullerton,3,FTF + FTT,06031,Radio/Television/Broadcast,Transportation & Warehousing,,,,,,
50,Fullerton,3,FTF + FTT,06031,Radio/Television/Broadcast,Information,7,"$42,169","$53,585",,,
50,Fullerton,3,FTF + FTT,06031,Radio/Television/Broadcast,Finance & Insurance,,,,,,
50,Fullerton,3,FTF + FTT,06031,Radio/Television/Broadcast,"Professional, Scientific, & Technical Skills",5,"$50,837","$43,713",,,
50,Fullerton,3,FTF + FTT,06031,Radio/Television/Broadcast,Admin & Support & Waste Mgmt & Remediation,,,,,,
50,Fullerton,3,FTF + FTT,06031,Radio/Television/Broadcast,Educational Services,,,,,,
50,Fullerton,3,FTF + FTT,06031,Radio/Television/Broadcast,Health Care & Social Assistance,,,,,,
50,Fullerton,3,FTF + FTT,06031,Radio/Television/Broadcast,"Arts, Entertainment, & Recreation",,,,,,
50,Fullerton,3,FTF + FTT,06031,Radio/Television/Broadcast,Accommodation & Food Services,,,,,,
50,Fullerton,3,FTF + FTT,06031,Radio/Television/Broadcast,Non-Classified,,,,,,
50,Fullerton,3,FTF + FTT,06031,Radio/Television/Broadcast,Government,,,,,,
50,Fullerton,3,FTF + FTT,06031,Radio/Television/Broadcast,No Wages,70,,,99,,
50,Fullerton,3,FTF + FTT,06031,Radio/Television/Broadcast,Wages - No NAICS Code,,,,,,
50,Fullerton,3,FTF + FTT,06041,Advertising,Manufacturing,,,,,,
50,Fullerton,3,FTF + FTT,06041,Advertising,Wholesale Trade,,,,,,
50,Fullerton,3,FTF + FTT,06041,Advertising,Retail Trade,,,,,,
50,Fullerton,3,FTF + FTT,06041,Advertising,Information,,,,,,
50,Fullerton,3,FTF + FTT,06041,Advertising,Finance & Insurance,,,,,,
50,Fullerton,3,FTF + FTT,06041,Advertising,Real Estate & Rental & Leasing,,,,,,
50,Fullerton,3,FTF + FTT,06041,Advertising,"Professional, Scientific, & Technical Skills",6,"$47,715","$45,705",,,
50,Fullerton,3,FTF + FTT,06041,Advertising,Admin & Support & Waste Mgmt & Remediation,,,,,,
50,Fullerton,3,FTF + FTT,06041,Advertising,Educational Services,,,,,,
50,Fullerton,3,FTF + FTT,06041,Advertising,Health Care & Social Assistance,,,,,,
50,Fullerton,3,FTF + FTT,06041,Advertising,Other Services,,,,,,
50,Fullerton,3,FTF + FTT,06041,Advertising,No Wages,42,,,62,,
50,Fullerton,3,FTF + FTT,07011 + 07012 + 07028,Graphic Communications,"Agriculture, Forestry, Fishing, & Hunting",,,,,,
50,Fullerton,3,FTF + FTT,07011 + 07012 + 07028,Graphic Communications,Manufacturing,9,"$81,963","$76,123",5,"$79,110","$70,543"
50,Fullerton,3,FTF + FTT,07011 + 07012 + 07028,Graphic Communications,Wholesale Trade,9,"$75,377","$115,630",,,
50,Fullerton,3,FTF + FTT,07011 + 07012 + 07028,Graphic Communications,Retail Trade,5,"$26,356","$29,512",,,
50,Fullerton,3,FTF + FTT,07011 + 07012 + 07028,Graphic Communications,Transportation & Warehousing,,,,,,
50,Fullerton,3,FTF + FTT,07011 + 07012 + 07028,Graphic Communications,Information,7,"$62,933","$102,487",5,"$234,156","$204,115"
50,Fullerton,3,FTF + FTT,07011 + 07012 + 07028,Graphic Communications,Finance & Insurance,6,"$107,986","$97,721",,,
50,Fullerton,3,FTF + FTT,07011 + 07012 + 07028,Graphic Communications,Real Estate & Rental & Leasing,,,,,,
50,Fullerton,3,FTF + FTT,07011 + 07012 + 07028,Graphic Communications,"Professional, Scientific, & Technical Skills",17,"$62,951","$72,079",7,"$55,988","$139,391"
50,Fullerton,3,FTF + FTT,07011 + 07012 + 07028,Graphic Communications,Admin & Support & Waste Mgmt & Remediation,9,"$57,900","$55,354",5,"$108,372","$84,417"
50,Fullerton,3,FTF + FTT,07011 + 07012 + 07028,Graphic Communications,Educational Services,7,"$53,202","$46,954",5,"$62,695","$51,545"
50,Fullerton,3,FTF + FTT,07011 + 07012 + 07028,Graphic Communications,Health Care & Social Assistance,11,"$53,501","$58,864",5,"$61,240","$75,967"
50,Fullerton,3,FTF + FTT,07011 + 07012 + 07028,Graphic Communications,"Arts, Entertainment, & Recreation",,,,,,
50,Fullerton,3,FTF + FTT,07011 + 07012 + 07028,Graphic Communications,Accommodation & Food Services,5,"$11,832","$22,137",,,
50,Fullerton,3,FTF + FTT,07011 + 07012 + 07028,Graphic Communications,Other Services,,,,,,
50,Fullerton,3,FTF + FTT,07011 + 07012 + 07028,Graphic Communications,Non-Classified,,,,,,
50,Fullerton,3,FTF + FTT,07011 + 07012 + 07028,Graphic Communications,Government,7,"$66,230","$68,463",,,
50,Fullerton,3,FTF + FTT,07011 + 07012 + 07028,Graphic Communications,No Wages,132,,,186,,
50,Fullerton,3,FTF + FTT,07011 + 07012 + 07028,Graphic Communications,Wages - No NAICS Code,5,"$16,999","$28,325",,,
50,Fullerton,3,FTF + FTT,07021,Information Systems,No Wages,,,,,,
50,Fullerton,3,FTF + FTT,08231 + 08232,Child Development,Construction,,,,,,
50,Fullerton,3,FTF + FTT,08231 + 08232,Child Development,Wholesale Trade,,,,,,
50,Fullerton,3,FTF + FTT,08231 + 08232,Child Development,Retail Trade,,,,,,
50,Fullerton,3,FTF + FTT,08231 + 08232,Child Development,Information,,,,,,
50,Fullerton,3,FTF + FTT,08231 + 08232,Child Development,Finance & Insurance,,,,,,
50,Fullerton,3,FTF + FTT,08231 + 08232,Child Development,Real Estate & Rental & Leasing,,,,,,
50,Fullerton,3,FTF + FTT,08231 + 08232,Child Development,"Professional, Scientific, & Technical Skills",,,,,,
50,Fullerton,3,FTF + FTT,08231 + 08232,Child Development,Admin & Support & Waste Mgmt & Remediation,,,,,,
50,Fullerton,3,FTF + FTT,08231 + 08232,Child Development,Educational Services,26,"$42,155","$35,795",9,"$44,306","$35,089"
50,Fullerton,3,FTF + FTT,08231 + 08232,Child Development,Health Care & Social Assistance,9,"$33,895","$38,959",6,"$51,254","$45,049"
50,Fullerton,3,FTF + FTT,08231 + 08232,Child Development,"Arts, Entertainment, & Recreation",,,,,,
50,Fullerton,3,FTF + FTT,08231 + 08232,Child Development,Other Services,,,,,,
50,Fullerton,3,FTF + FTT,08231 + 08232,Child Development,Government,7,"$52,679","$53,410",,,
50,Fullerton,3,FTF + FTT,08231 + 08232,Child Development,No Wages,113,,,148,,
50,Fullerton,3,FTF + FTT,08231 + 08232,Child Development,Wages - No NAICS Code,,,,,,
50,Fullerton,3,FTF + FTT,08351,Kinesiology,Utilities,,,,,,
50,Fullerton,3,FTF + FTT,08351,Kinesiology,Manufacturing,,,,,,
50,Fullerton,3,FTF + FTT,08351,Kinesiology,Wholesale Trade,,,,,,
50,Fullerton,3,FTF + FTT,08351,Kinesiology,Retail Trade,,,,,,
50,Fullerton,3,FTF + FTT,08351,Kinesiology,Information,,,,,,
50,Fullerton,3,FTF + FTT,08351,Kinesiology,Finance & Insurance,,,,,,
50,Fullerton,3,FTF + FTT,08351,Kinesiology,"Professional, Scientific, & Technical Skills",,,,,,
50,Fullerton,3,FTF + FTT,08351,Kinesiology,Management of Companies & Enterprises,,,,,,
50,Fullerton,3,FTF + FTT,08351,Kinesiology,Admin & Support & Waste Mgmt & Remediation,,,,,,
50,Fullerton,3,FTF + FTT,08351,Kinesiology,Educational Services,14,"$45,988","$38,281",5,"$77,259","$72,070"
50,Fullerton,3,FTF + FTT,08351,Kinesiology,Health Care & Social Assistance,14,"$45,673","$58,139",,,
50,Fullerton,3,FTF + FTT,08351,Kinesiology,"Arts, Entertainment, & Recreation",,,,,,
50,Fullerton,3,FTF + FTT,08351,Kinesiology,Accommodation & Food Services,5,"$17,166","$39,734",,,
50,Fullerton,3,FTF + FTT,08351,Kinesiology,Other Services,,,,,,
50,Fullerton,3,FTF + FTT,08351,Kinesiology,Government,,,,,,
50,Fullerton,3,FTF + FTT,08351,Kinesiology,No Wages,138,,,178,,
50,Fullerton,3,FTF + FTT,08351,Kinesiology,Wages - No NAICS Code,,,,,,
50,Fullerton,3,FTF + FTT,09011 + 09012 + 09013,Engineering,Mining,,,,,,
50,Fullerton,3,FTF + FTT,09011 + 09012 + 09013,Engineering,Manufacturing,5,"$63,831","$72,494",,,
50,Fullerton,3,FTF + FTT,09011 + 09012 + 09013,Engineering,Wholesale Trade,,,,,,
50,Fullerton,3,FTF + FTT,09011 + 09012 + 09013,Engineering,Retail Trade,,,,,,
50,Fullerton,3,FTF + FTT,09011 + 09012 + 09013,Engineering,Transportation & Warehousing,,,,,,
50,Fullerton,3,FTF + FTT,09011 + 09012 + 09013,Engineering,Finance & Insurance,,,,,,
50,Fullerton,3,FTF + FTT,09011 + 09012 + 09013,Engineering,Real Estate & Rental & Leasing,,,,,,
50,Fullerton,3,FTF + FTT,09011 + 09012 + 09013,Engineering,"Professional, Scientific, & Technical Skills",,,,,,
50,Fullerton,3,FTF + FTT,09011 + 09012 + 09013,Engineering,Admin & Support & Waste Mgmt & Remediation,,,,,,
50,Fullerton,3,FTF + FTT,09011 + 09012 + 09013,Engineering,Educational Services,,,,,,
50,Fullerton,3,FTF + FTT,09011 + 09012 + 09013,Engineering,Health Care & Social Assistance,,,,,,
50,Fullerton,3,FTF + FTT,09011 + 09012 + 09013,Engineering,Accommodation & Food Services,,,,,,
50,Fullerton,3,FTF + FTT,09011 + 09012 + 09013,Engineering,Other Services,,,,,,
50,Fullerton,3,FTF + FTT,09011 + 09012 + 09013,Engineering,Government,,,,,,
50,Fullerton,3,FTF + FTT,09011 + 09012 + 09013,Engineering,No Wages,49,,,79,,
50,Fullerton,3,FTF + FTT,09011 + 09012 + 09013,Engineering,Wages - No NAICS Code,,,,,,
50,Fullerton,3,FTF + FTT,09081,Civil Engineering,Utilities,,,,,,
50,Fullerton,3,FTF + FTT,09081,Civil Engineering,Construction,,,,,,
50,Fullerton,3,FTF + FTT,09081,Civil Engineering,Manufacturing,,,,,,
50,Fullerton,3,FTF + FTT,09081,Civil Engineering,Wholesale Trade,,,,,,
50,Fullerton,3,FTF + FTT,09081,Civil Engineering,Retail Trade,,,,,,
50,Fullerton,3,FTF + FTT,09081,Civil Engineering,Finance & Insurance,,,,,,
50,Fullerton,3,FTF + FTT,09081,Civil Engineering,Real Estate & Rental & Leasing,,,,,,
50,Fullerton,3,FTF + FTT,09081,Civil Engineering,"Professional, Scientific, & Technical Skills",,,,,,
50,Fullerton,3,FTF + FTT,09081,Civil Engineering,Educational Services,,,,,,
50,Fullerton,3,FTF + FTT,09081,Civil Engineering,Health Care & Social Assistance,,,,,,
50,Fullerton,3,FTF + FTT,09081,Civil Engineering,"Arts, Entertainment, & Recreation",,,,,,
50,Fullerton,3,FTF + FTT,09081,Civil Engineering,Government,,,,,,
50,Fullerton,3,FTF + FTT,09081,Civil Engineering,No Wages,49,,,68,,
50,Fullerton,3,FTF + FTT,09081,Civil Engineering,Wages - No NAICS Code,,,,,,
50,Fullerton,3,FTF + FTT,09091,Electrical Engineering,Utilities,,,,,,
50,Fullerton,3,FTF + FTT,09091,Electrical Engineering,Manufacturing,10,"$70,318","$73,388",7,"$90,505","$93,770"
50,Fullerton,3,FTF + FTT,09091,Electrical Engineering,Wholesale Trade,,,,,,
50,Fullerton,3,FTF + FTT,09091,Electrical Engineering,Retail Trade,,,,,,
50,Fullerton,3,FTF + FTT,09091,Electrical Engineering,Finance & Insurance,,,,,,
50,Fullerton,3,FTF + FTT,09091,Electrical Engineering,Real Estate & Rental & Leasing,,,,,,
50,Fullerton,3,FTF + FTT,09091,Electrical Engineering,"Professional, Scientific, & Technical Skills",,,,,,
50,Fullerton,3,FTF + FTT,09091,Electrical Engineering,Admin & Support & Waste Mgmt & Remediation,,,,,,
50,Fullerton,3,FTF + FTT,09091,Electrical Engineering,Other Services,,,,,,
50,Fullerton,3,FTF + FTT,09091,Electrical Engineering,Government,,,,,,
50,Fullerton,3,FTF + FTT,09091,Electrical Engineering,No Wages,35,,,45,,
50,Fullerton,3,FTF + FTT,09091,Electrical Engineering,Wages - No NAICS Code,,,,,,
50,Fullerton,3,FTF + FTT,09094,Computer Engineering,"Professional, Scientific, & Technical Skills",,,,,,
50,Fullerton,3,FTF + FTT,09094,Computer Engineering,Health Care & Social Assistance,,,,,,
50,Fullerton,3,FTF + FTT,09094,Computer Engineering,Other Services,,,,,,
50,Fullerton,3,FTF + FTT,09094,Computer Engineering,No Wages,23,,,27,,
50,Fullerton,3,FTF + FTT,09101,Mechanical Engineering,Construction,,,,,,
50,Fullerton,3,FTF + FTT,09101,Mechanical Engineering,Manufacturing,5,"$90,177","$76,560",,,
50,Fullerton,3,FTF + FTT,09101,Mechanical Engineering,Wholesale Trade,,,,,,
50,Fullerton,3,FTF + FTT,09101,Mechanical Engineering,Retail Trade,,,,,,
50,Fullerton,3,FTF + FTT,09101,Mechanical Engineering,Transportation & Warehousing,,,,,,
50,Fullerton,3,FTF + FTT,09101,Mechanical Engineering,Finance & Insurance,,,,,,
50,Fullerton,3,FTF + FTT,09101,Mechanical Engineering,Real Estate & Rental & Leasing,,,,,,
50,Fullerton,3,FTF + FTT,09101,Mechanical Engineering,"Professional, Scientific, & Technical Skills",,,,,,
50,Fullerton,3,FTF + FTT,09101,Mechanical Engineering,Admin & Support & Waste Mgmt & Remediation,,,,,,
50,Fullerton,3,FTF + FTT,09101,Mechanical Engineering,Educational Services,,,,,,
50,Fullerton,3,FTF + FTT,09101,Mechanical Engineering,Accommodation & Food Services,,,,,,
50,Fullerton,3,FTF + FTT,09101,Mechanical Engineering,Government,,,,,,
50,Fullerton,3,FTF + FTT,09101,Mechanical Engineering,No Wages,54,,,74,,
50,Fullerton,3,FTF + FTT,09101,Mechanical Engineering,Wages - No NAICS Code,,,,,,
50,Fullerton,3,FTF + FTT,10021 + 10022,Art,"Agriculture, Forestry, Fishing, & Hunting",,,,,,
50,Fullerton,3,FTF + FTT,10021 + 10022,Art,Construction,,,,,,
50,Fullerton,3,FTF + FTT,10021 + 10022,Art,Manufacturing,8,"$48,730","$46,959",,,
50,Fullerton,3,FTF + FTT,10021 + 10022,Art,Wholesale Trade,7,"$62,951","$62,779",,,
50,Fullerton,3,FTF + FTT,10021 + 10022,Art,Retail Trade,12,"$42,999","$41,917",,,
50,Fullerton,3,FTF + FTT,10021 + 10022,Art,Transportation & Warehousing,,,,,,
50,Fullerton,3,FTF + FTT,10021 + 10022,Art,Information,17,"$84,234","$77,894",6,"$86,333","$94,638"
50,Fullerton,3,FTF + FTT,10021 + 10022,Art,Finance & Insurance,7,"$81,766","$83,170",,,
50,Fullerton,3,FTF + FTT,10021 + 10022,Art,Real Estate & Rental & Leasing,,,,,,
50,Fullerton,3,FTF + FTT,10021 + 10022,Art,"Professional, Scientific, & Technical Skills",12,"$60,849","$58,724",7,"$61,653","$67,060"
50,Fullerton,3,FTF + FTT,10021 + 10022,Art,Management of Companies & Enterprises,,,,,,
50,Fullerton,3,FTF + FTT,10021 + 10022,Art,Admin & Support & Waste Mgmt & Remediation,7,"$18,874","$27,262",,,
50,Fullerton,3,FTF + FTT,10021 + 10022,Art,Educational Services,9,"$26,289","$28,646",5,"$60,902","$43,933"
50,Fullerton,3,FTF + FTT,10021 + 10022,Art,Health Care & Social Assistance,8,"$28,732","$38,065",,,
50,Fullerton,3,FTF + FTT,10021 + 10022,Art,"Arts, Entertainment, & Recreation",,,,,,
50,Fullerton,3,FTF + FTT,10021 + 10022,Art,Accommodation & Food Services,8,"$29,375","$32,970",,,
50,Fullerton,3,FTF + FTT,10021 + 10022,Art,Other Services,,,,,,
50,Fullerton,3,FTF + FTT,10021 + 10022,Art,Government,8,"$52,416","$53,934",,,
50,Fullerton,3,FTF + FTT,10021 + 10022,Art,No Wages,182,,,263,,
50,Fullerton,3,FTF + FTT,10021 + 10022,Art,Wages - No NAICS Code,9,"$15,922","$47,354",,,
50,Fullerton,3,FTF + FTT,10031,Art History,Retail Trade,,,,,,
50,Fullerton,3,FTF + FTT,10031,Art History,Educational Services,,,,,,
50,Fullerton,3,FTF + FTT,10031,Art History,Accommodation & Food Services,,,,,,
50,Fullerton,3,FTF + FTT,10031,Art History,Government,,,,,,
50,Fullerton,3,FTF + FTT,10031,Art History,No Wages,,,,8,,
50,Fullerton,3,FTF + FTT,10051,Music,Construction,,,,,,
50,Fullerton,3,FTF + FTT,10051,Music,Retail Trade,,,,,,
50,Fullerton,3,FTF + FTT,10051,Music,Information,,,,,,
50,Fullerton,3,FTF + FTT,10051,Music,Finance & Insurance,,,,,,
50,Fullerton,3,FTF + FTT,10051,Music,Real Estate & Rental & Leasing,,,,,,
50,Fullerton,3,FTF + FTT,10051,Music,"Professional, Scientific, & Technical Skills",,,,,,
50,Fullerton,3,FTF + FTT,10051,Music,Admin & Support & Waste Mgmt & Remediation,,,,,,
50,Fullerton,3,FTF + FTT,10051,Music,Educational Services,6,"$34,331","$36,568",,,
50,Fullerton,3,FTF + FTT,10051,Music,"Arts, Entertainment, & Recreation",,,,,,
50,Fullerton,3,FTF + FTT,10051,Music,Accommodation & Food Services,,,,,,
50,Fullerton,3,FTF + FTT,10051,Music,Other Services,,,,,,
50,Fullerton,3,FTF + FTT,10051,Music,No Wages,53,,,71,,
50,Fullerton,3,FTF + FTT,10051,Music,Wages - No NAICS Code,,,,,,
50,Fullerton,3,FTF + FTT,10052,Music Education,Finance & Insurance,,,,,,
50,Fullerton,3,FTF + FTT,10052,Music Education,Real Estate & Rental & Leasing,,,,,,
50,Fullerton,3,FTF + FTT,10052,Music Education,"Professional, Scientific, & Technical Skills",,,,,,
50,Fullerton,3,FTF + FTT,10052,Music Education,Educational Services,5,"$58,844","$52,907",,,
50,Fullerton,3,FTF + FTT,10052,Music Education,Health Care & Social Assistance,,,,,,
50,Fullerton,3,FTF + FTT,10052,Music Education,Other Services,,,,,,
50,Fullerton,3,FTF + FTT,10052,Music Education,No Wages,23,,,30,,
50,Fullerton,3,FTF + FTT,10071,Theatre Arts,Construction,,,,,,
50,Fullerton,3,FTF + FTT,10071,Theatre Arts,Manufacturing,,,,,,
50,Fullerton,3,FTF + FTT,10071,Theatre Arts,Wholesale Trade,6,"$62,033","$55,204",,,
50,Fullerton,3,FTF + FTT,10071,Theatre Arts,Retail Trade,5,"$42,294","$36,613",,,
50,Fullerton,3,FTF + FTT,10071,Theatre Arts,Transportation & Warehousing,,,,,,
50,Fullerton,3,FTF + FTT,10071,Theatre Arts,Information,9,"$54,206","$52,540",5,"$75,160","$63,654"
50,Fullerton,3,FTF + FTT,10071,Theatre Arts,Finance & Insurance,,,,,,
50,Fullerton,3,FTF + FTT,10071,Theatre Arts,Real Estate & Rental & Leasing,,,,,,
50,Fullerton,3,FTF + FTT,10071,Theatre Arts,"Professional, Scientific, & Technical Skills",6,"$41,660","$57,152",,,
50,Fullerton,3,FTF + FTT,10071,Theatre Arts,Admin & Support & Waste Mgmt & Remediation,,,,,,
50,Fullerton,3,FTF + FTT,10071,Theatre Arts,Educational Services,22,"$30,493","$29,260",6,"$45,924","$40,810"
50,Fullerton,3,FTF + FTT,10071,Theatre Arts,Health Care & Social Assistance,,,,,,
50,Fullerton,3,FTF + FTT,10071,Theatre Arts,"Arts, Entertainment, & Recreation",6,"$18,707","$25,204",,,
50,Fullerton,3,FTF + FTT,10071,Theatre Arts,Accommodation & Food Services,12,"$26,239","$26,223",,,
50,Fullerton,3,FTF + FTT,10071,Theatre Arts,Other Services,,,,,,
50,Fullerton,3,FTF + FTT,10071,Theatre Arts,Non-Classified,,,,,,
50,Fullerton,3,FTF + FTT,10071,Theatre Arts,Government,,,,,,
50,Fullerton,3,FTF + FTT,10071,Theatre Arts,No Wages,131,,,197,,
50,Fullerton,3,FTF + FTT,10071,Theatre Arts,Wages - No NAICS Code,,,,,,
50,Fullerton,3,FTF + FTT,10072,Theatre Arts - Performance,"Arts, Entertainment, & Recreation",,,,,,
50,Fullerton,3,FTF + FTT,10072,Theatre Arts - Performance,No Wages,,,,,,
50,Fullerton,3,FTF + FTT,10081,Dance,Finance & Insurance,,,,,,
50,Fullerton,3,FTF + FTT,10081,Dance,"Professional, Scientific, & Technical Skills",,,,,,
50,Fullerton,3,FTF + FTT,10081,Dance,Admin & Support & Waste Mgmt & Remediation,,,,,,
50,Fullerton,3,FTF + FTT,10081,Dance,Educational Services,,,,,,
50,Fullerton,3,FTF + FTT,10081,Dance,Health Care & Social Assistance,,,,,,
50,Fullerton,3,FTF + FTT,10081,Dance,Accommodation & Food Services,,,,,,
50,Fullerton,3,FTF + FTT,10081,Dance,No Wages,24,,,30,,
50,Fullerton,3,FTF + FTT,11021,French,Information,,,,,,
50,Fullerton,3,FTF + FTT,11021,French,Accommodation & Food Services,,,,,,
50,Fullerton,3,FTF + FTT,11021,French,Other Services,,,,,,
50,Fullerton,3,FTF + FTT,11021,French,No Wages,7,,,7,,
50,Fullerton,3,FTF + FTT,11021,French,Wages - No NAICS Code,,,,,,
50,Fullerton,3,FTF + FTT,11031,German,Wholesale Trade,,,,,,
50,Fullerton,3,FTF + FTT,11051,Spanish,Wholesale Trade,,,,,,
50,Fullerton,3,FTF + FTT,11051,Spanish,Transportation & Warehousing,,,,,,
50,Fullerton,3,FTF + FTT,11051,Spanish,Information,,,,,,
50,Fullerton,3,FTF + FTT,11051,Spanish,Finance & Insurance,,,,,,
50,Fullerton,3,FTF + FTT,11051,Spanish,Admin & Support & Waste Mgmt & Remediation,,,,,,
50,Fullerton,3,FTF + FTT,11051,Spanish,Educational Services,,,,,,
50,Fullerton,3,FTF + FTT,11051,Spanish,Health Care & Social Assistance,,,,,,
50,Fullerton,3,FTF + FTT,11051,Spanish,Accommodation & Food Services,,,,,,
50,Fullerton,3,FTF + FTT,11051,Spanish,Government,,,,,,
50,Fullerton,3,FTF + FTT,11051,Spanish,No Wages,13,,,16,,
50,Fullerton,3,FTF + FTT,11081,Japanese,Educational Services,,,,,,
50,Fullerton,3,FTF + FTT,11081,Japanese,Health Care & Social Assistance,,,,,,
50,Fullerton,3,FTF + FTT,11081,Japanese,"Arts, Entertainment, & Recreation",,,,,,
50,Fullerton,3,FTF + FTT,11081,Japanese,No Wages,10,,,14,,
50,Fullerton,3,FTF + FTT,12011,Health Science,Manufacturing,,,,,,
50,Fullerton,3,FTF + FTT,12011,Health Science,Wholesale Trade,,,,,,
50,Fullerton,3,FTF + FTT,12011,Health Science,Retail Trade,,,,,,
50,Fullerton,3,FTF + FTT,12011,Health Science,Finance & Insurance,,,,,,
50,Fullerton,3,FTF + FTT,12011,Health Science,Real Estate & Rental & Leasing,,,,,,
50,Fullerton,3,FTF + FTT,12011,Health Science,"Professional, Scientific, & Technical Skills",,,,,,
50,Fullerton,3,FTF + FTT,12011,Health Science,Admin & Support & Waste Mgmt & Remediation,,,,,,
50,Fullerton,3,FTF + FTT,12011,Health Science,Educational Services,,,,,,
50,Fullerton,3,FTF + FTT,12011,Health Science,Health Care & Social Assistance,,,,,,
50,Fullerton,3,FTF + FTT,12011,Health Science,"Arts, Entertainment, & Recreation",,,,,,
50,Fullerton,3,FTF + FTT,12011,Health Science,Other Services,,,,,,
50,Fullerton,3,FTF + FTT,12011,Health Science,Government,,,,,,
50,Fullerton,3,FTF + FTT,12011,Health Science,No Wages,68,,,76,,
50,Fullerton,3,FTF + FTT,12011,Health Science,Wages - No NAICS Code,,,,,,
50,Fullerton,3,FTF + FTT,12201,Communicative Disorders,Wholesale Trade,,,,,,
50,Fullerton,3,FTF + FTT,12201,Communicative Disorders,Finance & Insurance,,,,,,
50,Fullerton,3,FTF + FTT,12201,Communicative Disorders,Real Estate & Rental & Leasing,,,,,,
50,Fullerton,3,FTF + FTT,12201,Communicative Disorders,"Professional, Scientific, & Technical Skills",,,,,,
50,Fullerton,3,FTF + FTT,12201,Communicative Disorders,Educational Services,,,,,,
50,Fullerton,3,FTF + FTT,12201,Communicative Disorders,Health Care & Social Assistance,,,,,,
50,Fullerton,3,FTF + FTT,12201,Communicative Disorders,No Wages,27,,,33,,
50,Fullerton,3,FTF + FTT,15011,English,Construction,,,,,,
50,Fullerton,3,FTF + FTT,15011,English,Manufacturing,,,,,,
50,Fullerton,3,FTF + FTT,15011,English,Wholesale Trade,,,,,,
50,Fullerton,3,FTF + FTT,15011,English,Retail Trade,7,"$58,286","$61,728",,,
50,Fullerton,3,FTF + FTT,15011,English,Transportation & Warehousing,,,,,,
50,Fullerton,3,FTF + FTT,15011,English,Information,5,"$40,404","$37,982",,,
50,Fullerton,3,FTF + FTT,15011,English,Finance & Insurance,,,,,,
50,Fullerton,3,FTF + FTT,15011,English,Real Estate & Rental & Leasing,,,,,,
50,Fullerton,3,FTF + FTT,15011,English,"Professional, Scientific, & Technical Skills",7,"$42,091","$42,822",,,
50,Fullerton,3,FTF + FTT,15011,English,Admin & Support & Waste Mgmt & Remediation,,,,,,
50,Fullerton,3,FTF + FTT,15011,English,Educational Services,17,"$41,373","$41,154",10,"$58,937","$55,899"
50,Fullerton,3,FTF + FTT,15011,English,Health Care & Social Assistance,5,"$38,600","$46,762",,,
50,Fullerton,3,FTF + FTT,15011,English,"Arts, Entertainment, & Recreation",,,,,,
50,Fullerton,3,FTF + FTT,15011,English,Accommodation & Food Services,,,,,,
50,Fullerton,3,FTF + FTT,15011,English,Other Services,,,,,,
50,Fullerton,3,FTF + FTT,15011,English,Government,6,"$51,775","$48,169",5,"$49,695","$45,337"
50,Fullerton,3,FTF + FTT,15011,English,No Wages,91,,,128,,
50,Fullerton,3,FTF + FTT,15011,English,Wages - No NAICS Code,,,,,,
50,Fullerton,3,FTF + FTT,15031,Comparative Literature,Information,,,,,,
50,Fullerton,3,FTF + FTT,15031,Comparative Literature,Educational Services,,,,,,
50,Fullerton,3,FTF + FTT,15031,Comparative Literature,No Wages,,,,,,
50,Fullerton,3,FTF + FTT,15051,Linguistics,Finance & Insurance,,,,,,
50,Fullerton,3,FTF + FTT,15051,Linguistics,"Professional, Scientific, & Technical Skills",,,,,,
50,Fullerton,3,FTF + FTT,15051,Linguistics,Admin & Support & Waste Mgmt & Remediation,,,,,,
50,Fullerton,3,FTF + FTT,15051,Linguistics,Educational Services,,,,,,
50,Fullerton,3,FTF + FTT,15051,Linguistics,Accommodation & Food Services,,,,,,
50,Fullerton,3,FTF + FTT,15051,Linguistics,Non-Classified,,,,,,
50,Fullerton,3,FTF + FTT,15051,Linguistics,Government,,,,,,
50,Fullerton,3,FTF + FTT,15051,Linguistics,No Wages,,,,5,,
50,Fullerton,3,FTF + FTT,15061,Speech Communication,Transportation & Warehousing,,,,,,
50,Fullerton,3,FTF + FTT,15061,Speech Communication,Information,,,,,,
50,Fullerton,3,FTF + FTT,15061,Speech Communication,Finance & Insurance,,,,,,
50,Fullerton,3,FTF + FTT,15061,Speech Communication,Real Estate & Rental & Leasing,,,,,,
50,Fullerton,3,FTF + FTT,15061,Speech Communication,"Professional, Scientific, & Technical Skills",,,,,,
50,Fullerton,3,FTF + FTT,15061,Speech Communication,Educational Services,,,,,,
50,Fullerton,3,FTF + FTT,15061,Speech Communication,Health Care & Social Assistance,,,,,,
50,Fullerton,3,FTF + FTT,15061,Speech Communication,Government,,,,,,
50,Fullerton,3,FTF + FTT,15061,Speech Communication,No Wages,20,,,27,,
50,Fullerton,3,FTF + FTT,15091,Philosophy,Construction,,,,,,
50,Fullerton,3,FTF + FTT,15091,Philosophy,Wholesale Trade,,,,,,
50,Fullerton,3,FTF + FTT,15091,Philosophy,Retail Trade,,,,,,
50,Fullerton,3,FTF + FTT,15091,Philosophy,Transportation & Warehousing,,,,,,
50,Fullerton,3,FTF + FTT,15091,Philosophy,Management of Companies & Enterprises,,,,,,
50,Fullerton,3,FTF + FTT,15091,Philosophy,Admin & Support & Waste Mgmt & Remediation,,,,,,
50,Fullerton,3,FTF + FTT,15091,Philosophy,Health Care & Social Assistance,,,,,,
50,Fullerton,3,FTF + FTT,15091,Philosophy,"Arts, Entertainment, & Recreation",,,,,,
50,Fullerton,3,FTF + FTT,15091,Philosophy,Other Services,,,,,,
50,Fullerton,3,FTF + FTT,15091,Philosophy,Government,,,,,,
50,Fullerton,3,FTF + FTT,15091,Philosophy,No Wages,14,,,21,,
50,Fullerton,3,FTF + FTT,15091,Philosophy,Wages - No NAICS Code,,,,,,
50,Fullerton,3,FTF + FTT,15101,Religious Studies,Health Care & Social Assistance,,,,,,
50,Fullerton,3,FTF + FTT,15101,Religious Studies,No Wages,6,,,7,,
50,Fullerton,3,FTF + FTT,17011,Mathematics,Manufacturing,,,,,,
50,Fullerton,3,FTF + FTT,17011,Mathematics,Wholesale Trade,,,,,,
50,Fullerton,3,FTF + FTT,17011,Mathematics,Retail Trade,,,,,,
50,Fullerton,3,FTF + FTT,17011,Mathematics,Transportation & Warehousing,,,,,,
50,Fullerton,3,FTF + FTT,17011,Mathematics,Finance & Insurance,,,,,,
50,Fullerton,3,FTF + FTT,17011,Mathematics,"Professional, Scientific, & Technical Skills",,,,,,
50,Fullerton,3,FTF + FTT,17011,Mathematics,Admin & Support & Waste Mgmt & Remediation,,,,,,
50,Fullerton,3,FTF + FTT,17011,Mathematics,Educational Services,12,"$53,539","$46,209",8,"$65,710","$68,285"
50,Fullerton,3,FTF + FTT,17011,Mathematics,Health Care & Social Assistance,,,,,,
50,Fullerton,3,FTF + FTT,17011,Mathematics,"Arts, Entertainment, & Recreation",,,,,,
50,Fullerton,3,FTF + FTT,17011,Mathematics,Accommodation & Food Services,,,,,,
50,Fullerton,3,FTF + FTT,17011,Mathematics,Other Services,,,,,,
50,Fullerton,3,FTF + FTT,17011,Mathematics,Government,,,,,,
50,Fullerton,3,FTF + FTT,17011,Mathematics,No Wages,41,,,57,,
50,Fullerton,3,FTF + FTT,17011,Mathematics,Wages - No NAICS Code,,,,,,
50,Fullerton,3,FTF + FTT,17021,Statistics,No Wages,,,,,,
50,Fullerton,3,FTF + FTT,17031,Applied Mathematics,Finance & Insurance,,,,,,
50,Fullerton,3,FTF + FTT,17031,Applied Mathematics,Government,,,,,,
50,Fullerton,3,FTF + FTT,17031,Applied Mathematics,No Wages,5,,,8,,
50,Fullerton,3,FTF + FTT,19021,Physics,Admin & Support & Waste Mgmt & Remediation,,,,,,
50,Fullerton,3,FTF + FTT,19021,Physics,No Wages,8,,,9,,
50,Fullerton,3,FTF + FTT,19051,Chemistry,Manufacturing,,,,,,
50,Fullerton,3,FTF + FTT,19051,Chemistry,Wholesale Trade,,,,,,
50,Fullerton,3,FTF + FTT,19051,Chemistry,Retail Trade,,,,,,
50,Fullerton,3,FTF + FTT,19051,Chemistry,Transportation & Warehousing,,,,,,
50,Fullerton,3,FTF + FTT,19051,Chemistry,Finance & Insurance,,,,,,
50,Fullerton,3,FTF + FTT,19051,Chemistry,"Professional, Scientific, & Technical Skills",,,,,,
50,Fullerton,3,FTF + FTT,19051,Chemistry,Educational Services,,,,,,
50,Fullerton,3,FTF + FTT,19051,Chemistry,Health Care & Social Assistance,,,,,,
50,Fullerton,3,FTF + FTT,19051,Chemistry,Other Services,,,,,,
50,Fullerton,3,FTF + FTT,19051,Chemistry,No Wages,25,,,31,,
50,Fullerton,3,FTF + FTT,19051,Chemistry,Wages - No NAICS Code,,,,,,
50,Fullerton,3,FTF + FTT,19141,Geology,Manufacturing,,,,,,
50,Fullerton,3,FTF + FTT,19141,Geology,Transportation & Warehousing,,,,,,
50,Fullerton,3,FTF + FTT,19141,Geology,Admin & Support & Waste Mgmt & Remediation,,,,,,
50,Fullerton,3,FTF + FTT,19141,Geology,No Wages,7,,,8,,
50,Fullerton,3,FTF + FTT,20011 + 20013,Psychology,Utilities,,,,,,
50,Fullerton,3,FTF + FTT,20011 + 20013,Psychology,Construction,,,,,,
50,Fullerton,3,FTF + FTT,20011 + 20013,Psychology,Manufacturing,7,"$82,460","$76,824",5,"$141,447","$137,433"
50,Fullerton,3,FTF + FTT,20011 + 20013,Psychology,Wholesale Trade,5,"$71,500","$63,401",5,"$48,597","$69,930"
50,Fullerton,3,FTF + FTT,20011 + 20013,Psychology,Retail Trade,6,"$25,451","$40,590",,,
50,Fullerton,3,FTF + FTT,20011 + 20013,Psychology,Transportation & Warehousing,,,,,,
50,Fullerton,3,FTF + FTT,20011 + 20013,Psychology,Information,,,,,,
50,Fullerton,3,FTF + FTT,20011 + 20013,Psychology,Finance & Insurance,9,"$52,984","$55,892",10,"$53,415","$46,789"
50,Fullerton,3,FTF + FTT,20011 + 20013,Psychology,Real Estate & Rental & Leasing,5,"$63,671","$51,150",,,
50,Fullerton,3,FTF + FTT,20011 + 20013,Psychology,"Professional, Scientific, & Technical Skills",14,"$52,836","$61,416",11,"$37,037","$74,832"
50,Fullerton,3,FTF + FTT,20011 + 20013,Psychology,Management of Companies & Enterprises,,,,,,
50,Fullerton,3,FTF + FTT,20011 + 20013,Psychology,Admin & Support & Waste Mgmt & Remediation,8,"$40,954","$54,168",5,"$57,800","$63,151"
50,Fullerton,3,FTF + FTT,20011 + 20013,Psychology,Educational Services,20,"$43,440","$40,693",10,"$48,221","$45,938"
50,Fullerton,3,FTF + FTT,20011 + 20013,Psychology,Health Care & Social Assistance,23,"$45,911","$58,509",10,"$48,983","$44,331"
50,Fullerton,3,FTF + FTT,20011 + 20013,Psychology,"Arts, Entertainment, & Recreation",,,,,,
50,Fullerton,3,FTF + FTT,20011 + 20013,Psychology,Accommodation & Food Services,7,"$19,779","$30,226",,,
50,Fullerton,3,FTF + FTT,20011 + 20013,Psychology,Other Services,,,,,,
50,Fullerton,3,FTF + FTT,20011 + 20013,Psychology,Government,13,"$57,944","$55,242",6,"$86,385","$88,418"
50,Fullerton,3,FTF + FTT,20011 + 20013,Psychology,No Wages,294,,,358,,
50,Fullerton,3,FTF + FTT,20011 + 20013,Psychology,Wages - No NAICS Code,13,"$8,432","$15,630",5,"$15,161","$28,717"
50,Fullerton,3,FTF + FTT,21021,Public Administration,Transportation & Warehousing,,,,,,
50,Fullerton,3,FTF + FTT,21021,Public Administration,Government,,,,,,
50,Fullerton,3,FTF + FTT,21021,Public Administration,No Wages,7,,,12,,
50,Fullerton,3,FTF + FTT,21042,Human Services,Construction,,,,,,
50,Fullerton,3,FTF + FTT,21042,Human Services,Manufacturing,,,,,,
50,Fullerton,3,FTF + FTT,21042,Human Services,Retail Trade,,,,,,
50,Fullerton,3,FTF + FTT,21042,Human Services,Information,,,,,,
50,Fullerton,3,FTF + FTT,21042,Human Services,Finance & Insurance,,,,,,
50,Fullerton,3,FTF + FTT,21042,Human Services,"Professional, Scientific, & Technical Skills",,,,,,
50,Fullerton,3,FTF + FTT,21042,Human Services,Admin & Support & Waste Mgmt & Remediation,,,,,,
50,Fullerton,3,FTF + FTT,21042,Human Services,Educational Services,5,"$55,597","$43,633",,,
50,Fullerton,3,FTF + FTT,21042,Human Services,Health Care & Social Assistance,,,,,,
50,Fullerton,3,FTF + FTT,21042,Human Services,Other Services,,,,,,
50,Fullerton,3,FTF + FTT,21042,Human Services,Government,,,,,,
50,Fullerton,3,FTF + FTT,21042,Human Services,No Wages,31,,,36,,
50,Fullerton,3,FTF + FTT,21042,Human Services,Wages - No NAICS Code,,,,,,
50,Fullerton,3,FTF + FTT,21051,Criminal Justice,Construction,,,,,,
50,Fullerton,3,FTF + FTT,21051,Criminal Justice,Manufacturing,,,,,,
50,Fullerton,3,FTF + FTT,21051,Criminal Justice,Wholesale Trade,,,,,,
50,Fullerton,3,FTF + FTT,21051,Criminal Justice,Retail Trade,5,"$64,303","$64,768",,,
50,Fullerton,3,FTF + FTT,21051,Criminal Justice,Transportation & Warehousing,,,,,,
50,Fullerton,3,FTF + FTT,21051,Criminal Justice,Information,,,,,,
50,Fullerton,3,FTF + FTT,21051,Criminal Justice,Finance & Insurance,7,"$52,001","$65,000",,,
50,Fullerton,3,FTF + FTT,21051,Criminal Justice,Real Estate & Rental & Leasing,,,,,,
50,Fullerton,3,FTF + FTT,21051,Criminal Justice,"Professional, Scientific, & Technical Skills",5,"$57,007","$64,887",,,
50,Fullerton,3,FTF + FTT,21051,Criminal Justice,Management of Companies & Enterprises,,,,,,
50,Fullerton,3,FTF + FTT,21051,Criminal Justice,Admin & Support & Waste Mgmt & Remediation,5,"$36,744","$38,851",,,
50,Fullerton,3,FTF + FTT,21051,Criminal Justice,Educational Services,9,"$38,576","$37,356",7,"$61,543","$56,207"
50,Fullerton,3,FTF + FTT,21051,Criminal Justice,Health Care & Social Assistance,12,"$34,799","$32,195",,,
50,Fullerton,3,FTF + FTT,21051,Criminal Justice,"Arts, Entertainment, & Recreation",,,,,,
50,Fullerton,3,FTF + FTT,21051,Criminal Justice,Accommodation & Food Services,,,,,,
50,Fullerton,3,FTF + FTT,21051,Criminal Justice,Other Services,,,,,,
50,Fullerton,3,FTF + FTT,21051,Criminal Justice,Government,19,"$102,602","$96,801",11,"$97,433","$105,319"
50,Fullerton,3,FTF + FTT,21051,Criminal Justice,No Wages,133,,,185,,
50,Fullerton,3,FTF + FTT,21051,Criminal Justice,Wages - No NAICS Code,5,"$48,255","$82,966",,,
50,Fullerton,3,FTF + FTT,22021,Anthropology,Manufacturing,,,,,,
50,Fullerton,3,FTF + FTT,22021,Anthropology,Information,,,,,,
50,Fullerton,3,FTF + FTT,22021,Anthropology,"Professional, Scientific, & Technical Skills",,,,,,
50,Fullerton,3,FTF + FTT,22021,Anthropology,Admin & Support & Waste Mgmt & Remediation,,,,,,
50,Fullerton,3,FTF + FTT,22021,Anthropology,Educational Services,,,,,,
50,Fullerton,3,FTF + FTT,22021,Anthropology,Health Care & Social Assistance,,,,,,
50,Fullerton,3,FTF + FTT,22021,Anthropology,"Arts, Entertainment, & Recreation",,,,,,
50,Fullerton,3,FTF + FTT,22021,Anthropology,Accommodation & Food Services,,,,,,
50,Fullerton,3,FTF + FTT,22021,Anthropology,Other Services,,,,,,
50,Fullerton,3,FTF + FTT,22021,Anthropology,No Wages,11,,,16,,
50,Fullerton,3,FTF + FTT,22021,Anthropology,Wages - No NAICS Code,,,,,,
50,Fullerton,3,FTF + FTT,22041,Economics,Retail Trade,,,,,,
50,Fullerton,3,FTF + FTT,22041,Economics,Finance & Insurance,,,,,,
50,Fullerton,3,FTF + FTT,22041,Economics,Real Estate & Rental & Leasing,,,,,,
50,Fullerton,3,FTF + FTT,22041,Economics,"Professional, Scientific, & Technical Skills",,,,,,
50,Fullerton,3,FTF + FTT,22041,Economics,Accommodation & Food Services,,,,,,
50,Fullerton,3,FTF + FTT,22041,Economics,No Wages,31,,,31,,
50,Fullerton,3,FTF + FTT,22041,Economics,Wages - No NAICS Code,,,,,,
50,Fullerton,3,FTF + FTT,22051,History,Utilities,,,,,,
50,Fullerton,3,FTF + FTT,22051,History,Construction,,,,,,
50,Fullerton,3,FTF + FTT,22051,History,Manufacturing,,,,,,
50,Fullerton,3,FTF + FTT,22051,History,Wholesale Trade,,,,,,
50,Fullerton,3,FTF + FTT,22051,History,Retail Trade,6,"$54,313","$45,859",,,
50,Fullerton,3,FTF + FTT,22051,History,Transportation & Warehousing,,,,,,
50,Fullerton,3,FTF + FTT,22051,History,Information,,,,,,
50,Fullerton,3,FTF + FTT,22051,History,Finance & Insurance,5,"$63,218","$87,530",,,
50,Fullerton,3,FTF + FTT,22051,History,Real Estate & Rental & Leasing,,,,,,
50,Fullerton,3,FTF + FTT,22051,History,"Professional, Scientific, & Technical Skills",,,,,,
50,Fullerton,3,FTF + FTT,22051,History,Admin & Support & Waste Mgmt & Remediation,5,"$32,711","$71,470",,,
50,Fullerton,3,FTF + FTT,22051,History,Educational Services,19,"$39,897","$39,712",8,"$54,686","$54,274"
50,Fullerton,3,FTF + FTT,22051,History,Health Care & Social Assistance,6,"$47,598","$53,485",,,
50,Fullerton,3,FTF + FTT,22051,History,"Arts, Entertainment, & Recreation",,,,,,
50,Fullerton,3,FTF + FTT,22051,History,Accommodation & Food Services,,,,,,
50,Fullerton,3,FTF + FTT,22051,History,Other Services,,,,,,
50,Fullerton,3,FTF + FTT,22051,History,Government,,,,,,
50,Fullerton,3,FTF + FTT,22051,History,No Wages,90,,,127,,
50,Fullerton,3,FTF + FTT,22051,History,Wages - No NAICS Code,7,"$28,358","$28,536",,,
50,Fullerton,3,FTF + FTT,22061 + 22063,Geography,Wholesale Trade,,,,,,
50,Fullerton,3,FTF + FTT,22061 + 22063,Geography,Retail Trade,,,,,,
50,Fullerton,3,FTF + FTT,22061 + 22063,Geography,Information,,,,,,
50,Fullerton,3,FTF + FTT,22061 + 22063,Geography,Finance & Insurance,,,,,,
50,Fullerton,3,FTF + FTT,22061 + 22063,Geography,Real Estate & Rental & Leasing,,,,,,
50,Fullerton,3,FTF + FTT,22061 + 22063,Geography,"Professional, Scientific, & Technical Skills",,,,,,
50,Fullerton,3,FTF + FTT,22061 + 22063,Geography,Health Care & Social Assistance,,,,,,
50,Fullerton,3,FTF + FTT,22061 + 22063,Geography,Accommodation & Food Services,,,,,,
50,Fullerton,3,FTF + FTT,22061 + 22063,Geography,Government,,,,,,
50,Fullerton,3,FTF + FTT,22061 + 22063,Geography,No Wages,10,,,15,,
50,Fullerton,3,FTF + FTT,22071,Political Science,Construction,,,,,,
50,Fullerton,3,FTF + FTT,22071,Political Science,Manufacturing,,,,,,
50,Fullerton,3,FTF + FTT,22071,Political Science,Wholesale Trade,,,,,,
50,Fullerton,3,FTF + FTT,22071,Political Science,Retail Trade,,,,,,
50,Fullerton,3,FTF + FTT,22071,Political Science,Transportation & Warehousing,,,,,,
50,Fullerton,3,FTF + FTT,22071,Political Science,Information,,,,,,
50,Fullerton,3,FTF + FTT,22071,Political Science,Finance & Insurance,,,,,,
50,Fullerton,3,FTF + FTT,22071,Political Science,Real Estate & Rental & Leasing,,,,,,
50,Fullerton,3,FTF + FTT,22071,Political Science,"Professional, Scientific, & Technical Skills",,,,,,
50,Fullerton,3,FTF + FTT,22071,Political Science,Admin & Support & Waste Mgmt & Remediation,,,,,,
50,Fullerton,3,FTF + FTT,22071,Political Science,Educational Services,6,"$29,012","$25,205",,,
50,Fullerton,3,FTF + FTT,22071,Political Science,Health Care & Social Assistance,,,,,,
50,Fullerton,3,FTF + FTT,22071,Political Science,Accommodation & Food Services,,,,,,
50,Fullerton,3,FTF + FTT,22071,Political Science,Other Services,,,,,,
50,Fullerton,3,FTF + FTT,22071,Political Science,Government,,,,,,
50,Fullerton,3,FTF + FTT,22071,Political Science,No Wages,57,,,71,,
50,Fullerton,3,FTF + FTT,22071,Political Science,Wages - No NAICS Code,,,,,,
50,Fullerton,3,FTF + FTT,22081,Sociology,Construction,,,,,,
50,Fullerton,3,FTF + FTT,22081,Sociology,Manufacturing,,,,,,
50,Fullerton,3,FTF + FTT,22081,Sociology,Wholesale Trade,,,,,,
50,Fullerton,3,FTF + FTT,22081,Sociology,Retail Trade,,,,,,
50,Fullerton,3,FTF + FTT,22081,Sociology,Information,,,,,,
50,Fullerton,3,FTF + FTT,22081,Sociology,Finance & Insurance,,,,,,
50,Fullerton,3,FTF + FTT,22081,Sociology,Real Estate & Rental & Leasing,,,,,,
50,Fullerton,3,FTF + FTT,22081,Sociology,"Professional, Scientific, & Technical Skills",,,,,,
50,Fullerton,3,FTF + FTT,22081,Sociology,Management of Companies & Enterprises,,,,,,
50,Fullerton,3,FTF + FTT,22081,Sociology,Admin & Support & Waste Mgmt & Remediation,,,,,,
50,Fullerton,3,FTF + FTT,22081,Sociology,Educational Services,8,"$42,138","$54,159",6,"$60,011","$54,548"
50,Fullerton,3,FTF + FTT,22081,Sociology,Health Care & Social Assistance,,,,,,
50,Fullerton,3,FTF + FTT,22081,Sociology,Accommodation & Food Services,,,,,,
50,Fullerton,3,FTF + FTT,22081,Sociology,Government,,,,,,
50,Fullerton,3,FTF + FTT,22081,Sociology,No Wages,69,,,91,,
50,Fullerton,3,FTF + FTT,22081,Sociology,Wages - No NAICS Code,,,,,,
50,Fullerton,3,FTF + FTT,22111,African-American Studies,No Wages,,,,,,
50,Fullerton,3,FTF + FTT,22131,Mexican-American Studies,Retail Trade,,,,,,
50,Fullerton,3,FTF + FTT,22131,Mexican-American Studies,Health Care & Social Assistance,,,,,,
50,Fullerton,3,FTF + FTT,22131,Mexican-American Studies,Government,,,,,,
50,Fullerton,3,FTF + FTT,22131,Mexican-American Studies,No Wages,,,,,,
50,Fullerton,3,FTF + FTT,22990 + 49991,Women's Studies,No Wages,,,,,,
50,Fullerton,3,FTF + FTT,49012 + 49017,Women's Studies,"Agriculture, Forestry, Fishing, & Hunting",,,,,,
50,Fullerton,3,FTF + FTT,49012 + 49017,Women's Studies,Utilities,,,,,,
50,Fullerton,3,FTF + FTT,49012 + 49017,Women's Studies,Construction,,,,,,
50,Fullerton,3,FTF + FTT,49012 + 49017,Women's Studies,Manufacturing,,,,,,
50,Fullerton,3,FTF + FTT,49012 + 49017,Women's Studies,Wholesale Trade,7,"$75,426","$84,115",,,
50,Fullerton,3,FTF + FTT,49012 + 49017,Women's Studies,Retail Trade,8,"$46,135","$44,807",,,
50,Fullerton,3,FTF + FTT,49012 + 49017,Women's Studies,Transportation & Warehousing,,,,,,
50,Fullerton,3,FTF + FTT,49012 + 49017,Women's Studies,Information,,,,,,
50,Fullerton,3,FTF + FTT,49012 + 49017,Women's Studies,Finance & Insurance,9,"$49,038","$63,612",7,"$76,990","$84,158"
50,Fullerton,3,FTF + FTT,49012 + 49017,Women's Studies,Real Estate & Rental & Leasing,,,,,,
50,Fullerton,3,FTF + FTT,49012 + 49017,Women's Studies,"Professional, Scientific, & Technical Skills",9,"$53,314","$42,476",,,
50,Fullerton,3,FTF + FTT,49012 + 49017,Women's Studies,Admin & Support & Waste Mgmt & Remediation,6,"$40,178","$41,759",,,
50,Fullerton,3,FTF + FTT,49012 + 49017,Women's Studies,Educational Services,35,"$53,611","$45,048",26,"$53,239","$46,566"
50,Fullerton,3,FTF + FTT,49012 + 49017,Women's Studies,Health Care & Social Assistance,15,"$34,231","$44,471",8,"$24,202","$42,465"
50,Fullerton,3,FTF + FTT,49012 + 49017,Women's Studies,"Arts, Entertainment, & Recreation",5,"$19,584","$18,700",,,
50,Fullerton,3,FTF + FTT,49012 + 49017,Women's Studies,Accommodation & Food Services,,,,,,
50,Fullerton,3,FTF + FTT,49012 + 49017,Women's Studies,Other Services,,,,,,
50,Fullerton,3,FTF + FTT,49012 + 49017,Women's Studies,Non-Classified,,,,,,
50,Fullerton,3,FTF + FTT,49012 + 49017,Women's Studies,Government,9,"$86,212","$87,998",6,"$105,338","$87,116"
50,Fullerton,3,FTF + FTT,49012 + 49017,Women's Studies,No Wages,184,,,244,,
50,Fullerton,3,FTF + FTT,49012 + 49017,Women's Studies,Wages - No NAICS Code,8,"$2,441","$7,871",,,
50,Fullerton,3,FTF,00000,Undeclared/Unknown,"Agriculture, Forestry, Fishing, & Hunting",,,,,,
50,Fullerton,3,FTF,00000,Undeclared/Unknown,Utilities,,,,,,
50,Fullerton,3,FTF,00000,Undeclared/Unknown,Construction,17,"$66,082","$68,100",6,"$88,738","$77,135"
50,Fullerton,3,FTF,00000,Undeclared/Unknown,Manufacturing,11,"$69,358","$64,467",6,"$92,561","$125,927"
50,Fullerton,3,FTF,00000,Undeclared/Unknown,Wholesale Trade,23,"$49,232","$55,760",,,
50,Fullerton,3,FTF,00000,Undeclared/Unknown,Retail Trade,20,"$36,402","$38,597",5,"$49,086","$46,328"
50,Fullerton,3,FTF,00000,Undeclared/Unknown,Transportation & Warehousing,,,,,,
50,Fullerton,3,FTF,00000,Undeclared/Unknown,Information,15,"$52,267","$54,234",11,"$77,819","$68,559"
50,Fullerton,3,FTF,00000,Undeclared/Unknown,Finance & Insurance,40,"$59,142","$56,402",14,"$72,465","$74,627"
50,Fullerton,3,FTF,00000,Undeclared/Unknown,Real Estate & Rental & Leasing,9,"$48,161","$42,756",,,
50,Fullerton,3,FTF,00000,Undeclared/Unknown,"Professional, Scientific, & Technical Skills",39,"$55,445","$66,521",16,"$76,716","$119,134"
50,Fullerton,3,FTF,00000,Undeclared/Unknown,Management of Companies & Enterprises,,,,,,
50,Fullerton,3,FTF,00000,Undeclared/Unknown,Admin & Support & Waste Mgmt & Remediation,21,"$39,359","$46,528",,,
50,Fullerton,3,FTF,00000,Undeclared/Unknown,Educational Services,38,"$47,252","$44,156",10,"$81,895","$70,502"
50,Fullerton,3,FTF,00000,Undeclared/Unknown,Health Care & Social Assistance,42,"$57,636","$57,933",10,"$50,958","$54,662"
50,Fullerton,3,FTF,00000,Undeclared/Unknown,"Arts, Entertainment, & Recreation",10,"$16,219","$24,053",,,
50,Fullerton,3,FTF,00000,Undeclared/Unknown,Accommodation & Food Services,29,"$34,356","$35,824",7,"$35,410","$43,046"
50,Fullerton,3,FTF,00000,Undeclared/Unknown,Other Services,12,"$42,777","$44,990",,,
50,Fullerton,3,FTF,00000,Undeclared/Unknown,Non-Classified,,,,,,
50,Fullerton,3,FTF,00000,Undeclared/Unknown,Government,23,"$69,686","$74,676",16,"$93,361","$92,932"
50,Fullerton,3,FTF,00000,Undeclared/Unknown,No Wages,547,,,801,,
50,Fullerton,3,FTF,00000,Undeclared/Unknown,Wages - No NAICS Code,18,"$4,416","$18,371",6,"$53,904","$46,805"
50,Fullerton,3,FTF,00121 + 12031 + 12032,Nursing,Educational Services,,,,,,
50,Fullerton,3,FTF,00121 + 12031 + 12032,Nursing,No Wages,72,,,73,,
50,Fullerton,3,FTF,03101 + 03121 + 03122,European Studies,No Wages,,,,,,
50,Fullerton,3,FTF,03131,American Studies,"Professional, Scientific, & Technical Skills",,,,,,
50,Fullerton,3,FTF,03131,American Studies,Educational Services,,,,,,
50,Fullerton,3,FTF,03131,American Studies,Health Care & Social Assistance,,,,,,
50,Fullerton,3,FTF,03131,American Studies,No Wages,,,,,,
50,Fullerton,3,FTF,04011,Biology,"Agriculture, Forestry, Fishing, & Hunting",,,,,,
50,Fullerton,3,FTF,04011,Biology,Utilities,,,,,,
50,Fullerton,3,FTF,04011,Biology,Manufacturing,,,,,,
50,Fullerton,3,FTF,04011,Biology,Wholesale Trade,7,"$50,191","$61,373",,,
50,Fullerton,3,FTF,04011,Biology,Retail Trade,5,"$25,445","$44,497",,,
50,Fullerton,3,FTF,04011,Biology,Transportation & Warehousing,,,,,,
50,Fullerton,3,FTF,04011,Biology,Information,,,,,,
50,Fullerton,3,FTF,04011,Biology,Finance & Insurance,,,,,,
50,Fullerton,3,FTF,04011,Biology,Real Estate & Rental & Leasing,,,,,,
50,Fullerton,3,FTF,04011,Biology,"Professional, Scientific, & Technical Skills",10,"$44,669","$38,156",,,
50,Fullerton,3,FTF,04011,Biology,Management of Companies & Enterprises,,,,,,
50,Fullerton,3,FTF,04011,Biology,Admin & Support & Waste Mgmt & Remediation,,,,,,
50,Fullerton,3,FTF,04011,Biology,Educational Services,5,"$19,396","$26,842",,,
50,Fullerton,3,FTF,04011,Biology,Health Care & Social Assistance,14,"$57,567","$68,482",,,
50,Fullerton,3,FTF,04011,Biology,"Arts, Entertainment, & Recreation",,,,,,
50,Fullerton,3,FTF,04011,Biology,Accommodation & Food Services,,,,,,
50,Fullerton,3,FTF,04011,Biology,Other Services,,,,,,
50,Fullerton,3,FTF,04011,Biology,Government,,,,,,
50,Fullerton,3,FTF,04011,Biology,No Wages,157,,,204,,
50,Fullerton,3,FTF,04011,Biology,Wages - No NAICS Code,,,,,,
50,Fullerton,3,FTF,04141,Biochemistry,Wholesale Trade,,,,,,
50,Fullerton,3,FTF,04141,Biochemistry,Transportation & Warehousing,,,,,,
50,Fullerton,3,FTF,04141,Biochemistry,Finance & Insurance,,,,,,
50,Fullerton,3,FTF,04141,Biochemistry,Admin & Support & Waste Mgmt & Remediation,,,,,,
50,Fullerton,3,FTF,04141,Biochemistry,Educational Services,,,,,,
50,Fullerton,3,FTF,04141,Biochemistry,Health Care & Social Assistance,,,,,,
50,Fullerton,3,FTF,04141,Biochemistry,Other Services,,,,,,
50,Fullerton,3,FTF,04141,Biochemistry,No Wages,37,,,45,,
50,Fullerton,3,FTF,04141,Biochemistry,Wages - No NAICS Code,,,,,,
50,Fullerton,3,FTF,05011,Business Administration,"Agriculture, Forestry, Fishing, & Hunting",,,,,,
50,Fullerton,3,FTF,05011,Business Administration,Utilities,,,,,,
50,Fullerton,3,FTF,05011,Business Administration,Construction,5,"$71,156","$57,553",,,
50,Fullerton,3,FTF,05011,Business Administration,Manufacturing,12,"$89,889","$79,375",6,"$87,958","$84,912"
50,Fullerton,3,FTF,05011,Business Administration,Wholesale Trade,16,"$43,034","$55,615",,,
50,Fullerton,3,FTF,05011,Business Administration,Retail Trade,22,"$42,365","$46,541",13,"$71,489","$92,752"
50,Fullerton,3,FTF,05011,Business Administration,Transportation & Warehousing,6,"$79,759","$99,650",,,
50,Fullerton,3,FTF,05011,Business Administration,Information,13,"$70,280","$101,264",,,
50,Fullerton,3,FTF,05011,Business Administration,Finance & Insurance,39,"$53,829","$56,182",16,"$81,375","$108,172"
50,Fullerton,3,FTF,05011,Business Administration,Real Estate & Rental & Leasing,20,"$54,323","$62,145",6,"$61,286","$56,654"
50,Fullerton,3,FTF,05011,Business Administration,"Professional, Scientific, & Technical Skills",46,"$65,375","$64,000",20,"$101,499","$99,019"
50,Fullerton,3,FTF,05011,Business Administration,Management of Companies & Enterprises,,,,,,
50,Fullerton,3,FTF,05011,Business Administration,Admin & Support & Waste Mgmt & Remediation,15,"$50,943","$59,112",6,"$58,222","$61,479"
50,Fullerton,3,FTF,05011,Business Administration,Educational Services,11,"$50,100","$51,837",9,"$52,491","$48,216"
50,Fullerton,3,FTF,05011,Business Administration,Health Care & Social Assistance,22,"$61,545","$61,046",13,"$59,001","$61,826"
50,Fullerton,3,FTF,05011,Business Administration,"Arts, Entertainment, & Recreation",6,"$47,395","$50,467",,,
50,Fullerton,3,FTF,05011,Business Administration,Accommodation & Food Services,26,"$29,942","$36,662",,,
50,Fullerton,3,FTF,05011,Business Administration,Other Services,5,"$29,771","$24,594",,,
50,Fullerton,3,FTF,05011,Business Administration,Non-Classified,,,,,,
50,Fullerton,3,FTF,05011,Business Administration,Government,13,"$66,112","$80,041",,,
50,Fullerton,3,FTF,05011,Business Administration,No Wages,442,,,617,,
50,Fullerton,3,FTF,05011,Business Administration,Wages - No NAICS Code,13,"$12,885","$26,775",5,"$11,972","$29,459"
50,Fullerton,3,FTF,05131,International Business,Manufacturing,,,,,,
50,Fullerton,3,FTF,05131,International Business,Wholesale Trade,,,,,,
50,Fullerton,3,FTF,05131,International Business,Retail Trade,,,,,,
50,Fullerton,3,FTF,05131,International Business,Transportation & Warehousing,,,,,,
50,Fullerton,3,FTF,05131,International Business,Information,,,,,,
50,Fullerton,3,FTF,05131,International Business,Finance & Insurance,,,,,,
50,Fullerton,3,FTF,05131,International Business,Real Estate & Rental & Leasing,,,,,,
50,Fullerton,3,FTF,05131,International Business,"Professional, Scientific, & Technical Skills",,,,,,
50,Fullerton,3,FTF,05131,International Business,Admin & Support & Waste Mgmt & Remediation,,,,,,
50,Fullerton,3,FTF,05131,International Business,Educational Services,,,,,,
50,Fullerton,3,FTF,05131,International Business,Health Care & Social Assistance,,,,,,
50,Fullerton,3,FTF,05131,International Business,"Arts, Entertainment, & Recreation",,,,,,
50,Fullerton,3,FTF,05131,International Business,Accommodation & Food Services,,,,,,
50,Fullerton,3,FTF,05131,International Business,Other Services,,,,,,
50,Fullerton,3,FTF,05131,International Business,Government,,,,,,
50,Fullerton,3,FTF,05131,International Business,No Wages,41,,,55,,
50,Fullerton,3,FTF,05131,International Business,Wages - No NAICS Code,,,,,,
50,Fullerton,3,FTF,05992,Public Relations,"Agriculture, Forestry, Fishing, & Hunting",,,,,,
50,Fullerton,3,FTF,05992,Public Relations,Manufacturing,,,,,,
50,Fullerton,3,FTF,05992,Public Relations,Finance & Insurance,,,,,,
50,Fullerton,3,FTF,05992,Public Relations,"Professional, Scientific, & Technical Skills",,,,,,
50,Fullerton,3,FTF,05992,Public Relations,Admin & Support & Waste Mgmt & Remediation,,,,,,
50,Fullerton,3,FTF,05992,Public Relations,"Arts, Entertainment, & Recreation",,,,,,
50,Fullerton,3,FTF,05992,Public Relations,Accommodation & Food Services,,,,,,
50,Fullerton,3,FTF,05992,Public Relations,Other Services,,,,,,
50,Fullerton,3,FTF,05992,Public Relations,No Wages,15,,,23,,
50,Fullerton,3,FTF,06011,Communications,Manufacturing,,,,,,
50,Fullerton,3,FTF,06011,Communications,Wholesale Trade,,,,,,
50,Fullerton,3,FTF,06011,Communications,Retail Trade,,,,,,
50,Fullerton,3,FTF,06011,Communications,Information,,,,,,
50,Fullerton,3,FTF,06011,Communications,Finance & Insurance,,,,,,
50,Fullerton,3,FTF,06011,Communications,Real Estate & Rental & Leasing,,,,,,
50,Fullerton,3,FTF,06011,Communications,"Professional, Scientific, & Technical Skills",10,"$56,761","$59,372",,,
50,Fullerton,3,FTF,06011,Communications,Admin & Support & Waste Mgmt & Remediation,,,,,,
50,Fullerton,3,FTF,06011,Communications,Educational Services,7,"$35,600","$32,984",,,
50,Fullerton,3,FTF,06011,Communications,Health Care & Social Assistance,,,,,,
50,Fullerton,3,FTF,06011,Communications,Accommodation & Food Services,,,,,,
50,Fullerton,3,FTF,06011,Communications,Other Services,,,,,,
50,Fullerton,3,FTF,06011,Communications,Government,5,"$92,310","$93,536",,,
50,Fullerton,3,FTF,06011,Communications,No Wages,77,,,96,,
50,Fullerton,3,FTF,06011,Communications,Wages - No NAICS Code,,,,,,
50,Fullerton,3,FTF,06021 + 06022,Journalism,"Agriculture, Forestry, Fishing, & Hunting",,,,,,
50,Fullerton,3,FTF,06021 + 06022,Journalism,Wholesale Trade,,,,,,
50,Fullerton,3,FTF,06021 + 06022,Journalism,Retail Trade,,,,,,
50,Fullerton,3,FTF,06021 + 06022,Journalism,Information,6,"$46,983","$49,495",,,
50,Fullerton,3,FTF,06021 + 06022,Journalism,Finance & Insurance,,,,,,
50,Fullerton,3,FTF,06021 + 06022,Journalism,"Professional, Scientific, & Technical Skills",,,,,,
50,Fullerton,3,FTF,06021 + 06022,Journalism,Admin & Support & Waste Mgmt & Remediation,,,,,,
50,Fullerton,3,FTF,06021 + 06022,Journalism,Educational Services,5,"$18,736","$27,284",,,
50,Fullerton,3,FTF,06021 + 06022,Journalism,Health Care & Social Assistance,,,,,,
50,Fullerton,3,FTF,06021 + 06022,Journalism,"Arts, Entertainment, & Recreation",,,,,,
50,Fullerton,3,FTF,06021 + 06022,Journalism,Other Services,,,,,,
50,Fullerton,3,FTF,06021 + 06022,Journalism,Non-Classified,,,,,,
50,Fullerton,3,FTF,06021 + 06022,Journalism,No Wages,47,,,64,,
50,Fullerton,3,FTF,06021 + 06022,Journalism,Wages - No NAICS Code,,,,,,
50,Fullerton,3,FTF,06031,Radio/Television/Broadcast,Utilities,,,,,,
50,Fullerton,3,FTF,06031,Radio/Television/Broadcast,Manufacturing,,,,,,
50,Fullerton,3,FTF,06031,Radio/Television/Broadcast,Wholesale Trade,,,,,,
50,Fullerton,3,FTF,06031,Radio/Television/Broadcast,Retail Trade,,,,,,
50,Fullerton,3,FTF,06031,Radio/Television/Broadcast,Information,,,,,,
50,Fullerton,3,FTF,06031,Radio/Television/Broadcast,Finance & Insurance,,,,,,
50,Fullerton,3,FTF,06031,Radio/Television/Broadcast,"Professional, Scientific, & Technical Skills",,,,,,
50,Fullerton,3,FTF,06031,Radio/Television/Broadcast,Admin & Support & Waste Mgmt & Remediation,,,,,,
50,Fullerton,3,FTF,06031,Radio/Television/Broadcast,Educational Services,,,,,,
50,Fullerton,3,FTF,06031,Radio/Television/Broadcast,Health Care & Social Assistance,,,,,,
50,Fullerton,3,FTF,06031,Radio/Television/Broadcast,"Arts, Entertainment, & Recreation",,,,,,
50,Fullerton,3,FTF,06031,Radio/Television/Broadcast,Accommodation & Food Services,,,,,,
50,Fullerton,3,FTF,06031,Radio/Television/Broadcast,Non-Classified,,,,,,
50,Fullerton,3,FTF,06031,Radio/Television/Broadcast,Government,,,,,,
50,Fullerton,3,FTF,06031,Radio/Television/Broadcast,No Wages,47,,,69,,
50,Fullerton,3,FTF,06031,Radio/Television/Broadcast,Wages - No NAICS Code,,,,,,
50,Fullerton,3,FTF,06041,Advertising,Retail Trade,,,,,,
50,Fullerton,3,FTF,06041,Advertising,"Professional, Scientific, & Technical Skills",,,,,,
50,Fullerton,3,FTF,06041,Advertising,Admin & Support & Waste Mgmt & Remediation,,,,,,
50,Fullerton,3,FTF,06041,Advertising,Educational Services,,,,,,
50,Fullerton,3,FTF,06041,Advertising,Other Services,,,,,,
50,Fullerton,3,FTF,06041,Advertising,No Wages,22,,,28,,
50,Fullerton,3,FTF,07011 + 07012 + 07028,Graphic Communications,"Agriculture, Forestry, Fishing, & Hunting",,,,,,
50,Fullerton,3,FTF,07011 + 07012 + 07028,Graphic Communications,Manufacturing,,,,,,
50,Fullerton,3,FTF,07011 + 07012 + 07028,Graphic Communications,Wholesale Trade,,,,,,
50,Fullerton,3,FTF,07011 + 07012 + 07028,Graphic Communications,Retail Trade,,,,,,
50,Fullerton,3,FTF,07011 + 07012 + 07028,Graphic Communications,Transportation & Warehousing,,,,,,
50,Fullerton,3,FTF,07011 + 07012 + 07028,Graphic Communications,Information,,,,,,
50,Fullerton,3,FTF,07011 + 07012 + 07028,Graphic Communications,Finance & Insurance,,,,,,
50,Fullerton,3,FTF,07011 + 07012 + 07028,Graphic Communications,Real Estate & Rental & Leasing,,,,,,
50,Fullerton,3,FTF,07011 + 07012 + 07028,Graphic Communications,"Professional, Scientific, & Technical Skills",7,"$84,353","$86,297",,,
50,Fullerton,3,FTF,07011 + 07012 + 07028,Graphic Communications,Admin & Support & Waste Mgmt & Remediation,6,"$49,815","$52,520",,,
50,Fullerton,3,FTF,07011 + 07012 + 07028,Graphic Communications,Educational Services,,,,,,
50,Fullerton,3,FTF,07011 + 07012 + 07028,Graphic Communications,Health Care & Social Assistance,5,"$53,501","$59,202",,,
50,Fullerton,3,FTF,07011 + 07012 + 07028,Graphic Communications,Accommodation & Food Services,,,,,,
50,Fullerton,3,FTF,07011 + 07012 + 07028,Graphic Communications,Other Services,,,,,,
50,Fullerton,3,FTF,07011 + 07012 + 07028,Graphic Communications,Government,,,,,,
50,Fullerton,3,FTF,07011 + 07012 + 07028,Graphic Communications,No Wages,76,,,110,,
50,Fullerton,3,FTF,07011 + 07012 + 07028,Graphic Communications,Wages - No NAICS Code,,,,,,
50,Fullerton,3,FTF,08231 + 08232,Child Development,Construction,,,,,,
50,Fullerton,3,FTF,08231 + 08232,Child Development,Information,,,,,,
50,Fullerton,3,FTF,08231 + 08232,Child Development,"Professional, Scientific, & Technical Skills",,,,,,
50,Fullerton,3,FTF,08231 + 08232,Child Development,Admin & Support & Waste Mgmt & Remediation,,,,,,
50,Fullerton,3,FTF,08231 + 08232,Child Development,Educational Services,10,"$51,074","$46,568",,,
50,Fullerton,3,FTF,08231 + 08232,Child Development,Health Care & Social Assistance,5,"$49,058","$50,200",,,
50,Fullerton,3,FTF,08231 + 08232,Child Development,"Arts, Entertainment, & Recreation",,,,,,
50,Fullerton,3,FTF,08231 + 08232,Child Development,Other Services,,,,,,
50,Fullerton,3,FTF,08231 + 08232,Child Development,Government,,,,,,
50,Fullerton,3,FTF,08231 + 08232,Child Development,No Wages,56,,,72,,
50,Fullerton,3,FTF,08231 + 08232,Child Development,Wages - No NAICS Code,,,,,,
50,Fullerton,3,FTF,08351,Kinesiology,Utilities,,,,,,
50,Fullerton,3,FTF,08351,Kinesiology,Manufacturing,,,,,,
50,Fullerton,3,FTF,08351,Kinesiology,Wholesale Trade,,,,,,
50,Fullerton,3,FTF,08351,Kinesiology,Information,,,,,,
50,Fullerton,3,FTF,08351,Kinesiology,Finance & Insurance,,,,,,
50,Fullerton,3,FTF,08351,Kinesiology,"Professional, Scientific, & Technical Skills",,,,,,
50,Fullerton,3,FTF,08351,Kinesiology,Admin & Support & Waste Mgmt & Remediation,,,,,,
50,Fullerton,3,FTF,08351,Kinesiology,Educational Services,,,,,,
50,Fullerton,3,FTF,08351,Kinesiology,Health Care & Social Assistance,6,"$49,059","$56,198",,,
50,Fullerton,3,FTF,08351,Kinesiology,"Arts, Entertainment, & Recreation",,,,,,
50,Fullerton,3,FTF,08351,Kinesiology,Accommodation & Food Services,,,,,,
50,Fullerton,3,FTF,08351,Kinesiology,Government,,,,,,
50,Fullerton,3,FTF,08351,Kinesiology,No Wages,76,,,91,,
50,Fullerton,3,FTF,09011 + 09012 + 09013,Engineering,Mining,,,,,,
50,Fullerton,3,FTF,09011 + 09012 + 09013,Engineering,Manufacturing,,,,,,
50,Fullerton,3,FTF,09011 + 09012 + 09013,Engineering,Wholesale Trade,,,,,,
50,Fullerton,3,FTF,09011 + 09012 + 09013,Engineering,Retail Trade,,,,,,
50,Fullerton,3,FTF,09011 + 09012 + 09013,Engineering,Transportation & Warehousing,,,,,,
50,Fullerton,3,FTF,09011 + 09012 + 09013,Engineering,Finance & Insurance,,,,,,
50,Fullerton,3,FTF,09011 + 09012 + 09013,Engineering,"Professional, Scientific, & Technical Skills",,,,,,
50,Fullerton,3,FTF,09011 + 09012 + 09013,Engineering,Admin & Support & Waste Mgmt & Remediation,,,,,,
50,Fullerton,3,FTF,09011 + 09012 + 09013,Engineering,Educational Services,,,,,,
50,Fullerton,3,FTF,09011 + 09012 + 09013,Engineering,Health Care & Social Assistance,,,,,,
50,Fullerton,3,FTF,09011 + 09012 + 09013,Engineering,Accommodation & Food Services,,,,,,
50,Fullerton,3,FTF,09011 + 09012 + 09013,Engineering,Government,,,,,,
50,Fullerton,3,FTF,09011 + 09012 + 09013,Engineering,No Wages,39,,,59,,
50,Fullerton,3,FTF,09081,Civil Engineering,Manufacturing,,,,,,
50,Fullerton,3,FTF,09081,Civil Engineering,Wholesale Trade,,,,,,
50,Fullerton,3,FTF,09081,Civil Engineering,Retail Trade,,,,,,
50,Fullerton,3,FTF,09081,Civil Engineering,Finance & Insurance,,,,,,
50,Fullerton,3,FTF,09081,Civil Engineering,Real Estate & Rental & Leasing,,,,,,
50,Fullerton,3,FTF,09081,Civil Engineering,"Professional, Scientific, & Technical Skills",,,,,,
50,Fullerton,3,FTF,09081,Civil Engineering,Educational Services,,,,,,
50,Fullerton,3,FTF,09081,Civil Engineering,Health Care & Social Assistance,,,,,,
50,Fullerton,3,FTF,09081,Civil Engineering,"Arts, Entertainment, & Recreation",,,,,,
50,Fullerton,3,FTF,09081,Civil Engineering,Government,,,,,,
50,Fullerton,3,FTF,09081,Civil Engineering,No Wages,26,,,36,,
50,Fullerton,3,FTF,09081,Civil Engineering,Wages - No NAICS Code,,,,,,
50,Fullerton,3,FTF,09091,Electrical Engineering,Utilities,,,,,,
50,Fullerton,3,FTF,09091,Electrical Engineering,Manufacturing,5,"$68,898","$67,006",,,
50,Fullerton,3,FTF,09091,Electrical Engineering,Wholesale Trade,,,,,,
50,Fullerton,3,FTF,09091,Electrical Engineering,Retail Trade,,,,,,
50,Fullerton,3,FTF,09091,Electrical Engineering,Finance & Insurance,,,,,,
50,Fullerton,3,FTF,09091,Electrical Engineering,Real Estate & Rental & Leasing,,,,,,
50,Fullerton,3,FTF,09091,Electrical Engineering,"Professional, Scientific, & Technical Skills",,,,,,
50,Fullerton,3,FTF,09091,Electrical Engineering,Admin & Support & Waste Mgmt & Remediation,,,,,,
50,Fullerton,3,FTF,09091,Electrical Engineering,Government,,,,,,
50,Fullerton,3,FTF,09091,Electrical Engineering,No Wages,23,,,30,,
50,Fullerton,3,FTF,09094,Computer Engineering,"Professional, Scientific, & Technical Skills",,,,,,
50,Fullerton,3,FTF,09094,Computer Engineering,Health Care & Social Assistance,,,,,,
50,Fullerton,3,FTF,09094,Computer Engineering,No Wages,19,,,21,,
50,Fullerton,3,FTF,09101,Mechanical Engineering,Construction,,,,,,
50,Fullerton,3,FTF,09101,Mechanical Engineering,Manufacturing,,,,,,
50,Fullerton,3,FTF,09101,Mechanical Engineering,Wholesale Trade,,,,,,
50,Fullerton,3,FTF,09101,Mechanical Engineering,Retail Trade,,,,,,
50,Fullerton,3,FTF,09101,Mechanical Engineering,Transportation & Warehousing,,,,,,
50,Fullerton,3,FTF,09101,Mechanical Engineering,Finance & Insurance,,,,,,
50,Fullerton,3,FTF,09101,Mechanical Engineering,Real Estate & Rental & Leasing,,,,,,
50,Fullerton,3,FTF,09101,Mechanical Engineering,"Professional, Scientific, & Technical Skills",,,,,,
50,Fullerton,3,FTF,09101,Mechanical Engineering,Admin & Support & Waste Mgmt & Remediation,,,,,,
50,Fullerton,3,FTF,09101,Mechanical Engineering,Accommodation & Food Services,,,,,,
50,Fullerton,3,FTF,09101,Mechanical Engineering,Government,,,,,,
50,Fullerton,3,FTF,09101,Mechanical Engineering,No Wages,38,,,51,,
50,Fullerton,3,FTF,09101,Mechanical Engineering,Wages - No NAICS Code,,,,,,
50,Fullerton,3,FTF,10021 + 10022,Art,Construction,,,,,,
50,Fullerton,3,FTF,10021 + 10022,Art,Manufacturing,5,"$47,427","$52,440",,,
50,Fullerton,3,FTF,10021 + 10022,Art,Wholesale Trade,,,,,,
50,Fullerton,3,FTF,10021 + 10022,Art,Retail Trade,,,,,,
50,Fullerton,3,FTF,10021 + 10022,Art,Information,8,"$95,945","$96,241",,,
50,Fullerton,3,FTF,10021 + 10022,Art,Finance & Insurance,,,,,,
50,Fullerton,3,FTF,10021 + 10022,Art,"Professional, Scientific, & Technical Skills",8,"$59,799","$54,906",,,
50,Fullerton,3,FTF,10021 + 10022,Art,Management of Companies & Enterprises,,,,,,
50,Fullerton,3,FTF,10021 + 10022,Art,Admin & Support & Waste Mgmt & Remediation,,,,,,
50,Fullerton,3,FTF,10021 + 10022,Art,Educational Services,,,,,,
50,Fullerton,3,FTF,10021 + 10022,Art,Health Care & Social Assistance,,,,,,
50,Fullerton,3,FTF,10021 + 10022,Art,"Arts, Entertainment, & Recreation",,,,,,
50,Fullerton,3,FTF,10021 + 10022,Art,Accommodation & Food Services,5,"$30,553","$38,101",,,
50,Fullerton,3,FTF,10021 + 10022,Art,Government,,,,,,
50,Fullerton,3,FTF,10021 + 10022,Art,No Wages,86,,,125,,
50,Fullerton,3,FTF,10021 + 10022,Art,Wages - No NAICS Code,5,"$4,763","$13,279",,,
50,Fullerton,3,FTF,10031,Art History,Retail Trade,,,,,,
50,Fullerton,3,FTF,10031,Art History,No Wages,,,,,,
50,Fullerton,3,FTF,10051,Music,Construction,,,,,,
50,Fullerton,3,FTF,10051,Music,Retail Trade,,,,,,
50,Fullerton,3,FTF,10051,Music,Information,,,,,,
50,Fullerton,3,FTF,10051,Music,Finance & Insurance,,,,,,
50,Fullerton,3,FTF,10051,Music,"Professional, Scientific, & Technical Skills",,,,,,
50,Fullerton,3,FTF,10051,Music,Admin & Support & Waste Mgmt & Remediation,,,,,,
50,Fullerton,3,FTF,10051,Music,Educational Services,,,,,,
50,Fullerton,3,FTF,10051,Music,"Arts, Entertainment, & Recreation",,,,,,
50,Fullerton,3,FTF,10051,Music,Accommodation & Food Services,,,,,,
50,Fullerton,3,FTF,10051,Music,No Wages,39,,,50,,
50,Fullerton,3,FTF,10051,Music,Wages - No NAICS Code,,,,,,
50,Fullerton,3,FTF,10052,Music Education,Finance & Insurance,,,,,,
50,Fullerton,3,FTF,10052,Music Education,Real Estate & Rental & Leasing,,,,,,
50,Fullerton,3,FTF,10052,Music Education,"Professional, Scientific, & Technical Skills",,,,,,
50,Fullerton,3,FTF,10052,Music Education,Educational Services,,,,,,
50,Fullerton,3,FTF,10052,Music Education,Health Care & Social Assistance,,,,,,
50,Fullerton,3,FTF,10052,Music Education,No Wages,15,,,19,,
50,Fullerton,3,FTF,10071,Theatre Arts,Construction,,,,,,
50,Fullerton,3,FTF,10071,Theatre Arts,Manufacturing,,,,,,
50,Fullerton,3,FTF,10071,Theatre Arts,Wholesale Trade,,,,,,
50,Fullerton,3,FTF,10071,Theatre Arts,Retail Trade,,,,,,
50,Fullerton,3,FTF,10071,Theatre Arts,Information,5,"$52,882","$58,196",,,
50,Fullerton,3,FTF,10071,Theatre Arts,Finance & Insurance,,,,,,
50,Fullerton,3,FTF,10071,Theatre Arts,"Professional, Scientific, & Technical Skills",6,"$41,660","$57,152",,,
50,Fullerton,3,FTF,10071,Theatre Arts,Admin & Support & Waste Mgmt & Remediation,,,,,,
50,Fullerton,3,FTF,10071,Theatre Arts,Educational Services,12,"$38,928","$33,450",,,
50,Fullerton,3,FTF,10071,Theatre Arts,Health Care & Social Assistance,,,,,,
50,Fullerton,3,FTF,10071,Theatre Arts,"Arts, Entertainment, & Recreation",5,"$23,499","$30,190",,,
50,Fullerton,3,FTF,10071,Theatre Arts,Accommodation & Food Services,6,"$27,263","$29,854",,,
50,Fullerton,3,FTF,10071,Theatre Arts,Other Services,,,,,,
50,Fullerton,3,FTF,10071,Theatre Arts,Non-Classified,,,,,,
50,Fullerton,3,FTF,10071,Theatre Arts,Government,,,,,,
50,Fullerton,3,FTF,10071,Theatre Arts,No Wages,102,,,148,,
50,Fullerton,3,FTF,10071,Theatre Arts,Wages - No NAICS Code,,,,,,
50,Fullerton,3,FTF,10072,Theatre Arts - Performance,"Arts, Entertainment, & Recreation",,,,,,
50,Fullerton,3,FTF,10072,Theatre Arts - Performance,No Wages,,,,,,
50,Fullerton,3,FTF,10081,Dance,Finance & Insurance,,,,,,
50,Fullerton,3,FTF,10081,Dance,"Professional, Scientific, & Technical Skills",,,,,,
50,Fullerton,3,FTF,10081,Dance,Educational Services,,,,,,
50,Fullerton,3,FTF,10081,Dance,Health Care & Social Assistance,,,,,,
50,Fullerton,3,FTF,10081,Dance,Accommodation & Food Services,,,,,,
50,Fullerton,3,FTF,10081,Dance,No Wages,14,,,17,,
50,Fullerton,3,FTF,11021,French,No Wages,,,,,,
50,Fullerton,3,FTF,11051,Spanish,Health Care & Social Assistance,,,,,,
50,Fullerton,3,FTF,11051,Spanish,No Wages,,,,,,
50,Fullerton,3,FTF,11081,Japanese,No Wages,5,,,5,,
50,Fullerton,3,FTF,12011,Health Science,Manufacturing,,,,,,
50,Fullerton,3,FTF,12011,Health Science,Wholesale Trade,,,,,,
50,Fullerton,3,FTF,12011,Health Science,Retail Trade,,,,,,
50,Fullerton,3,FTF,12011,Health Science,Finance & Insurance,,,,,,
50,Fullerton,3,FTF,12011,Health Science,Real Estate & Rental & Leasing,,,,,,
50,Fullerton,3,FTF,12011,Health Science,"Professional, Scientific, & Technical Skills",,,,,,
50,Fullerton,3,FTF,12011,Health Science,Educational Services,,,,,,
50,Fullerton,3,FTF,12011,Health Science,"Arts, Entertainment, & Recreation",,,,,,
50,Fullerton,3,FTF,12011,Health Science,Other Services,,,,,,
50,Fullerton,3,FTF,12011,Health Science,Government,,,,,,
50,Fullerton,3,FTF,12011,Health Science,No Wages,37,,,42,,
50,Fullerton,3,FTF,12201,Communicative Disorders,Wholesale Trade,,,,,,
50,Fullerton,3,FTF,12201,Communicative Disorders,No Wages,9,,,10,,
50,Fullerton,3,FTF,15011,English,Manufacturing,,,,,,
50,Fullerton,3,FTF,15011,English,Wholesale Trade,,,,,,
50,Fullerton,3,FTF,15011,English,Retail Trade,,,,,,
50,Fullerton,3,FTF,15011,English,Transportation & Warehousing,,,,,,
50,Fullerton,3,FTF,15011,English,Information,,,,,,
50,Fullerton,3,FTF,15011,English,"Professional, Scientific, & Technical Skills",,,,,,
50,Fullerton,3,FTF,15011,English,Admin & Support & Waste Mgmt & Remediation,,,,,,
50,Fullerton,3,FTF,15011,English,Educational Services,5,"$32,465","$33,051",,,
50,Fullerton,3,FTF,15011,English,Health Care & Social Assistance,,,,,,
50,Fullerton,3,FTF,15011,English,Other Services,,,,,,
50,Fullerton,3,FTF,15011,English,Government,,,,,,
50,Fullerton,3,FTF,15011,English,No Wages,43,,,53,,
50,Fullerton,3,FTF,15011,English,Wages - No NAICS Code,,,,,,
50,Fullerton,3,FTF,15031,Comparative Literature,Educational Services,,,,,,
50,Fullerton,3,FTF,15031,Comparative Literature,No Wages,,,,,,
50,Fullerton,3,FTF,15051,Linguistics,Finance & Insurance,,,,,,
50,Fullerton,3,FTF,15051,Linguistics,Admin & Support & Waste Mgmt & Remediation,,,,,,
50,Fullerton,3,FTF,15051,Linguistics,No Wages,,,,,,
50,Fullerton,3,FTF,15061,Speech Communication,Finance & Insurance,,,,,,
50,Fullerton,3,FTF,15061,Speech Communication,"Professional, Scientific, & Technical Skills",,,,,,
50,Fullerton,3,FTF,15061,Speech Communication,Educational Services,,,,,,
50,Fullerton,3,FTF,15061,Speech Communication,No Wages,,,,,,
50,Fullerton,3,FTF,15091,Philosophy,Transportation & Warehousing,,,,,,
50,Fullerton,3,FTF,15091,Philosophy,Management of Companies & Enterprises,,,,,,
50,Fullerton,3,FTF,15091,Philosophy,"Arts, Entertainment, & Recreation",,,,,,
50,Fullerton,3,FTF,15091,Philosophy,No Wages,,,,,,
50,Fullerton,3,FTF,15101,Religious Studies,No Wages,,,,,,
50,Fullerton,3,FTF,17011,Mathematics,Wholesale Trade,,,,,,
50,Fullerton,3,FTF,17011,Mathematics,Retail Trade,,,,,,
50,Fullerton,3,FTF,17011,Mathematics,Transportation & Warehousing,,,,,,
50,Fullerton,3,FTF,17011,Mathematics,"Professional, Scientific, & Technical Skills",,,,,,
50,Fullerton,3,FTF,17011,Mathematics,Admin & Support & Waste Mgmt & Remediation,,,,,,
50,Fullerton,3,FTF,17011,Mathematics,Educational Services,,,,,,
50,Fullerton,3,FTF,17011,Mathematics,Accommodation & Food Services,,,,,,
50,Fullerton,3,FTF,17011,Mathematics,Other Services,,,,,,
50,Fullerton,3,FTF,17011,Mathematics,Government,,,,,,
50,Fullerton,3,FTF,17011,Mathematics,No Wages,18,,,26,,
50,Fullerton,3,FTF,17011,Mathematics,Wages - No NAICS Code,,,,,,
50,Fullerton,3,FTF,17021,Statistics,No Wages,,,,,,
50,Fullerton,3,FTF,17031,Applied Mathematics,Finance & Insurance,,,,,,
50,Fullerton,3,FTF,17031,Applied Mathematics,No Wages,,,,,,
50,Fullerton,3,FTF,19021,Physics,Admin & Support & Waste Mgmt & Remediation,,,,,,
50,Fullerton,3,FTF,19021,Physics,No Wages,,,,,,
50,Fullerton,3,FTF,19051,Chemistry,Wholesale Trade,,,,,,
50,Fullerton,3,FTF,19051,Chemistry,Retail Trade,,,,,,
50,Fullerton,3,FTF,19051,Chemistry,No Wages,10,,,13,,
50,Fullerton,3,FTF,19051,Chemistry,Wages - No NAICS Code,,,,,,
50,Fullerton,3,FTF,19141,Geology,No Wages,,,,,,
50,Fullerton,3,FTF,20011 + 20013,Psychology,Utilities,,,,,,
50,Fullerton,3,FTF,20011 + 20013,Psychology,Construction,,,,,,
50,Fullerton,3,FTF,20011 + 20013,Psychology,Manufacturing,,,,,,
50,Fullerton,3,FTF,20011 + 20013,Psychology,Wholesale Trade,,,,,,
50,Fullerton,3,FTF,20011 + 20013,Psychology,Retail Trade,,,,,,
50,Fullerton,3,FTF,20011 + 20013,Psychology,Transportation & Warehousing,,,,,,
50,Fullerton,3,FTF,20011 + 20013,Psychology,Information,,,,,,
50,Fullerton,3,FTF,20011 + 20013,Psychology,Finance & Insurance,,,,,,
50,Fullerton,3,FTF,20011 + 20013,Psychology,Real Estate & Rental & Leasing,,,,,,
50,Fullerton,3,FTF,20011 + 20013,Psychology,"Professional, Scientific, & Technical Skills",6,"$46,254","$52,149",,,
50,Fullerton,3,FTF,20011 + 20013,Psychology,Admin & Support & Waste Mgmt & Remediation,,,,,,
50,Fullerton,3,FTF,20011 + 20013,Psychology,Educational Services,11,"$46,300","$42,779",5,"$77,549","$66,592"
50,Fullerton,3,FTF,20011 + 20013,Psychology,Health Care & Social Assistance,10,"$39,209","$53,053",,,
50,Fullerton,3,FTF,20011 + 20013,Psychology,"Arts, Entertainment, & Recreation",,,,,,
50,Fullerton,3,FTF,20011 + 20013,Psychology,Accommodation & Food Services,,,,,,
50,Fullerton,3,FTF,20011 + 20013,Psychology,Other Services,,,,,,
50,Fullerton,3,FTF,20011 + 20013,Psychology,Government,6,"$48,804","$48,350",,,
50,Fullerton,3,FTF,20011 + 20013,Psychology,No Wages,152,,,185,,
50,Fullerton,3,FTF,20011 + 20013,Psychology,Wages - No NAICS Code,7,"$6,535","$20,646",,,
50,Fullerton,3,FTF,21021,Public Administration,No Wages,,,,,,
50,Fullerton,3,FTF,21042,Human Services,Retail Trade,,,,,,
50,Fullerton,3,FTF,21042,Human Services,Information,,,,,,
50,Fullerton,3,FTF,21042,Human Services,Finance & Insurance,,,,,,
50,Fullerton,3,FTF,21042,Human Services,Educational Services,,,,,,
50,Fullerton,3,FTF,21042,Human Services,Government,,,,,,
50,Fullerton,3,FTF,21042,Human Services,No Wages,,,,,,
50,Fullerton,3,FTF,21051,Criminal Justice,Construction,,,,,,
50,Fullerton,3,FTF,21051,Criminal Justice,Manufacturing,,,,,,
50,Fullerton,3,FTF,21051,Criminal Justice,Wholesale Trade,,,,,,
50,Fullerton,3,FTF,21051,Criminal Justice,Retail Trade,,,,,,
50,Fullerton,3,FTF,21051,Criminal Justice,Information,,,,,,
50,Fullerton,3,FTF,21051,Criminal Justice,Finance & Insurance,,,,,,
50,Fullerton,3,FTF,21051,Criminal Justice,Real Estate & Rental & Leasing,,,,,,
50,Fullerton,3,FTF,21051,Criminal Justice,"Professional, Scientific, & Technical Skills",,,,,,
50,Fullerton,3,FTF,21051,Criminal Justice,Admin & Support & Waste Mgmt & Remediation,,,,,,
50,Fullerton,3,FTF,21051,Criminal Justice,Educational Services,,,,,,
50,Fullerton,3,FTF,21051,Criminal Justice,Health Care & Social Assistance,6,"$35,418","$36,347",,,
50,Fullerton,3,FTF,21051,Criminal Justice,"Arts, Entertainment, & Recreation",,,,,,
50,Fullerton,3,FTF,21051,Criminal Justice,Accommodation & Food Services,,,,,,
50,Fullerton,3,FTF,21051,Criminal Justice,Other Services,,,,,,
50,Fullerton,3,FTF,21051,Criminal Justice,Government,5,"$112,204","$103,570",,,
50,Fullerton,3,FTF,21051,Criminal Justice,No Wages,72,,,102,,
50,Fullerton,3,FTF,21051,Criminal Justice,Wages - No NAICS Code,,,,,,
50,Fullerton,3,FTF,22021,Anthropology,Health Care & Social Assistance,,,,,,
50,Fullerton,3,FTF,22021,Anthropology,"Arts, Entertainment, & Recreation",,,,,,
50,Fullerton,3,FTF,22021,Anthropology,Accommodation & Food Services,,,,,,
50,Fullerton,3,FTF,22021,Anthropology,No Wages,,,,,,
50,Fullerton,3,FTF,22041,Economics,Retail Trade,,,,,,
50,Fullerton,3,FTF,22041,Economics,"Professional, Scientific, & Technical Skills",,,,,,
50,Fullerton,3,FTF,22041,Economics,No Wages,15,,,15,,
50,Fullerton,3,FTF,22051,History,Retail Trade,,,,,,
50,Fullerton,3,FTF,22051,History,Real Estate & Rental & Leasing,,,,,,
50,Fullerton,3,FTF,22051,History,"Professional, Scientific, & Technical Skills",,,,,,
50,Fullerton,3,FTF,22051,History,Admin & Support & Waste Mgmt & Remediation,,,,,,
50,Fullerton,3,FTF,22051,History,Educational Services,,,,,,
50,Fullerton,3,FTF,22051,History,Health Care & Social Assistance,,,,,,
50,Fullerton,3,FTF,22051,History,Accommodation & Food Services,,,,,,
50,Fullerton,3,FTF,22051,History,Other Services,,,,,,
50,Fullerton,3,FTF,22051,History,Government,,,,,,
50,Fullerton,3,FTF,22051,History,No Wages,33,,,42,,
50,Fullerton,3,FTF,22051,History,Wages - No NAICS Code,,,,,,
50,Fullerton,3,FTF,22061 + 22063,Geography,Real Estate & Rental & Leasing,,,,,,
50,Fullerton,3,FTF,22061 + 22063,Geography,Health Care & Social Assistance,,,,,,
50,Fullerton,3,FTF,22061 + 22063,Geography,No Wages,,,,,,
50,Fullerton,3,FTF,22071,Political Science,Construction,,,,,,
50,Fullerton,3,FTF,22071,Political Science,Wholesale Trade,,,,,,
50,Fullerton,3,FTF,22071,Political Science,Retail Trade,,,,,,
50,Fullerton,3,FTF,22071,Political Science,Transportation & Warehousing,,,,,,
50,Fullerton,3,FTF,22071,Political Science,Information,,,,,,
50,Fullerton,3,FTF,22071,Political Science,Finance & Insurance,,,,,,
50,Fullerton,3,FTF,22071,Political Science,Real Estate & Rental & Leasing,,,,,,
50,Fullerton,3,FTF,22071,Political Science,"Professional, Scientific, & Technical Skills",,,,,,
50,Fullerton,3,FTF,22071,Political Science,Admin & Support & Waste Mgmt & Remediation,,,,,,
50,Fullerton,3,FTF,22071,Political Science,Educational Services,,,,,,
50,Fullerton,3,FTF,22071,Political Science,Health Care & Social Assistance,,,,,,
50,Fullerton,3,FTF,22071,Political Science,Accommodation & Food Services,,,,,,
50,Fullerton,3,FTF,22071,Political Science,Other Services,,,,,,
50,Fullerton,3,FTF,22071,Political Science,Government,,,,,,
50,Fullerton,3,FTF,22071,Political Science,No Wages,34,,,46,,
50,Fullerton,3,FTF,22071,Political Science,Wages - No NAICS Code,,,,,,
50,Fullerton,3,FTF,22081,Sociology,Manufacturing,,,,,,
50,Fullerton,3,FTF,22081,Sociology,Wholesale Trade,,,,,,
50,Fullerton,3,FTF,22081,Sociology,Retail Trade,,,,,,
50,Fullerton,3,FTF,22081,Sociology,Information,,,,,,
50,Fullerton,3,FTF,22081,Sociology,Finance & Insurance,,,,,,
50,Fullerton,3,FTF,22081,Sociology,Educational Services,,,,,,
50,Fullerton,3,FTF,22081,Sociology,Health Care & Social Assistance,,,,,,
50,Fullerton,3,FTF,22081,Sociology,Accommodation & Food Services,,,,,,
50,Fullerton,3,FTF,22081,Sociology,Government,,,,,,
50,Fullerton,3,FTF,22081,Sociology,No Wages,18,,,24,,
50,Fullerton,3,FTF,22111,African-American Studies,No Wages,,,,,,
50,Fullerton,3,FTF,22131,Mexican-American Studies,Retail Trade,,,,,,
50,Fullerton,3,FTF,22131,Mexican-American Studies,Health Care & Social Assistance,,,,,,
50,Fullerton,3,FTF,22131,Mexican-American Studies,No Wages,,,,,,
50,Fullerton,3,FTF,49012 + 49017,Women's Studies,Utilities,,,,,,
50,Fullerton,3,FTF,49012 + 49017,Women's Studies,Manufacturing,,,,,,
50,Fullerton,3,FTF,49012 + 49017,Women's Studies,Wholesale Trade,,,,,,
50,Fullerton,3,FTF,49012 + 49017,Women's Studies,Retail Trade,,,,,,
50,Fullerton,3,FTF,49012 + 49017,Women's Studies,Information,,,,,,
50,Fullerton,3,FTF,49012 + 49017,Women's Studies,Finance & Insurance,,,,,,
50,Fullerton,3,FTF,49012 + 49017,Women's Studies,"Professional, Scientific, & Technical Skills",,,,,,
50,Fullerton,3,FTF,49012 + 49017,Women's Studies,Admin & Support & Waste Mgmt & Remediation,,,,,,
50,Fullerton,3,FTF,49012 + 49017,Women's Studies,Educational Services,5,"$33,081","$38,719",5,"$32,185","$40,999"
50,Fullerton,3,FTF,49012 + 49017,Women's Studies,Health Care & Social Assistance,,,,,,
50,Fullerton,3,FTF,49012 + 49017,Women's Studies,"Arts, Entertainment, & Recreation",,,,,,
50,Fullerton,3,FTF,49012 + 49017,Women's Studies,Accommodation & Food Services,,,,,,
50,Fullerton,3,FTF,49012 + 49017,Women's Studies,Other Services,,,,,,
50,Fullerton,3,FTF,49012 + 49017,Women's Studies,Government,,,,,,
50,Fullerton,3,FTF,49012 + 49017,Women's Studies,No Wages,56,,,72,,
50,Fullerton,3,FTF,49012 + 49017,Women's Studies,Wages - No NAICS Code,,,,,,
50,Fullerton,3,FTT,00000,Undeclared/Unknown,"Agriculture, Forestry, Fishing, & Hunting",,,,,,
50,Fullerton,3,FTT,00000,Undeclared/Unknown,Construction,,,,,,
50,Fullerton,3,FTT,00000,Undeclared/Unknown,Manufacturing,,,,,,
50,Fullerton,3,FTT,00000,Undeclared/Unknown,Wholesale Trade,,,,,,
50,Fullerton,3,FTT,00000,Undeclared/Unknown,Retail Trade,,,,,,
50,Fullerton,3,FTT,00000,Undeclared/Unknown,Information,,,,,,
50,Fullerton,3,FTT,00000,Undeclared/Unknown,Finance & Insurance,6,"$54,496","$85,370",,,
50,Fullerton,3,FTT,00000,Undeclared/Unknown,Real Estate & Rental & Leasing,,,,,,
50,Fullerton,3,FTT,00000,Undeclared/Unknown,"Professional, Scientific, & Technical Skills",,,,,,
50,Fullerton,3,FTT,00000,Undeclared/Unknown,Admin & Support & Waste Mgmt & Remediation,,,,,,
50,Fullerton,3,FTT,00000,Undeclared/Unknown,Educational Services,5,"$46,461","$58,066",,,
50,Fullerton,3,FTT,00000,Undeclared/Unknown,Health Care & Social Assistance,7,"$56,177","$52,530",,,
50,Fullerton,3,FTT,00000,Undeclared/Unknown,Accommodation & Food Services,,,,,,
50,Fullerton,3,FTT,00000,Undeclared/Unknown,Other Services,,,,,,
50,Fullerton,3,FTT,00000,Undeclared/Unknown,Government,,,,,,
50,Fullerton,3,FTT,00000,Undeclared/Unknown,No Wages,28,,,41,,
50,Fullerton,3,FTT,00000,Undeclared/Unknown,Wages - No NAICS Code,,,,,,
50,Fullerton,3,FTT,00121 + 12031 + 12032,Nursing,Manufacturing,,,,,,
50,Fullerton,3,FTT,00121 + 12031 + 12032,Nursing,Information,,,,,,
50,Fullerton,3,FTT,00121 + 12031 + 12032,Nursing,Finance & Insurance,,,,,,
50,Fullerton,3,FTT,00121 + 12031 + 12032,Nursing,"Professional, Scientific, & Technical Skills",,,,,,
50,Fullerton,3,FTT,00121 + 12031 + 12032,Nursing,Educational Services,,,,,,
50,Fullerton,3,FTT,00121 + 12031 + 12032,Nursing,Health Care & Social Assistance,34,"$118,384","$124,709",7,"$111,808","$109,524"
50,Fullerton,3,FTT,00121 + 12031 + 12032,Nursing,Government,6,"$122,884","$127,141",,,
50,Fullerton,3,FTT,00121 + 12031 + 12032,Nursing,No Wages,99,,,132,,
50,Fullerton,3,FTT,00121 + 12031 + 12032,Nursing,Wages - No NAICS Code,,,,,,
50,Fullerton,3,FTT,03081 + 03085,Latin/Central American Studies,Health Care & Social Assistance,,,,,,
50,Fullerton,3,FTT,03081 + 03085,Latin/Central American Studies,Other Services,,,,,,
50,Fullerton,3,FTT,03081 + 03085,Latin/Central American Studies,No Wages,,,,,,
50,Fullerton,3,FTT,03131,American Studies,"Professional, Scientific, & Technical Skills",,,,,,
50,Fullerton,3,FTT,03131,American Studies,Educational Services,,,,,,
50,Fullerton,3,FTT,03131,American Studies,Accommodation & Food Services,,,,,,
50,Fullerton,3,FTT,03131,American Studies,No Wages,,,,,,
50,Fullerton,3,FTT,03131,American Studies,Wages - No NAICS Code,,,,,,
50,Fullerton,3,FTT,04011,Biology,Mining,,,,,,
50,Fullerton,3,FTT,04011,Biology,Construction,,,,,,
50,Fullerton,3,FTT,04011,Biology,Manufacturing,,,,,,
50,Fullerton,3,FTT,04011,Biology,Wholesale Trade,,,,,,
50,Fullerton,3,FTT,04011,Biology,Retail Trade,,,,,,
50,Fullerton,3,FTT,04011,Biology,Transportation & Warehousing,,,,,,
50,Fullerton,3,FTT,04011,Biology,Information,,,,,,
50,Fullerton,3,FTT,04011,Biology,Finance & Insurance,5,"$53,266","$47,545",,,
50,Fullerton,3,FTT,04011,Biology,Real Estate & Rental & Leasing,,,,,,
50,Fullerton,3,FTT,04011,Biology,"Professional, Scientific, & Technical Skills",5,"$40,352","$54,235",,,
50,Fullerton,3,FTT,04011,Biology,Admin & Support & Waste Mgmt & Remediation,,,,,,
50,Fullerton,3,FTT,04011,Biology,Educational Services,6,"$50,466","$48,241",,,
50,Fullerton,3,FTT,04011,Biology,Health Care & Social Assistance,10,"$44,159","$52,222",8,"$51,899","$49,506"
50,Fullerton,3,FTT,04011,Biology,"Arts, Entertainment, & Recreation",,,,,,
50,Fullerton,3,FTT,04011,Biology,Accommodation & Food Services,,,,,,
50,Fullerton,3,FTT,04011,Biology,Other Services,,,,,,
50,Fullerton,3,FTT,04011,Biology,Government,,,,,,
50,Fullerton,3,FTT,04011,Biology,No Wages,77,,,101,,
50,Fullerton,3,FTT,04011,Biology,Wages - No NAICS Code,,,,,,
50,Fullerton,3,FTT,04141,Biochemistry,Utilities,,,,,,
50,Fullerton,3,FTT,04141,Biochemistry,Manufacturing,,,,,,
50,Fullerton,3,FTT,04141,Biochemistry,Retail Trade,,,,,,
50,Fullerton,3,FTT,04141,Biochemistry,Finance & Insurance,,,,,,
50,Fullerton,3,FTT,04141,Biochemistry,"Professional, Scientific, & Technical Skills",,,,,,
50,Fullerton,3,FTT,04141,Biochemistry,Admin & Support & Waste Mgmt & Remediation,,,,,,
50,Fullerton,3,FTT,04141,Biochemistry,Health Care & Social Assistance,,,,,,
50,Fullerton,3,FTT,04141,Biochemistry,Accommodation & Food Services,,,,,,
50,Fullerton,3,FTT,04141,Biochemistry,Government,,,,,,
50,Fullerton,3,FTT,04141,Biochemistry,No Wages,15,,,22,,
50,Fullerton,3,FTT,05011,Business Administration,"Agriculture, Forestry, Fishing, & Hunting",,,,,,
50,Fullerton,3,FTT,05011,Business Administration,Mining,,,,,,
50,Fullerton,3,FTT,05011,Business Administration,Utilities,5,"$102,637","$97,455",5,"$53,197","$80,552"
50,Fullerton,3,FTT,05011,Business Administration,Construction,22,"$54,737","$64,846",11,"$70,756","$78,047"
50,Fullerton,3,FTT,05011,Business Administration,Manufacturing,45,"$65,231","$72,356",20,"$81,293","$94,073"
50,Fullerton,3,FTT,05011,Business Administration,Wholesale Trade,41,"$68,968","$75,099",14,"$58,885","$74,550"
50,Fullerton,3,FTT,05011,Business Administration,Retail Trade,35,"$51,766","$50,705",11,"$41,671","$36,761"
50,Fullerton,3,FTT,05011,Business Administration,Transportation & Warehousing,15,"$47,233","$61,891",5,"$71,603","$92,645"
50,Fullerton,3,FTT,05011,Business Administration,Information,22,"$69,342","$84,157",10,"$90,604","$91,502"
50,Fullerton,3,FTT,05011,Business Administration,Finance & Insurance,77,"$62,545","$81,000",33,"$84,623","$133,086"
50,Fullerton,3,FTT,05011,Business Administration,Real Estate & Rental & Leasing,24,"$56,992","$64,047",6,"$47,415","$52,293"
50,Fullerton,3,FTT,05011,Business Administration,"Professional, Scientific, & Technical Skills",55,"$60,689","$68,682",36,"$74,697","$94,986"
50,Fullerton,3,FTT,05011,Business Administration,Management of Companies & Enterprises,,,,,,
50,Fullerton,3,FTT,05011,Business Administration,Admin & Support & Waste Mgmt & Remediation,35,"$41,220","$53,364",19,"$59,530","$68,986"
50,Fullerton,3,FTT,05011,Business Administration,Educational Services,23,"$46,596","$49,616",8,"$52,950","$46,722"
50,Fullerton,3,FTT,05011,Business Administration,Health Care & Social Assistance,22,"$55,065","$53,099",11,"$37,778","$37,460"
50,Fullerton,3,FTT,05011,Business Administration,"Arts, Entertainment, & Recreation",5,"$58,869","$56,780",,,
50,Fullerton,3,FTT,05011,Business Administration,Accommodation & Food Services,22,"$39,698","$42,428",6,"$28,038","$37,846"
50,Fullerton,3,FTT,05011,Business Administration,Other Services,15,"$22,045","$32,411",7,"$22,726","$54,035"
50,Fullerton,3,FTT,05011,Business Administration,Non-Classified,,,,,,
50,Fullerton,3,FTT,05011,Business Administration,Government,28,"$70,361","$73,491",16,"$68,170","$74,587"
50,Fullerton,3,FTT,05011,Business Administration,No Wages,589,,,886,,
50,Fullerton,3,FTT,05011,Business Administration,Wages - No NAICS Code,28,"$32,665","$41,521",6,"$3,801","$37,967"
50,Fullerton,3,FTT,05021,Accounting,Manufacturing,,,,,,
50,Fullerton,3,FTT,05021,Accounting,Wholesale Trade,,,,,,
50,Fullerton,3,FTT,05021,Accounting,Finance & Insurance,,,,,,
50,Fullerton,3,FTT,05021,Accounting,Real Estate & Rental & Leasing,,,,,,
50,Fullerton,3,FTT,05021,Accounting,"Professional, Scientific, & Technical Skills",,,,,,
50,Fullerton,3,FTT,05021,Accounting,Admin & Support & Waste Mgmt & Remediation,,,,,,
50,Fullerton,3,FTT,05021,Accounting,Health Care & Social Assistance,,,,,,
50,Fullerton,3,FTT,05021,Accounting,"Arts, Entertainment, & Recreation",,,,,,
50,Fullerton,3,FTT,05021,Accounting,Government,,,,,,
50,Fullerton,3,FTT,05021,Accounting,No Wages,14,,,26,,
50,Fullerton,3,FTT,05041,Finance,Utilities,,,,,,
50,Fullerton,3,FTT,05041,Finance,Wholesale Trade,,,,,,
50,Fullerton,3,FTT,05041,Finance,Retail Trade,,,,,,
50,Fullerton,3,FTT,05041,Finance,Real Estate & Rental & Leasing,,,,,,
50,Fullerton,3,FTT,05041,Finance,"Professional, Scientific, & Technical Skills",,,,,,
50,Fullerton,3,FTT,05041,Finance,No Wages,5,,,8,,
50,Fullerton,3,FTT,05041,Finance,Wages - No NAICS Code,,,,,,
50,Fullerton,3,FTT,05061,Management,Finance & Insurance,,,,,,
50,Fullerton,3,FTT,05061,Management,No Wages,13,,,14,,
50,Fullerton,3,FTT,05072,Management Systems Analysis / Operations Research,Retail Trade,,,,,,
50,Fullerton,3,FTT,05072,Management Systems Analysis / Operations Research,No Wages,,,,,,
50,Fullerton,3,FTT,05082 + 05083,Travel and Tourism/Tourism Management,"Agriculture, Forestry, Fishing, & Hunting",,,,,,
50,Fullerton,3,FTT,05082 + 05083,Travel and Tourism/Tourism Management,No Wages,,,,,,
50,Fullerton,3,FTT,05091,Marketing,Information,,,,,,
50,Fullerton,3,FTT,05091,Marketing,"Professional, Scientific, & Technical Skills",,,,,,
50,Fullerton,3,FTT,05091,Marketing,No Wages,,,,5,,
50,Fullerton,3,FTT,05091,Marketing,Wages - No NAICS Code,,,,,,
50,Fullerton,3,FTT,05131,International Business,Utilities,,,,,,
50,Fullerton,3,FTT,05131,International Business,Manufacturing,,,,,,
50,Fullerton,3,FTT,05131,International Business,Wholesale Trade,,,,,,
50,Fullerton,3,FTT,05131,International Business,Retail Trade,7,"$39,982","$50,062",,,
50,Fullerton,3,FTT,05131,International Business,Transportation & Warehousing,,,,,,
50,Fullerton,3,FTT,05131,International Business,Information,,,,,,
50,Fullerton,3,FTT,05131,International Business,Finance & Insurance,,,,,,
50,Fullerton,3,FTT,05131,International Business,Real Estate & Rental & Leasing,,,,,,
50,Fullerton,3,FTT,05131,International Business,"Professional, Scientific, & Technical Skills",,,,,,
50,Fullerton,3,FTT,05131,International Business,Admin & Support & Waste Mgmt & Remediation,6,"$20,128","$33,317",,,
50,Fullerton,3,FTT,05131,International Business,Educational Services,,,,,,
50,Fullerton,3,FTT,05131,International Business,Health Care & Social Assistance,,,,,,
50,Fullerton,3,FTT,05131,International Business,"Arts, Entertainment, & Recreation",,,,,,
50,Fullerton,3,FTT,05131,International Business,Accommodation & Food Services,,,,,,
50,Fullerton,3,FTT,05131,International Business,Government,,,,,,
50,Fullerton,3,FTT,05131,International Business,No Wages,33,,,56,,
50,Fullerton,3,FTT,05131,International Business,Wages - No NAICS Code,,,,,,
50,Fullerton,3,FTT,05992,Public Relations,Manufacturing,,,,,,
50,Fullerton,3,FTT,05992,Public Relations,Wholesale Trade,,,,,,
50,Fullerton,3,FTT,05992,Public Relations,Retail Trade,,,,,,
50,Fullerton,3,FTT,05992,Public Relations,Transportation & Warehousing,,,,,,
50,Fullerton,3,FTT,05992,Public Relations,Finance & Insurance,,,,,,
50,Fullerton,3,FTT,05992,Public Relations,Real Estate & Rental & Leasing,,,,,,
50,Fullerton,3,FTT,05992,Public Relations,"Professional, Scientific, & Technical Skills",,,,,,
50,Fullerton,3,FTT,05992,Public Relations,Admin & Support & Waste Mgmt & Remediation,,,,,,
50,Fullerton,3,FTT,05992,Public Relations,Educational Services,,,,,,
50,Fullerton,3,FTT,05992,Public Relations,Health Care & Social Assistance,,,,,,
50,Fullerton,3,FTT,05992,Public Relations,Accommodation & Food Services,,,,,,
50,Fullerton,3,FTT,05992,Public Relations,Other Services,,,,,,
50,Fullerton,3,FTT,05992,Public Relations,Non-Classified,,,,,,
50,Fullerton,3,FTT,05992,Public Relations,Government,,,,,,
50,Fullerton,3,FTT,05992,Public Relations,No Wages,41,,,60,,
50,Fullerton,3,FTT,05992,Public Relations,Wages - No NAICS Code,,,,,,
50,Fullerton,3,FTT,05996 + 05997,Entrepreneurship & Small Business Management,"Professional, Scientific, & Technical Skills",,,,,,
50,Fullerton,3,FTT,05996 + 05997,Entrepreneurship & Small Business Management,No Wages,,,,,,
50,Fullerton,3,FTT,06011,Communications,"Agriculture, Forestry, Fishing, & Hunting",,,,,,
50,Fullerton,3,FTT,06011,Communications,Utilities,,,,,,
50,Fullerton,3,FTT,06011,Communications,Construction,,,,,,
50,Fullerton,3,FTT,06011,Communications,Manufacturing,,,,,,
50,Fullerton,3,FTT,06011,Communications,Wholesale Trade,6,"$61,714","$68,138",,,
50,Fullerton,3,FTT,06011,Communications,Retail Trade,5,"$64,365","$53,874",,,
50,Fullerton,3,FTT,06011,Communications,Information,,,,,,
50,Fullerton,3,FTT,06011,Communications,Finance & Insurance,,,,,,
50,Fullerton,3,FTT,06011,Communications,"Professional, Scientific, & Technical Skills",9,"$64,077","$76,922",,,
50,Fullerton,3,FTT,06011,Communications,Admin & Support & Waste Mgmt & Remediation,,,,,,
50,Fullerton,3,FTT,06011,Communications,Educational Services,6,"$44,000","$40,461",,,
50,Fullerton,3,FTT,06011,Communications,Health Care & Social Assistance,,,,,,
50,Fullerton,3,FTT,06011,Communications,"Arts, Entertainment, & Recreation",,,,,,
50,Fullerton,3,FTT,06011,Communications,Accommodation & Food Services,,,,,,
50,Fullerton,3,FTT,06011,Communications,Government,,,,,,
50,Fullerton,3,FTT,06011,Communications,No Wages,58,,,84,,
50,Fullerton,3,FTT,06011,Communications,Wages - No NAICS Code,,,,,,
50,Fullerton,3,FTT,06021 + 06022,Journalism,Construction,,,,,,
50,Fullerton,3,FTT,06021 + 06022,Journalism,Wholesale Trade,,,,,,
50,Fullerton,3,FTT,06021 + 06022,Journalism,Retail Trade,,,,,,
50,Fullerton,3,FTT,06021 + 06022,Journalism,Information,,,,,,
50,Fullerton,3,FTT,06021 + 06022,Journalism,Finance & Insurance,,,,,,
50,Fullerton,3,FTT,06021 + 06022,Journalism,Real Estate & Rental & Leasing,,,,,,
50,Fullerton,3,FTT,06021 + 06022,Journalism,"Professional, Scientific, & Technical Skills",,,,,,
50,Fullerton,3,FTT,06021 + 06022,Journalism,Educational Services,,,,,,
50,Fullerton,3,FTT,06021 + 06022,Journalism,Health Care & Social Assistance,,,,,,
50,Fullerton,3,FTT,06021 + 06022,Journalism,Non-Classified,,,,,,
50,Fullerton,3,FTT,06021 + 06022,Journalism,Government,,,,,,
50,Fullerton,3,FTT,06021 + 06022,Journalism,No Wages,19,,,32,,
50,Fullerton,3,FTT,06021 + 06022,Journalism,Wages - No NAICS Code,,,,,,
50,Fullerton,3,FTT,06031,Radio/Television/Broadcast,Wholesale Trade,,,,,,
50,Fullerton,3,FTT,06031,Radio/Television/Broadcast,Retail Trade,,,,,,
50,Fullerton,3,FTT,06031,Radio/Television/Broadcast,Transportation & Warehousing,,,,,,
50,Fullerton,3,FTT,06031,Radio/Television/Broadcast,Information,,,,,,
50,Fullerton,3,FTT,06031,Radio/Television/Broadcast,"Professional, Scientific, & Technical Skills",,,,,,
50,Fullerton,3,FTT,06031,Radio/Television/Broadcast,Health Care & Social Assistance,,,,,,
50,Fullerton,3,FTT,06031,Radio/Television/Broadcast,Accommodation & Food Services,,,,,,
50,Fullerton,3,FTT,06031,Radio/Television/Broadcast,Government,,,,,,
50,Fullerton,3,FTT,06031,Radio/Television/Broadcast,No Wages,23,,,30,,
50,Fullerton,3,FTT,06031,Radio/Television/Broadcast,Wages - No NAICS Code,,,,,,
50,Fullerton,3,FTT,06041,Advertising,Manufacturing,,,,,,
50,Fullerton,3,FTT,06041,Advertising,Wholesale Trade,,,,,,
50,Fullerton,3,FTT,06041,Advertising,Retail Trade,,,,,,
50,Fullerton,3,FTT,06041,Advertising,Information,,,,,,
50,Fullerton,3,FTT,06041,Advertising,Finance & Insurance,,,,,,
50,Fullerton,3,FTT,06041,Advertising,Real Estate & Rental & Leasing,,,,,,
50,Fullerton,3,FTT,06041,Advertising,"Professional, Scientific, & Technical Skills",,,,,,
50,Fullerton,3,FTT,06041,Advertising,Admin & Support & Waste Mgmt & Remediation,,,,,,
50,Fullerton,3,FTT,06041,Advertising,Educational Services,,,,,,
50,Fullerton,3,FTT,06041,Advertising,Health Care & Social Assistance,,,,,,
50,Fullerton,3,FTT,06041,Advertising,No Wages,20,,,34,,
50,Fullerton,3,FTT,07011 + 07012 + 07028,Graphic Communications,"Agriculture, Forestry, Fishing, & Hunting",,,,,,
50,Fullerton,3,FTT,07011 + 07012 + 07028,Graphic Communications,Manufacturing,7,"$81,963","$75,950",,,
50,Fullerton,3,FTT,07011 + 07012 + 07028,Graphic Communications,Wholesale Trade,6,"$73,759","$134,414",,,
50,Fullerton,3,FTT,07011 + 07012 + 07028,Graphic Communications,Retail Trade,,,,,,
50,Fullerton,3,FTT,07011 + 07012 + 07028,Graphic Communications,Transportation & Warehousing,,,,,,
50,Fullerton,3,FTT,07011 + 07012 + 07028,Graphic Communications,Information,,,,,,
50,Fullerton,3,FTT,07011 + 07012 + 07028,Graphic Communications,Finance & Insurance,,,,,,
50,Fullerton,3,FTT,07011 + 07012 + 07028,Graphic Communications,Real Estate & Rental & Leasing,,,,,,
50,Fullerton,3,FTT,07011 + 07012 + 07028,Graphic Communications,"Professional, Scientific, & Technical Skills",10,"$44,459","$62,126",5,"$48,589","$150,866"
50,Fullerton,3,FTT,07011 + 07012 + 07028,Graphic Communications,Admin & Support & Waste Mgmt & Remediation,,,,,,
50,Fullerton,3,FTT,07011 + 07012 + 07028,Graphic Communications,Educational Services,,,,,,
50,Fullerton,3,FTT,07011 + 07012 + 07028,Graphic Communications,Health Care & Social Assistance,6,"$57,718","$58,584",,,
50,Fullerton,3,FTT,07011 + 07012 + 07028,Graphic Communications,"Arts, Entertainment, & Recreation",,,,,,
50,Fullerton,3,FTT,07011 + 07012 + 07028,Graphic Communications,Accommodation & Food Services,,,,,,
50,Fullerton,3,FTT,07011 + 07012 + 07028,Graphic Communications,Non-Classified,,,,,,
50,Fullerton,3,FTT,07011 + 07012 + 07028,Graphic Communications,Government,,,,,,
50,Fullerton,3,FTT,07011 + 07012 + 07028,Graphic Communications,No Wages,56,,,76,,
50,Fullerton,3,FTT,07011 + 07012 + 07028,Graphic Communications,Wages - No NAICS Code,,,,,,
50,Fullerton,3,FTT,07021,Information Systems,No Wages,,,,,,
50,Fullerton,3,FTT,08231 + 08232,Child Development,Construction,,,,,,
50,Fullerton,3,FTT,08231 + 08232,Child Development,Wholesale Trade,,,,,,
50,Fullerton,3,FTT,08231 + 08232,Child Development,Retail Trade,,,,,,
50,Fullerton,3,FTT,08231 + 08232,Child Development,Information,,,,,,
50,Fullerton,3,FTT,08231 + 08232,Child Development,Finance & Insurance,,,,,,
50,Fullerton,3,FTT,08231 + 08232,Child Development,Real Estate & Rental & Leasing,,,,,,
50,Fullerton,3,FTT,08231 + 08232,Child Development,"Professional, Scientific, & Technical Skills",,,,,,
50,Fullerton,3,FTT,08231 + 08232,Child Development,Educational Services,16,"$21,488","$29,062",7,"$12,316","$27,486"
50,Fullerton,3,FTT,08231 + 08232,Child Development,Health Care & Social Assistance,,,,,,
50,Fullerton,3,FTT,08231 + 08232,Child Development,"Arts, Entertainment, & Recreation",,,,,,
50,Fullerton,3,FTT,08231 + 08232,Child Development,Other Services,,,,,,
50,Fullerton,3,FTT,08231 + 08232,Child Development,Government,5,"$61,805","$56,796",,,
50,Fullerton,3,FTT,08231 + 08232,Child Development,No Wages,57,,,76,,
50,Fullerton,3,FTT,08231 + 08232,Child Development,Wages - No NAICS Code,,,,,,
50,Fullerton,3,FTT,08351,Kinesiology,Manufacturing,,,,,,
50,Fullerton,3,FTT,08351,Kinesiology,Wholesale Trade,,,,,,
50,Fullerton,3,FTT,08351,Kinesiology,Retail Trade,,,,,,
50,Fullerton,3,FTT,08351,Kinesiology,Finance & Insurance,,,,,,
50,Fullerton,3,FTT,08351,Kinesiology,"Professional, Scientific, & Technical Skills",,,,,,
50,Fullerton,3,FTT,08351,Kinesiology,Management of Companies & Enterprises,,,,,,
50,Fullerton,3,FTT,08351,Kinesiology,Educational Services,11,"$55,850","$42,291",,,
50,Fullerton,3,FTT,08351,Kinesiology,Health Care & Social Assistance,8,"$44,388","$59,596",,,
50,Fullerton,3,FTT,08351,Kinesiology,Accommodation & Food Services,,,,,,
50,Fullerton,3,FTT,08351,Kinesiology,Other Services,,,,,,
50,Fullerton,3,FTT,08351,Kinesiology,Government,,,,,,
50,Fullerton,3,FTT,08351,Kinesiology,No Wages,62,,,87,,
50,Fullerton,3,FTT,08351,Kinesiology,Wages - No NAICS Code,,,,,,
50,Fullerton,3,FTT,09011 + 09012 + 09013,Engineering,Manufacturing,,,,,,
50,Fullerton,3,FTT,09011 + 09012 + 09013,Engineering,Retail Trade,,,,,,
50,Fullerton,3,FTT,09011 + 09012 + 09013,Engineering,Transportation & Warehousing,,,,,,
50,Fullerton,3,FTT,09011 + 09012 + 09013,Engineering,Real Estate & Rental & Leasing,,,,,,
50,Fullerton,3,FTT,09011 + 09012 + 09013,Engineering,"Professional, Scientific, & Technical Skills",,,,,,
50,Fullerton,3,FTT,09011 + 09012 + 09013,Engineering,Admin & Support & Waste Mgmt & Remediation,,,,,,
50,Fullerton,3,FTT,09011 + 09012 + 09013,Engineering,Other Services,,,,,,
50,Fullerton,3,FTT,09011 + 09012 + 09013,Engineering,Government,,,,,,
50,Fullerton,3,FTT,09011 + 09012 + 09013,Engineering,No Wages,10,,,20,,
50,Fullerton,3,FTT,09011 + 09012 + 09013,Engineering,Wages - No NAICS Code,,,,,,
50,Fullerton,3,FTT,09081,Civil Engineering,Utilities,,,,,,
50,Fullerton,3,FTT,09081,Civil Engineering,Construction,,,,,,
50,Fullerton,3,FTT,09081,Civil Engineering,Manufacturing,,,,,,
50,Fullerton,3,FTT,09081,Civil Engineering,Educational Services,,,,,,
50,Fullerton,3,FTT,09081,Civil Engineering,Health Care & Social Assistance,,,,,,
50,Fullerton,3,FTT,09081,Civil Engineering,Government,,,,,,
50,Fullerton,3,FTT,09081,Civil Engineering,No Wages,23,,,32,,
50,Fullerton,3,FTT,09081,Civil Engineering,Wages - No NAICS Code,,,,,,
50,Fullerton,3,FTT,09091,Electrical Engineering,Utilities,,,,,,
50,Fullerton,3,FTT,09091,Electrical Engineering,Manufacturing,5,"$76,209","$79,769",,,
50,Fullerton,3,FTT,09091,Electrical Engineering,Wholesale Trade,,,,,,
50,Fullerton,3,FTT,09091,Electrical Engineering,Retail Trade,,,,,,
50,Fullerton,3,FTT,09091,Electrical Engineering,"Professional, Scientific, & Technical Skills",,,,,,
50,Fullerton,3,FTT,09091,Electrical Engineering,Admin & Support & Waste Mgmt & Remediation,,,,,,
50,Fullerton,3,FTT,09091,Electrical Engineering,Other Services,,,,,,
50,Fullerton,3,FTT,09091,Electrical Engineering,No Wages,12,,,15,,
50,Fullerton,3,FTT,09091,Electrical Engineering,Wages - No NAICS Code,,,,,,
50,Fullerton,3,FTT,09094,Computer Engineering,"Professional, Scientific, & Technical Skills",,,,,,
50,Fullerton,3,FTT,09094,Computer Engineering,Other Services,,,,,,
50,Fullerton,3,FTT,09094,Computer Engineering,No Wages,,,,6,,
50,Fullerton,3,FTT,09101,Mechanical Engineering,Construction,,,,,,
50,Fullerton,3,FTT,09101,Mechanical Engineering,Manufacturing,,,,,,
50,Fullerton,3,FTT,09101,Mechanical Engineering,Wholesale Trade,,,,,,
50,Fullerton,3,FTT,09101,Mechanical Engineering,Retail Trade,,,,,,
50,Fullerton,3,FTT,09101,Mechanical Engineering,Finance & Insurance,,,,,,
50,Fullerton,3,FTT,09101,Mechanical Engineering,"Professional, Scientific, & Technical Skills",,,,,,
50,Fullerton,3,FTT,09101,Mechanical Engineering,Educational Services,,,,,,
50,Fullerton,3,FTT,09101,Mechanical Engineering,No Wages,16,,,23,,
50,Fullerton,3,FTT,10021 + 10022,Art,"Agriculture, Forestry, Fishing, & Hunting",,,,,,
50,Fullerton,3,FTT,10021 + 10022,Art,Construction,,,,,,
50,Fullerton,3,FTT,10021 + 10022,Art,Manufacturing,,,,,,
50,Fullerton,3,FTT,10021 + 10022,Art,Wholesale Trade,5,"$50,179","$54,486",,,
50,Fullerton,3,FTT,10021 + 10022,Art,Retail Trade,11,"$41,368","$40,549",,,
50,Fullerton,3,FTT,10021 + 10022,Art,Transportation & Warehousing,,,,,,
50,Fullerton,3,FTT,10021 + 10022,Art,Information,9,"$58,646","$61,586",5,"$74,796","$93,991"
50,Fullerton,3,FTT,10021 + 10022,Art,Finance & Insurance,6,"$73,896","$73,975",,,
50,Fullerton,3,FTT,10021 + 10022,Art,Real Estate & Rental & Leasing,,,,,,
50,Fullerton,3,FTT,10021 + 10022,Art,"Professional, Scientific, & Technical Skills",,,,5,"$45,636","$55,572"
50,Fullerton,3,FTT,10021 + 10022,Art,Management of Companies & Enterprises,,,,,,
50,Fullerton,3,FTT,10021 + 10022,Art,Admin & Support & Waste Mgmt & Remediation,,,,,,
50,Fullerton,3,FTT,10021 + 10022,Art,Educational Services,6,"$20,934","$25,841",5,"$60,902","$43,933"
50,Fullerton,3,FTT,10021 + 10022,Art,Health Care & Social Assistance,5,"$22,539","$21,621",,,
50,Fullerton,3,FTT,10021 + 10022,Art,"Arts, Entertainment, & Recreation",,,,,,
50,Fullerton,3,FTT,10021 + 10022,Art,Accommodation & Food Services,,,,,,
50,Fullerton,3,FTT,10021 + 10022,Art,Other Services,,,,,,
50,Fullerton,3,FTT,10021 + 10022,Art,Government,7,"$61,218","$61,320",,,
50,Fullerton,3,FTT,10021 + 10022,Art,No Wages,96,,,138,,
50,Fullerton,3,FTT,10021 + 10022,Art,Wages - No NAICS Code,,,,,,
50,Fullerton,3,FTT,10031,Art History,Educational Services,,,,,,
50,Fullerton,3,FTT,10031,Art History,Accommodation & Food Services,,,,,,
50,Fullerton,3,FTT,10031,Art History,Government,,,,,,
50,Fullerton,3,FTT,10031,Art History,No Wages,,,,7,,
50,Fullerton,3,FTT,10051,Music,Retail Trade,,,,,,
50,Fullerton,3,FTT,10051,Music,Information,,,,,,
50,Fullerton,3,FTT,10051,Music,Real Estate & Rental & Leasing,,,,,,
50,Fullerton,3,FTT,10051,Music,Educational Services,,,,,,
50,Fullerton,3,FTT,10051,Music,Accommodation & Food Services,,,,,,
50,Fullerton,3,FTT,10051,Music,Other Services,,,,,,
50,Fullerton,3,FTT,10051,Music,No Wages,14,,,21,,
50,Fullerton,3,FTT,10051,Music,Wages - No NAICS Code,,,,,,
50,Fullerton,3,FTT,10052,Music Education,Real Estate & Rental & Leasing,,,,,,
50,Fullerton,3,FTT,10052,Music Education,Educational Services,,,,,,
50,Fullerton,3,FTT,10052,Music Education,Other Services,,,,,,
50,Fullerton,3,FTT,10052,Music Education,No Wages,8,,,11,,
50,Fullerton,3,FTT,10071,Theatre Arts,Manufacturing,,,,,,
50,Fullerton,3,FTT,10071,Theatre Arts,Wholesale Trade,,,,,,
50,Fullerton,3,FTT,10071,Theatre Arts,Retail Trade,,,,,,
50,Fullerton,3,FTT,10071,Theatre Arts,Transportation & Warehousing,,,,,,
50,Fullerton,3,FTT,10071,Theatre Arts,Information,,,,,,
50,Fullerton,3,FTT,10071,Theatre Arts,Finance & Insurance,,,,,,
50,Fullerton,3,FTT,10071,Theatre Arts,Real Estate & Rental & Leasing,,,,,,
50,Fullerton,3,FTT,10071,Theatre Arts,Admin & Support & Waste Mgmt & Remediation,,,,,,
50,Fullerton,3,FTT,10071,Theatre Arts,Educational Services,10,"$18,054","$24,232",,,
50,Fullerton,3,FTT,10071,Theatre Arts,Health Care & Social Assistance,,,,,,
50,Fullerton,3,FTT,10071,Theatre Arts,"Arts, Entertainment, & Recreation",,,,,,
50,Fullerton,3,FTT,10071,Theatre Arts,Accommodation & Food Services,6,"$16,367","$22,591",,,
50,Fullerton,3,FTT,10071,Theatre Arts,Government,,,,,,
50,Fullerton,3,FTT,10071,Theatre Arts,No Wages,29,,,49,,
50,Fullerton,3,FTT,10071,Theatre Arts,Wages - No NAICS Code,,,,,,
50,Fullerton,3,FTT,10081,Dance,Finance & Insurance,,,,,,
50,Fullerton,3,FTT,10081,Dance,Admin & Support & Waste Mgmt & Remediation,,,,,,
50,Fullerton,3,FTT,10081,Dance,Educational Services,,,,,,
50,Fullerton,3,FTT,10081,Dance,No Wages,10,,,13,,
50,Fullerton,3,FTT,11021,French,Information,,,,,,
50,Fullerton,3,FTT,11021,French,Accommodation & Food Services,,,,,,
50,Fullerton,3,FTT,11021,French,Other Services,,,,,,
50,Fullerton,3,FTT,11021,French,No Wages,5,,,5,,
50,Fullerton,3,FTT,11021,French,Wages - No NAICS Code,,,,,,
50,Fullerton,3,FTT,11031,German,Wholesale Trade,,,,,,
50,Fullerton,3,FTT,11051,Spanish,Wholesale Trade,,,,,,
50,Fullerton,3,FTT,11051,Spanish,Transportation & Warehousing,,,,,,
50,Fullerton,3,FTT,11051,Spanish,Information,,,,,,
50,Fullerton,3,FTT,11051,Spanish,Finance & Insurance,,,,,,
50,Fullerton,3,FTT,11051,Spanish,Admin & Support & Waste Mgmt & Remediation,,,,,,
50,Fullerton,3,FTT,11051,Spanish,Educational Services,,,,,,
50,Fullerton,3,FTT,11051,Spanish,Health Care & Social Assistance,,,,,,
50,Fullerton,3,FTT,11051,Spanish,Accommodation & Food Services,,,,,,
50,Fullerton,3,FTT,11051,Spanish,Government,,,,,,
50,Fullerton,3,FTT,11051,Spanish,No Wages,11,,,13,,
50,Fullerton,3,FTT,11081,Japanese,Educational Services,,,,,,
50,Fullerton,3,FTT,11081,Japanese,Health Care & Social Assistance,,,,,,
50,Fullerton,3,FTT,11081,Japanese,"Arts, Entertainment, & Recreation",,,,,,
50,Fullerton,3,FTT,11081,Japanese,No Wages,5,,,9,,
50,Fullerton,3,FTT,12011,Health Science,Wholesale Trade,,,,,,
50,Fullerton,3,FTT,12011,Health Science,Retail Trade,,,,,,
50,Fullerton,3,FTT,12011,Health Science,Finance & Insurance,,,,,,
50,Fullerton,3,FTT,12011,Health Science,"Professional, Scientific, & Technical Skills",,,,,,
50,Fullerton,3,FTT,12011,Health Science,Admin & Support & Waste Mgmt & Remediation,,,,,,
50,Fullerton,3,FTT,12011,Health Science,Educational Services,,,,,,
50,Fullerton,3,FTT,12011,Health Science,Health Care & Social Assistance,,,,,,
50,Fullerton,3,FTT,12011,Health Science,Government,,,,,,
50,Fullerton,3,FTT,12011,Health Science,No Wages,31,,,34,,
50,Fullerton,3,FTT,12011,Health Science,Wages - No NAICS Code,,,,,,
50,Fullerton,3,FTT,12201,Communicative Disorders,Finance & Insurance,,,,,,
50,Fullerton,3,FTT,12201,Communicative Disorders,Real Estate & Rental & Leasing,,,,,,
50,Fullerton,3,FTT,12201,Communicative Disorders,"Professional, Scientific, & Technical Skills",,,,,,
50,Fullerton,3,FTT,12201,Communicative Disorders,Educational Services,,,,,,
50,Fullerton,3,FTT,12201,Communicative Disorders,Health Care & Social Assistance,,,,,,
50,Fullerton,3,FTT,12201,Communicative Disorders,No Wages,18,,,23,,
50,Fullerton,3,FTT,15011,English,Construction,,,,,,
50,Fullerton,3,FTT,15011,English,Manufacturing,,,,,,
50,Fullerton,3,FTT,15011,English,Wholesale Trade,,,,,,
50,Fullerton,3,FTT,15011,English,Retail Trade,6,"$64,057","$63,998",,,
50,Fullerton,3,FTT,15011,English,Information,5,"$40,404","$37,982",,,
50,Fullerton,3,FTT,15011,English,Finance & Insurance,,,,,,
50,Fullerton,3,FTT,15011,English,Real Estate & Rental & Leasing,,,,,,
50,Fullerton,3,FTT,15011,English,"Professional, Scientific, & Technical Skills",5,"$52,580","$47,852",,,
50,Fullerton,3,FTT,15011,English,Admin & Support & Waste Mgmt & Remediation,,,,,,
50,Fullerton,3,FTT,15011,English,Educational Services,12,"$46,297","$44,530",10,"$58,937","$55,899"
50,Fullerton,3,FTT,15011,English,Health Care & Social Assistance,,,,,,
50,Fullerton,3,FTT,15011,English,"Arts, Entertainment, & Recreation",,,,,,
50,Fullerton,3,FTT,15011,English,Accommodation & Food Services,,,,,,
50,Fullerton,3,FTT,15011,English,Other Services,,,,,,
50,Fullerton,3,FTT,15011,English,Government,,,,,,
50,Fullerton,3,FTT,15011,English,No Wages,48,,,75,,
50,Fullerton,3,FTT,15011,English,Wages - No NAICS Code,,,,,,
50,Fullerton,3,FTT,15031,Comparative Literature,Information,,,,,,
50,Fullerton,3,FTT,15031,Comparative Literature,No Wages,,,,,,
50,Fullerton,3,FTT,15051,Linguistics,"Professional, Scientific, & Technical Skills",,,,,,
50,Fullerton,3,FTT,15051,Linguistics,Educational Services,,,,,,
50,Fullerton,3,FTT,15051,Linguistics,Accommodation & Food Services,,,,,,
50,Fullerton,3,FTT,15051,Linguistics,Non-Classified,,,,,,
50,Fullerton,3,FTT,15051,Linguistics,Government,,,,,,
50,Fullerton,3,FTT,15051,Linguistics,No Wages,,,,,,
50,Fullerton,3,FTT,15061,Speech Communication,Transportation & Warehousing,,,,,,
50,Fullerton,3,FTT,15061,Speech Communication,Information,,,,,,
50,Fullerton,3,FTT,15061,Speech Communication,Finance & Insurance,,,,,,
50,Fullerton,3,FTT,15061,Speech Communication,Real Estate & Rental & Leasing,,,,,,
50,Fullerton,3,FTT,15061,Speech Communication,"Professional, Scientific, & Technical Skills",,,,,,
50,Fullerton,3,FTT,15061,Speech Communication,Educational Services,,,,,,
50,Fullerton,3,FTT,15061,Speech Communication,Health Care & Social Assistance,,,,,,
50,Fullerton,3,FTT,15061,Speech Communication,Government,,,,,,
50,Fullerton,3,FTT,15061,Speech Communication,No Wages,19,,,26,,
50,Fullerton,3,FTT,15091,Philosophy,Construction,,,,,,
50,Fullerton,3,FTT,15091,Philosophy,Wholesale Trade,,,,,,
50,Fullerton,3,FTT,15091,Philosophy,Retail Trade,,,,,,
50,Fullerton,3,FTT,15091,Philosophy,Transportation & Warehousing,,,,,,
50,Fullerton,3,FTT,15091,Philosophy,Admin & Support & Waste Mgmt & Remediation,,,,,,
50,Fullerton,3,FTT,15091,Philosophy,Health Care & Social Assistance,,,,,,
50,Fullerton,3,FTT,15091,Philosophy,Other Services,,,,,,
50,Fullerton,3,FTT,15091,Philosophy,Government,,,,,,
50,Fullerton,3,FTT,15091,Philosophy,No Wages,11,,,17,,
50,Fullerton,3,FTT,15091,Philosophy,Wages - No NAICS Code,,,,,,
50,Fullerton,3,FTT,15101,Religious Studies,Health Care & Social Assistance,,,,,,
50,Fullerton,3,FTT,15101,Religious Studies,No Wages,5,,,6,,
50,Fullerton,3,FTT,17011,Mathematics,Manufacturing,,,,,,
50,Fullerton,3,FTT,17011,Mathematics,Wholesale Trade,,,,,,
50,Fullerton,3,FTT,17011,Mathematics,Retail Trade,,,,,,
50,Fullerton,3,FTT,17011,Mathematics,Finance & Insurance,,,,,,
50,Fullerton,3,FTT,17011,Mathematics,Admin & Support & Waste Mgmt & Remediation,,,,,,
50,Fullerton,3,FTT,17011,Mathematics,Educational Services,10,"$44,275","$43,797",6,"$65,710","$66,404"
50,Fullerton,3,FTT,17011,Mathematics,Health Care & Social Assistance,,,,,,
50,Fullerton,3,FTT,17011,Mathematics,"Arts, Entertainment, & Recreation",,,,,,
50,Fullerton,3,FTT,17011,Mathematics,Government,,,,,,
50,Fullerton,3,FTT,17011,Mathematics,No Wages,23,,,31,,
50,Fullerton,3,FTT,17021,Statistics,No Wages,,,,,,
50,Fullerton,3,FTT,17031,Applied Mathematics,Finance & Insurance,,,,,,
50,Fullerton,3,FTT,17031,Applied Mathematics,Government,,,,,,
50,Fullerton,3,FTT,17031,Applied Mathematics,No Wages,,,,5,,
50,Fullerton,3,FTT,19021,Physics,No Wages,7,,,7,,
50,Fullerton,3,FTT,19051,Chemistry,Manufacturing,,,,,,
50,Fullerton,3,FTT,19051,Chemistry,Wholesale Trade,,,,,,
50,Fullerton,3,FTT,19051,Chemistry,Retail Trade,,,,,,
50,Fullerton,3,FTT,19051,Chemistry,Transportation & Warehousing,,,,,,
50,Fullerton,3,FTT,19051,Chemistry,Finance & Insurance,,,,,,
50,Fullerton,3,FTT,19051,Chemistry,"Professional, Scientific, & Technical Skills",,,,,,
50,Fullerton,3,FTT,19051,Chemistry,Educational Services,,,,,,
50,Fullerton,3,FTT,19051,Chemistry,Health Care & Social Assistance,,,,,,
50,Fullerton,3,FTT,19051,Chemistry,Other Services,,,,,,
50,Fullerton,3,FTT,19051,Chemistry,No Wages,15,,,18,,
50,Fullerton,3,FTT,19051,Chemistry,Wages - No NAICS Code,,,,,,
50,Fullerton,3,FTT,19141,Geology,Manufacturing,,,,,,
50,Fullerton,3,FTT,19141,Geology,Transportation & Warehousing,,,,,,
50,Fullerton,3,FTT,19141,Geology,Admin & Support & Waste Mgmt & Remediation,,,,,,
50,Fullerton,3,FTT,19141,Geology,No Wages,,,,5,,
50,Fullerton,3,FTT,20011 + 20013,Psychology,Construction,,,,,,
50,Fullerton,3,FTT,20011 + 20013,Psychology,Manufacturing,,,,,,
50,Fullerton,3,FTT,20011 + 20013,Psychology,Wholesale Trade,,,,,,
50,Fullerton,3,FTT,20011 + 20013,Psychology,Retail Trade,,,,,,
50,Fullerton,3,FTT,20011 + 20013,Psychology,Information,,,,,,
50,Fullerton,3,FTT,20011 + 20013,Psychology,Finance & Insurance,8,"$61,531","$57,981",7,"$53,308","$43,350"
50,Fullerton,3,FTT,20011 + 20013,Psychology,Real Estate & Rental & Leasing,,,,,,
50,Fullerton,3,FTT,20011 + 20013,Psychology,"Professional, Scientific, & Technical Skills",8,"$62,798","$68,367",9,"$37,037","$80,406"
50,Fullerton,3,FTT,20011 + 20013,Psychology,Management of Companies & Enterprises,,,,,,
50,Fullerton,3,FTT,20011 + 20013,Psychology,Admin & Support & Waste Mgmt & Remediation,,,,,,
50,Fullerton,3,FTT,20011 + 20013,Psychology,Educational Services,9,"$40,580","$38,143",5,"$27,574","$25,284"
50,Fullerton,3,FTT,20011 + 20013,Psychology,Health Care & Social Assistance,13,"$55,518","$62,706",7,"$46,788","$43,790"
50,Fullerton,3,FTT,20011 + 20013,Psychology,"Arts, Entertainment, & Recreation",,,,,,
50,Fullerton,3,FTT,20011 + 20013,Psychology,Accommodation & Food Services,5,"$40,109","$38,280",,,
50,Fullerton,3,FTT,20011 + 20013,Psychology,Other Services,,,,,,
50,Fullerton,3,FTT,20011 + 20013,Psychology,Government,7,"$61,400","$61,150",5,"$89,127","$89,534"
50,Fullerton,3,FTT,20011 + 20013,Psychology,No Wages,142,,,173,,
50,Fullerton,3,FTT,20011 + 20013,Psychology,Wages - No NAICS Code,6,"$9,097","$9,778",,,
50,Fullerton,3,FTT,21021,Public Administration,Transportation & Warehousing,,,,,,
50,Fullerton,3,FTT,21021,Public Administration,Government,,,,,,
50,Fullerton,3,FTT,21021,Public Administration,No Wages,5,,,10,,
50,Fullerton,3,FTT,21042,Human Services,Construction,,,,,,
50,Fullerton,3,FTT,21042,Human Services,Manufacturing,,,,,,
50,Fullerton,3,FTT,21042,Human Services,Retail Trade,,,,,,
50,Fullerton,3,FTT,21042,Human Services,Information,,,,,,
50,Fullerton,3,FTT,21042,Human Services,Finance & Insurance,,,,,,
50,Fullerton,3,FTT,21042,Human Services,"Professional, Scientific, & Technical Skills",,,,,,
50,Fullerton,3,FTT,21042,Human Services,Admin & Support & Waste Mgmt & Remediation,,,,,,
50,Fullerton,3,FTT,21042,Human Services,Educational Services,,,,,,
50,Fullerton,3,FTT,21042,Human Services,Health Care & Social Assistance,,,,,,
50,Fullerton,3,FTT,21042,Human Services,Other Services,,,,,,
50,Fullerton,3,FTT,21042,Human Services,Government,,,,,,
50,Fullerton,3,FTT,21042,Human Services,No Wages,28,,,32,,
50,Fullerton,3,FTT,21042,Human Services,Wages - No NAICS Code,,,,,,
50,Fullerton,3,FTT,21051,Criminal Justice,Construction,,,,,,
50,Fullerton,3,FTT,21051,Criminal Justice,Wholesale Trade,,,,,,
50,Fullerton,3,FTT,21051,Criminal Justice,Retail Trade,,,,,,
50,Fullerton,3,FTT,21051,Criminal Justice,Transportation & Warehousing,,,,,,
50,Fullerton,3,FTT,21051,Criminal Justice,Information,,,,,,
50,Fullerton,3,FTT,21051,Criminal Justice,Finance & Insurance,5,"$50,959","$65,222",,,
50,Fullerton,3,FTT,21051,Criminal Justice,"Professional, Scientific, & Technical Skills",,,,,,
50,Fullerton,3,FTT,21051,Criminal Justice,Management of Companies & Enterprises,,,,,,
50,Fullerton,3,FTT,21051,Criminal Justice,Admin & Support & Waste Mgmt & Remediation,,,,,,
50,Fullerton,3,FTT,21051,Criminal Justice,Educational Services,5,"$40,352","$40,115",,,
50,Fullerton,3,FTT,21051,Criminal Justice,Health Care & Social Assistance,6,"$31,117","$28,044",,,
50,Fullerton,3,FTT,21051,Criminal Justice,Accommodation & Food Services,,,,,,
50,Fullerton,3,FTT,21051,Criminal Justice,Government,14,"$75,923","$94,384",8,"$87,686","$97,919"
50,Fullerton,3,FTT,21051,Criminal Justice,No Wages,61,,,83,,
50,Fullerton,3,FTT,21051,Criminal Justice,Wages - No NAICS Code,,,,,,
50,Fullerton,3,FTT,22021,Anthropology,Manufacturing,,,,,,
50,Fullerton,3,FTT,22021,Anthropology,Information,,,,,,
50,Fullerton,3,FTT,22021,Anthropology,"Professional, Scientific, & Technical Skills",,,,,,
50,Fullerton,3,FTT,22021,Anthropology,Admin & Support & Waste Mgmt & Remediation,,,,,,
50,Fullerton,3,FTT,22021,Anthropology,Educational Services,,,,,,
50,Fullerton,3,FTT,22021,Anthropology,Health Care & Social Assistance,,,,,,
50,Fullerton,3,FTT,22021,Anthropology,Accommodation & Food Services,,,,,,
50,Fullerton,3,FTT,22021,Anthropology,Other Services,,,,,,
50,Fullerton,3,FTT,22021,Anthropology,No Wages,10,,,14,,
50,Fullerton,3,FTT,22021,Anthropology,Wages - No NAICS Code,,,,,,
50,Fullerton,3,FTT,22041,Economics,Finance & Insurance,,,,,,
50,Fullerton,3,FTT,22041,Economics,Real Estate & Rental & Leasing,,,,,,
50,Fullerton,3,FTT,22041,Economics,"Professional, Scientific, & Technical Skills",,,,,,
50,Fullerton,3,FTT,22041,Economics,Accommodation & Food Services,,,,,,
50,Fullerton,3,FTT,22041,Economics,No Wages,16,,,16,,
50,Fullerton,3,FTT,22041,Economics,Wages - No NAICS Code,,,,,,
50,Fullerton,3,FTT,22051,History,Utilities,,,,,,
50,Fullerton,3,FTT,22051,History,Construction,,,,,,
50,Fullerton,3,FTT,22051,History,Manufacturing,,,,,,
50,Fullerton,3,FTT,22051,History,Wholesale Trade,,,,,,
50,Fullerton,3,FTT,22051,History,Retail Trade,5,"$60,827","$49,948",,,
50,Fullerton,3,FTT,22051,History,Transportation & Warehousing,,,,,,
50,Fullerton,3,FTT,22051,History,Information,,,,,,
50,Fullerton,3,FTT,22051,History,Finance & Insurance,5,"$63,218","$87,530",,,
50,Fullerton,3,FTT,22051,History,Real Estate & Rental & Leasing,,,,,,
50,Fullerton,3,FTT,22051,History,Admin & Support & Waste Mgmt & Remediation,,,,,,
50,Fullerton,3,FTT,22051,History,Educational Services,17,"$39,897","$40,161",8,"$54,686","$54,274"
50,Fullerton,3,FTT,22051,History,Health Care & Social Assistance,5,"$45,166","$46,593",,,
50,Fullerton,3,FTT,22051,History,"Arts, Entertainment, & Recreation",,,,,,
50,Fullerton,3,FTT,22051,History,Accommodation & Food Services,,,,,,
50,Fullerton,3,FTT,22051,History,Other Services,,,,,,
50,Fullerton,3,FTT,22051,History,Government,,,,,,
50,Fullerton,3,FTT,22051,History,No Wages,57,,,85,,
50,Fullerton,3,FTT,22051,History,Wages - No NAICS Code,,,,,,
50,Fullerton,3,FTT,22061 + 22063,Geography,Wholesale Trade,,,,,,
50,Fullerton,3,FTT,22061 + 22063,Geography,Retail Trade,,,,,,
50,Fullerton,3,FTT,22061 + 22063,Geography,Information,,,,,,
50,Fullerton,3,FTT,22061 + 22063,Geography,Finance & Insurance,,,,,,
50,Fullerton,3,FTT,22061 + 22063,Geography,"Professional, Scientific, & Technical Skills",,,,,,
50,Fullerton,3,FTT,22061 + 22063,Geography,Accommodation & Food Services,,,,,,
50,Fullerton,3,FTT,22061 + 22063,Geography,Government,,,,,,
50,Fullerton,3,FTT,22061 + 22063,Geography,No Wages,9,,,12,,
50,Fullerton,3,FTT,22071,Political Science,Manufacturing,,,,,,
50,Fullerton,3,FTT,22071,Political Science,Wholesale Trade,,,,,,
50,Fullerton,3,FTT,22071,Political Science,Finance & Insurance,,,,,,
50,Fullerton,3,FTT,22071,Political Science,Real Estate & Rental & Leasing,,,,,,
50,Fullerton,3,FTT,22071,Political Science,"Professional, Scientific, & Technical Skills",,,,,,
50,Fullerton,3,FTT,22071,Political Science,Admin & Support & Waste Mgmt & Remediation,,,,,,
50,Fullerton,3,FTT,22071,Political Science,Educational Services,,,,,,
50,Fullerton,3,FTT,22071,Political Science,Accommodation & Food Services,,,,,,
50,Fullerton,3,FTT,22071,Political Science,Government,,,,,,
50,Fullerton,3,FTT,22071,Political Science,No Wages,23,,,25,,
50,Fullerton,3,FTT,22071,Political Science,Wages - No NAICS Code,,,,,,
50,Fullerton,3,FTT,22081,Sociology,Construction,,,,,,
50,Fullerton,3,FTT,22081,Sociology,Manufacturing,,,,,,
50,Fullerton,3,FTT,22081,Sociology,Wholesale Trade,,,,,,
50,Fullerton,3,FTT,22081,Sociology,Retail Trade,,,,,,
50,Fullerton,3,FTT,22081,Sociology,Information,,,,,,
50,Fullerton,3,FTT,22081,Sociology,Finance & Insurance,,,,,,
50,Fullerton,3,FTT,22081,Sociology,Real Estate & Rental & Leasing,,,,,,
50,Fullerton,3,FTT,22081,Sociology,"Professional, Scientific, & Technical Skills",,,,,,
50,Fullerton,3,FTT,22081,Sociology,Management of Companies & Enterprises,,,,,,
50,Fullerton,3,FTT,22081,Sociology,Admin & Support & Waste Mgmt & Remediation,,,,,,
50,Fullerton,3,FTT,22081,Sociology,Educational Services,5,"$41,922","$46,831",6,"$60,011","$54,548"
50,Fullerton,3,FTT,22081,Sociology,Health Care & Social Assistance,,,,,,
50,Fullerton,3,FTT,22081,Sociology,Accommodation & Food Services,,,,,,
50,Fullerton,3,FTT,22081,Sociology,Government,,,,,,
50,Fullerton,3,FTT,22081,Sociology,No Wages,51,,,67,,
50,Fullerton,3,FTT,22081,Sociology,Wages - No NAICS Code,,,,,,
50,Fullerton,3,FTT,22111,African-American Studies,No Wages,,,,,,
50,Fullerton,3,FTT,22131,Mexican-American Studies,Government,,,,,,
50,Fullerton,3,FTT,22990 + 49991,Women's Studies,No Wages,,,,,,
50,Fullerton,3,FTT,49012 + 49017,Women's Studies,"Agriculture, Forestry, Fishing, & Hunting",,,,,,
50,Fullerton,3,FTT,49012 + 49017,Women's Studies,Utilities,,,,,,
50,Fullerton,3,FTT,49012 + 49017,Women's Studies,Construction,,,,,,
50,Fullerton,3,FTT,49012 + 49017,Women's Studies,Manufacturing,,,,,,
50,Fullerton,3,FTT,49012 + 49017,Women's Studies,Wholesale Trade,,,,,,
50,Fullerton,3,FTT,49012 + 49017,Women's Studies,Retail Trade,7,"$39,715","$38,856",,,
50,Fullerton,3,FTT,49012 + 49017,Women's Studies,Transportation & Warehousing,,,,,,
50,Fullerton,3,FTT,49012 + 49017,Women's Studies,Information,,,,,,
50,Fullerton,3,FTT,49012 + 49017,Women's Studies,Finance & Insurance,9,"$49,038","$63,612",6,"$68,272","$82,455"
50,Fullerton,3,FTT,49012 + 49017,Women's Studies,Real Estate & Rental & Leasing,,,,,,
50,Fullerton,3,FTT,49012 + 49017,Women's Studies,"Professional, Scientific, & Technical Skills",8,"$38,046","$41,121",,,
50,Fullerton,3,FTT,49012 + 49017,Women's Studies,Admin & Support & Waste Mgmt & Remediation,,,,,,
50,Fullerton,3,FTT,49012 + 49017,Women's Studies,Educational Services,30,"$53,789","$46,103",21,"$54,749","$47,891"
50,Fullerton,3,FTT,49012 + 49017,Women's Studies,Health Care & Social Assistance,12,"$30,482","$43,127",8,"$24,202","$42,465"
50,Fullerton,3,FTT,49012 + 49017,Women's Studies,"Arts, Entertainment, & Recreation",,,,,,
50,Fullerton,3,FTT,49012 + 49017,Women's Studies,Accommodation & Food Services,,,,,,
50,Fullerton,3,FTT,49012 + 49017,Women's Studies,Other Services,,,,,,
50,Fullerton,3,FTT,49012 + 49017,Women's Studies,Non-Classified,,,,,,
50,Fullerton,3,FTT,49012 + 49017,Women's Studies,Government,7,"$86,469","$88,536",,,
50,Fullerton,3,FTT,49012 + 49017,Women's Studies,No Wages,128,,,172,,
50,Fullerton,3,FTT,49012 + 49017,Women's Studies,Wages - No NAICS Code,5,"$1,401","$1,411",,,
50,Fullerton,4,FTF + FTT,00000,Undeclared/Unknown,Utilities,,,,,,
50,Fullerton,4,FTF + FTT,00000,Undeclared/Unknown,Construction,,,,,,
50,Fullerton,4,FTF + FTT,00000,Undeclared/Unknown,Manufacturing,5,"$68,885","$85,297",,,
50,Fullerton,4,FTF + FTT,00000,Undeclared/Unknown,Retail Trade,6,"$146,358","$137,255",,,
50,Fullerton,4,FTF + FTT,00000,Undeclared/Unknown,Information,,,,,,
50,Fullerton,4,FTF + FTT,00000,Undeclared/Unknown,Finance & Insurance,5,"$154,482","$126,160",,,
50,Fullerton,4,FTF + FTT,00000,Undeclared/Unknown,"Professional, Scientific, & Technical Skills",7,"$57,233","$70,413",,,
50,Fullerton,4,FTF + FTT,00000,Undeclared/Unknown,Management of Companies & Enterprises,,,,,,
50,Fullerton,4,FTF + FTT,00000,Undeclared/Unknown,Admin & Support & Waste Mgmt & Remediation,,,,,,
50,Fullerton,4,FTF + FTT,00000,Undeclared/Unknown,Educational Services,40,"$67,927","$68,374",19,"$72,287","$69,192"
50,Fullerton,4,FTF + FTT,00000,Undeclared/Unknown,Health Care & Social Assistance,17,"$58,911","$72,653",6,"$81,020","$95,544"
50,Fullerton,4,FTF + FTT,00000,Undeclared/Unknown,"Arts, Entertainment, & Recreation",,,,,,
50,Fullerton,4,FTF + FTT,00000,Undeclared/Unknown,Accommodation & Food Services,,,,,,
50,Fullerton,4,FTF + FTT,00000,Undeclared/Unknown,Other Services,,,,,,
50,Fullerton,4,FTF + FTT,00000,Undeclared/Unknown,Government,6,"$65,069","$72,344",,,
50,Fullerton,4,FTF + FTT,00000,Undeclared/Unknown,No Wages,164,,,233,,
50,Fullerton,4,FTF + FTT,00000,Undeclared/Unknown,Wages - No NAICS Code,9,"$11,230","$21,488",,,
50,Fullerton,4,FTF + FTT,00121 + 12031 + 12032,Nursing,Finance & Insurance,,,,,,
50,Fullerton,4,FTF + FTT,00121 + 12031 + 12032,Nursing,"Professional, Scientific, & Technical Skills",,,,,,
50,Fullerton,4,FTF + FTT,00121 + 12031 + 12032,Nursing,Management of Companies & Enterprises,,,,,,
50,Fullerton,4,FTF + FTT,00121 + 12031 + 12032,Nursing,Admin & Support & Waste Mgmt & Remediation,,,,,,
50,Fullerton,4,FTF + FTT,00121 + 12031 + 12032,Nursing,Educational Services,26,"$92,380","$97,093",8,"$94,945","$104,903"
50,Fullerton,4,FTF + FTT,00121 + 12031 + 12032,Nursing,Health Care & Social Assistance,124,"$128,664","$127,291",31,"$124,844","$125,011"
50,Fullerton,4,FTF + FTT,00121 + 12031 + 12032,Nursing,Other Services,,,,,,
50,Fullerton,4,FTF + FTT,00121 + 12031 + 12032,Nursing,Government,10,"$120,107","$117,606",5,"$102,667","$97,185"
50,Fullerton,4,FTF + FTT,00121 + 12031 + 12032,Nursing,No Wages,291,,,417,,
50,Fullerton,4,FTF + FTT,00121 + 12031 + 12032,Nursing,Wages - No NAICS Code,7,"$91,341","$113,381",,,
50,Fullerton,4,FTF + FTT,03081 + 03085,Latin/Central American Studies,"Professional, Scientific, & Technical Skills",,,,,,
50,Fullerton,4,FTF + FTT,03081 + 03085,Latin/Central American Studies,Educational Services,,,,,,
50,Fullerton,4,FTF + FTT,03081 + 03085,Latin/Central American Studies,Other Services,,,,,,
50,Fullerton,4,FTF + FTT,03081 + 03085,Latin/Central American Studies,Government,,,,,,
50,Fullerton,4,FTF + FTT,03081 + 03085,Latin/Central American Studies,No Wages,6,,,11,,
50,Fullerton,4,FTF + FTT,03101 + 03121 + 03122,European Studies,Educational Services,,,,,,
50,Fullerton,4,FTF + FTT,03101 + 03121 + 03122,European Studies,No Wages,,,,,,
50,Fullerton,4,FTF + FTT,03131,American Studies,Utilities,,,,,,
50,Fullerton,4,FTF + FTT,03131,American Studies,Manufacturing,,,,,,
50,Fullerton,4,FTF + FTT,03131,American Studies,Wholesale Trade,,,,,,
50,Fullerton,4,FTF + FTT,03131,American Studies,Retail Trade,,,,,,
50,Fullerton,4,FTF + FTT,03131,American Studies,Finance & Insurance,,,,,,
50,Fullerton,4,FTF + FTT,03131,American Studies,"Professional, Scientific, & Technical Skills",5,"$35,984","$49,343",,,
50,Fullerton,4,FTF + FTT,03131,American Studies,Educational Services,32,"$75,170","$68,778",7,"$84,699","$73,362"
50,Fullerton,4,FTF + FTT,03131,American Studies,Health Care & Social Assistance,,,,,,
50,Fullerton,4,FTF + FTT,03131,American Studies,Other Services,,,,,,
50,Fullerton,4,FTF + FTT,03131,American Studies,No Wages,97,,,141,,
50,Fullerton,4,FTF + FTT,03131,American Studies,Wages - No NAICS Code,6,"$43,126","$39,286",,,
50,Fullerton,4,FTF + FTT,04011,Biology,Utilities,,,,,,
50,Fullerton,4,FTF + FTT,04011,Biology,Construction,,,,,,
50,Fullerton,4,FTF + FTT,04011,Biology,Manufacturing,11,"$79,419","$97,871",6,"$138,913","$133,411"
50,Fullerton,4,FTF + FTT,04011,Biology,Wholesale Trade,,,,,,
50,Fullerton,4,FTF + FTT,04011,Biology,Retail Trade,24,"$141,012","$141,495",8,"$164,315","$215,886"
50,Fullerton,4,FTF + FTT,04011,Biology,Finance & Insurance,7,"$125,122","$115,603",,,
50,Fullerton,4,FTF + FTT,04011,Biology,Real Estate & Rental & Leasing,,,,,,
50,Fullerton,4,FTF + FTT,04011,Biology,"Professional, Scientific, & Technical Skills",17,"$70,416","$77,283",8,"$88,550","$102,848"
50,Fullerton,4,FTF + FTT,04011,Biology,Admin & Support & Waste Mgmt & Remediation,,,,,,
50,Fullerton,4,FTF + FTT,04011,Biology,Educational Services,53,"$78,001","$77,156",16,"$93,382","$91,107"
50,Fullerton,4,FTF + FTT,04011,Biology,Health Care & Social Assistance,71,"$104,997","$113,406",29,"$121,723","$116,419"
50,Fullerton,4,FTF + FTT,04011,Biology,Accommodation & Food Services,,,,,,
50,Fullerton,4,FTF + FTT,04011,Biology,Other Services,,,,,,
50,Fullerton,4,FTF + FTT,04011,Biology,Government,11,"$86,038","$83,280",,,
50,Fullerton,4,FTF + FTT,04011,Biology,No Wages,423,,,564,,
50,Fullerton,4,FTF + FTT,04011,Biology,Wages - No NAICS Code,14,"$40,834","$39,845",,,
50,Fullerton,4,FTF + FTT,04141,Biochemistry,Manufacturing,6,"$115,373","$160,503",,,
50,Fullerton,4,FTF + FTT,04141,Biochemistry,Wholesale Trade,,,,,,
50,Fullerton,4,FTF + FTT,04141,Biochemistry,Retail Trade,15,"$136,662","$132,865",7,"$117,839","$120,191"
50,Fullerton,4,FTF + FTT,04141,Biochemistry,Finance & Insurance,,,,,,
50,Fullerton,4,FTF + FTT,04141,Biochemistry,"Professional, Scientific, & Technical Skills",5,"$101,782","$105,621",,,
50,Fullerton,4,FTF + FTT,04141,Biochemistry,Admin & Support & Waste Mgmt & Remediation,,,,,,
50,Fullerton,4,FTF + FTT,04141,Biochemistry,Educational Services,7,"$87,144","$101,547",,,
50,Fullerton,4,FTF + FTT,04141,Biochemistry,Health Care & Social Assistance,16,"$156,873","$158,838",11,"$166,244","$225,823"
50,Fullerton,4,FTF + FTT,04141,Biochemistry,Other Services,,,,,,
50,Fullerton,4,FTF + FTT,04141,Biochemistry,Government,8,"$110,703","$122,774",,,
50,Fullerton,4,FTF + FTT,04141,Biochemistry,No Wages,107,,,149,,
50,Fullerton,4,FTF + FTT,04141,Biochemistry,Wages - No NAICS Code,,,,,,
50,Fullerton,4,FTF + FTT,05011,Business Administration,"Agriculture, Forestry, Fishing, & Hunting",,,,,,
50,Fullerton,4,FTF + FTT,05011,Business Administration,Utilities,10,"$108,425","$106,186",,,
50,Fullerton,4,FTF + FTT,05011,Business Administration,Construction,18,"$80,982","$92,568",7,"$86,775","$114,450"
50,Fullerton,4,FTF + FTT,05011,Business Administration,Manufacturing,95,"$95,881","$102,014",28,"$107,989","$118,312"
50,Fullerton,4,FTF + FTT,05011,Business Administration,Wholesale Trade,47,"$103,047","$127,187",18,"$108,518","$146,586"
50,Fullerton,4,FTF + FTT,05011,Business Administration,Retail Trade,29,"$76,711","$87,830",7,"$111,067","$106,698"
50,Fullerton,4,FTF + FTT,05011,Business Administration,Transportation & Warehousing,7,"$90,848","$88,342",,,
50,Fullerton,4,FTF + FTT,05011,Business Administration,Information,34,"$87,382","$109,576",12,"$125,344","$131,318"
50,Fullerton,4,FTF + FTT,05011,Business Administration,Finance & Insurance,103,"$88,424","$107,368",28,"$129,577","$166,201"
50,Fullerton,4,FTF + FTT,05011,Business Administration,Real Estate & Rental & Leasing,24,"$106,650","$109,769",11,"$116,652","$144,296"
50,Fullerton,4,FTF + FTT,05011,Business Administration,"Professional, Scientific, & Technical Skills",118,"$100,823","$109,713",42,"$126,980","$134,604"
50,Fullerton,4,FTF + FTT,05011,Business Administration,Management of Companies & Enterprises,6,"$105,830","$122,955",,,
50,Fullerton,4,FTF + FTT,05011,Business Administration,Admin & Support & Waste Mgmt & Remediation,37,"$72,089","$86,188",8,"$93,381","$115,596"
50,Fullerton,4,FTF + FTT,05011,Business Administration,Educational Services,94,"$72,427","$74,958",23,"$84,259","$73,380"
50,Fullerton,4,FTF + FTT,05011,Business Administration,Health Care & Social Assistance,36,"$78,009","$81,820",9,"$66,588","$105,366"
50,Fullerton,4,FTF + FTT,05011,Business Administration,"Arts, Entertainment, & Recreation",6,"$64,808","$64,554",,,
50,Fullerton,4,FTF + FTT,05011,Business Administration,Accommodation & Food Services,13,"$57,246","$65,966",,,
50,Fullerton,4,FTF + FTT,05011,Business Administration,Other Services,10,"$70,189","$53,751",,,
50,Fullerton,4,FTF + FTT,05011,Business Administration,Non-Classified,,,,,,
50,Fullerton,4,FTF + FTT,05011,Business Administration,Government,32,"$79,641","$90,267",10,"$94,892","$98,526"
50,Fullerton,4,FTF + FTT,05011,Business Administration,No Wages,"1,269",,,"1,791",,
50,Fullerton,4,FTF + FTT,05011,Business Administration,Wages - No NAICS Code,24,"$15,894","$31,240",10,"$36,151","$43,133"
50,Fullerton,4,FTF + FTT,05041,Finance,Educational Services,,,,,,
50,Fullerton,4,FTF + FTT,05041,Finance,No Wages,,,,,,
50,Fullerton,4,FTF + FTT,05061,Management,Educational Services,,,,,,
50,Fullerton,4,FTF + FTT,05061,Management,No Wages,,,,,,
50,Fullerton,4,FTF + FTT,05091,Marketing,No Wages,,,,,,
50,Fullerton,4,FTF + FTT,05131,International Business,Construction,,,,,,
50,Fullerton,4,FTF + FTT,05131,International Business,Manufacturing,,,,,,
50,Fullerton,4,FTF + FTT,05131,International Business,Wholesale Trade,6,"$81,904","$70,447",,,
50,Fullerton,4,FTF + FTT,05131,International Business,Retail Trade,,,,,,
50,Fullerton,4,FTF + FTT,05131,International Business,Transportation & Warehousing,,,,,,
50,Fullerton,4,FTF + FTT,05131,International Business,Information,,,,,,
50,Fullerton,4,FTF + FTT,05131,International Business,Finance & Insurance,,,,,,
50,Fullerton,4,FTF + FTT,05131,International Business,Real Estate & Rental & Leasing,,,,,,
50,Fullerton,4,FTF + FTT,05131,International Business,"Professional, Scientific, & Technical Skills",6,"$66,640","$119,641",,,
50,Fullerton,4,FTF + FTT,05131,International Business,Admin & Support & Waste Mgmt & Remediation,,,,,,
50,Fullerton,4,FTF + FTT,05131,International Business,Educational Services,8,"$72,753","$65,888",,,
50,Fullerton,4,FTF + FTT,05131,International Business,Health Care & Social Assistance,,,,,,
50,Fullerton,4,FTF + FTT,05131,International Business,Accommodation & Food Services,,,,,,
50,Fullerton,4,FTF + FTT,05131,International Business,Government,,,,,,
50,Fullerton,4,FTF + FTT,05131,International Business,No Wages,57,,,94,,
50,Fullerton,4,FTF + FTT,05131,International Business,Wages - No NAICS Code,,,,,,
50,Fullerton,4,FTF + FTT,05992,Public Relations,Other Services,,,,,,
50,Fullerton,4,FTF + FTT,05992,Public Relations,No Wages,8,,,9,,
50,Fullerton,4,FTF + FTT,06011,Communications,Utilities,6,"$104,790","$89,947",,,
50,Fullerton,4,FTF + FTT,06011,Communications,Construction,,,,,,
50,Fullerton,4,FTF + FTT,06011,Communications,Manufacturing,12,"$99,804","$104,730",,,
50,Fullerton,4,FTF + FTT,06011,Communications,Wholesale Trade,11,"$80,881","$81,364",,,
50,Fullerton,4,FTF + FTT,06011,Communications,Retail Trade,7,"$36,422","$42,190",,,
50,Fullerton,4,FTF + FTT,06011,Communications,Transportation & Warehousing,,,,,,
50,Fullerton,4,FTF + FTT,06011,Communications,Information,12,"$53,849","$60,359",,,
50,Fullerton,4,FTF + FTT,06011,Communications,Finance & Insurance,14,"$91,650","$85,217",7,"$65,858","$75,717"
50,Fullerton,4,FTF + FTT,06011,Communications,Real Estate & Rental & Leasing,,,,,,
50,Fullerton,4,FTF + FTT,06011,Communications,"Professional, Scientific, & Technical Skills",20,"$86,080","$98,601",,,
50,Fullerton,4,FTF + FTT,06011,Communications,Admin & Support & Waste Mgmt & Remediation,10,"$49,043","$79,017",,,
50,Fullerton,4,FTF + FTT,06011,Communications,Educational Services,129,"$71,700","$67,005",41,"$79,821","$74,371"
50,Fullerton,4,FTF + FTT,06011,Communications,Health Care & Social Assistance,14,"$52,494","$63,637",5,"$29,779","$58,606"
50,Fullerton,4,FTF + FTT,06011,Communications,"Arts, Entertainment, & Recreation",5,"$34,894","$34,581",,,
50,Fullerton,4,FTF + FTT,06011,Communications,Accommodation & Food Services,5,"$28,052","$37,668",,,
50,Fullerton,4,FTF + FTT,06011,Communications,Other Services,7,"$54,184","$57,964",,,
50,Fullerton,4,FTF + FTT,06011,Communications,Government,23,"$87,326","$87,668",6,"$101,086","$97,949"
50,Fullerton,4,FTF + FTT,06011,Communications,No Wages,552,,,770,,
50,Fullerton,4,FTF + FTT,06011,Communications,Wages - No NAICS Code,14,"$39,350","$50,018",,,
50,Fullerton,4,FTF + FTT,06021 + 06022,Journalism,Government,,,,,,
50,Fullerton,4,FTF + FTT,06021 + 06022,Journalism,No Wages,13,,,15,,
50,Fullerton,4,FTF + FTT,06031,Radio/Television/Broadcast,"Agriculture, Forestry, Fishing, & Hunting",,,,,,
50,Fullerton,4,FTF + FTT,06031,Radio/Television/Broadcast,Manufacturing,,,,,,
50,Fullerton,4,FTF + FTT,06031,Radio/Television/Broadcast,Wholesale Trade,,,,,,
50,Fullerton,4,FTF + FTT,06031,Radio/Television/Broadcast,Information,,,,,,
50,Fullerton,4,FTF + FTT,06031,Radio/Television/Broadcast,Finance & Insurance,,,,,,
50,Fullerton,4,FTF + FTT,06031,Radio/Television/Broadcast,"Professional, Scientific, & Technical Skills",,,,,,
50,Fullerton,4,FTF + FTT,06031,Radio/Television/Broadcast,Management of Companies & Enterprises,,,,,,
50,Fullerton,4,FTF + FTT,06031,Radio/Television/Broadcast,Admin & Support & Waste Mgmt & Remediation,,,,,,
50,Fullerton,4,FTF + FTT,06031,Radio/Television/Broadcast,Educational Services,22,"$65,011","$56,924",6,"$81,769","$72,180"
50,Fullerton,4,FTF + FTT,06031,Radio/Television/Broadcast,Health Care & Social Assistance,,,,,,
50,Fullerton,4,FTF + FTT,06031,Radio/Television/Broadcast,"Arts, Entertainment, & Recreation",,,,,,
50,Fullerton,4,FTF + FTT,06031,Radio/Television/Broadcast,Accommodation & Food Services,,,,,,
50,Fullerton,4,FTF + FTT,06031,Radio/Television/Broadcast,Other Services,,,,,,
50,Fullerton,4,FTF + FTT,06031,Radio/Television/Broadcast,Government,,,,,,
50,Fullerton,4,FTF + FTT,06031,Radio/Television/Broadcast,No Wages,106,,,138,,
50,Fullerton,4,FTF + FTT,06041,Advertising,Finance & Insurance,,,,,,
50,Fullerton,4,FTF + FTT,06041,Advertising,Real Estate & Rental & Leasing,,,,,,
50,Fullerton,4,FTF + FTT,06041,Advertising,Educational Services,,,,,,
50,Fullerton,4,FTF + FTT,06041,Advertising,Health Care & Social Assistance,,,,,,
50,Fullerton,4,FTF + FTT,06041,Advertising,Government,,,,,,
50,Fullerton,4,FTF + FTT,06041,Advertising,No Wages,7,,,9,,
50,Fullerton,4,FTF + FTT,07011 + 07012 + 07028,Graphic Communications,Utilities,,,,,,
50,Fullerton,4,FTF + FTT,07011 + 07012 + 07028,Graphic Communications,Manufacturing,23,"$98,783","$97,960",7,"$131,698","$138,091"
50,Fullerton,4,FTF + FTT,07011 + 07012 + 07028,Graphic Communications,Wholesale Trade,,,,,,
50,Fullerton,4,FTF + FTT,07011 + 07012 + 07028,Graphic Communications,Retail Trade,,,,,,
50,Fullerton,4,FTF + FTT,07011 + 07012 + 07028,Graphic Communications,Information,7,"$114,829","$136,743",,,
50,Fullerton,4,FTF + FTT,07011 + 07012 + 07028,Graphic Communications,Finance & Insurance,5,"$91,365","$89,884",,,
50,Fullerton,4,FTF + FTT,07011 + 07012 + 07028,Graphic Communications,Real Estate & Rental & Leasing,,,,,,
50,Fullerton,4,FTF + FTT,07011 + 07012 + 07028,Graphic Communications,"Professional, Scientific, & Technical Skills",16,"$118,711","$121,894",,,
50,Fullerton,4,FTF + FTT,07011 + 07012 + 07028,Graphic Communications,Admin & Support & Waste Mgmt & Remediation,,,,,,
50,Fullerton,4,FTF + FTT,07011 + 07012 + 07028,Graphic Communications,Educational Services,,,,,,
50,Fullerton,4,FTF + FTT,07011 + 07012 + 07028,Graphic Communications,Health Care & Social Assistance,,,,,,
50,Fullerton,4,FTF + FTT,07011 + 07012 + 07028,Graphic Communications,Accommodation & Food Services,,,,,,
50,Fullerton,4,FTF + FTT,07011 + 07012 + 07028,Graphic Communications,Other Services,,,,,,
50,Fullerton,4,FTF + FTT,07011 + 07012 + 07028,Graphic Communications,Government,,,,,,
50,Fullerton,4,FTF + FTT,07011 + 07012 + 07028,Graphic Communications,No Wages,99,,,158,,
50,Fullerton,4,FTF + FTT,07011 + 07012 + 07028,Graphic Communications,Wages - No NAICS Code,,,,,,
50,Fullerton,4,FTF + FTT,08231 + 08232,Child Development,Construction,,,,,,
50,Fullerton,4,FTF + FTT,08231 + 08232,Child Development,Manufacturing,,,,,,
50,Fullerton,4,FTF + FTT,08231 + 08232,Child Development,Wholesale Trade,,,,,,
50,Fullerton,4,FTF + FTT,08231 + 08232,Child Development,Retail Trade,6,"$69,395","$68,973",,,
50,Fullerton,4,FTF + FTT,08231 + 08232,Child Development,Information,,,,,,
50,Fullerton,4,FTF + FTT,08231 + 08232,Child Development,Finance & Insurance,9,"$67,832","$51,282",,,
50,Fullerton,4,FTF + FTT,08231 + 08232,Child Development,Real Estate & Rental & Leasing,,,,,,
50,Fullerton,4,FTF + FTT,08231 + 08232,Child Development,"Professional, Scientific, & Technical Skills",10,"$36,986","$45,682",,,
50,Fullerton,4,FTF + FTT,08231 + 08232,Child Development,Admin & Support & Waste Mgmt & Remediation,8,"$16,819","$23,410",,,
50,Fullerton,4,FTF + FTT,08231 + 08232,Child Development,Educational Services,667,"$72,678","$68,729",262,"$83,378","$76,510"
50,Fullerton,4,FTF + FTT,08231 + 08232,Child Development,Health Care & Social Assistance,67,"$46,860","$44,635",15,"$64,631","$65,544"
50,Fullerton,4,FTF + FTT,08231 + 08232,Child Development,"Arts, Entertainment, & Recreation",,,,,,
50,Fullerton,4,FTF + FTT,08231 + 08232,Child Development,Accommodation & Food Services,6,"$34,374","$42,253",,,
50,Fullerton,4,FTF + FTT,08231 + 08232,Child Development,Other Services,19,"$45,391","$41,951",6,"$45,607","$46,374"
50,Fullerton,4,FTF + FTT,08231 + 08232,Child Development,Government,18,"$71,166","$78,967",5,"$78,075","$75,524"
50,Fullerton,4,FTF + FTT,08231 + 08232,Child Development,No Wages,962,,,"1,499",,
50,Fullerton,4,FTF + FTT,08231 + 08232,Child Development,Wages - No NAICS Code,25,"$12,136","$22,081",7,$562,"$12,714"
50,Fullerton,4,FTF + FTT,08351,Kinesiology,"Agriculture, Forestry, Fishing, & Hunting",,,,,,
50,Fullerton,4,FTF + FTT,08351,Kinesiology,Mining,,,,,,
50,Fullerton,4,FTF + FTT,08351,Kinesiology,Construction,,,,,,
50,Fullerton,4,FTF + FTT,08351,Kinesiology,Manufacturing,,,,,,
50,Fullerton,4,FTF + FTT,08351,Kinesiology,Wholesale Trade,,,,,,
50,Fullerton,4,FTF + FTT,08351,Kinesiology,Retail Trade,,,,,,
50,Fullerton,4,FTF + FTT,08351,Kinesiology,Transportation & Warehousing,,,,,,
50,Fullerton,4,FTF + FTT,08351,Kinesiology,Information,,,,,,
50,Fullerton,4,FTF + FTT,08351,Kinesiology,Finance & Insurance,,,,,,
50,Fullerton,4,FTF + FTT,08351,Kinesiology,Real Estate & Rental & Leasing,,,,,,
50,Fullerton,4,FTF + FTT,08351,Kinesiology,"Professional, Scientific, & Technical Skills",,,,,,
50,Fullerton,4,FTF + FTT,08351,Kinesiology,Admin & Support & Waste Mgmt & Remediation,7,"$47,536","$46,411",,,
50,Fullerton,4,FTF + FTT,08351,Kinesiology,Educational Services,131,"$77,069","$72,948",40,"$90,606","$102,922"
50,Fullerton,4,FTF + FTT,08351,Kinesiology,Health Care & Social Assistance,74,"$86,123","$82,579",13,"$79,305","$115,800"
50,Fullerton,4,FTF + FTT,08351,Kinesiology,"Arts, Entertainment, & Recreation",8,"$66,228","$58,943",,,
50,Fullerton,4,FTF + FTT,08351,Kinesiology,Accommodation & Food Services,,,,,,
50,Fullerton,4,FTF + FTT,08351,Kinesiology,Other Services,5,"$47,726","$52,689",,,
50,Fullerton,4,FTF + FTT,08351,Kinesiology,Non-Classified,,,,,,
50,Fullerton,4,FTF + FTT,08351,Kinesiology,Government,14,"$89,937","$98,616",,,
50,Fullerton,4,FTF + FTT,08351,Kinesiology,No Wages,435,,,634,,
50,Fullerton,4,FTF + FTT,08351,Kinesiology,Wages - No NAICS Code,10,"$24,133","$33,975",,,
50,Fullerton,4,FTF + FTT,08375,Athletic Training,No Wages,19,,,19,,
50,Fullerton,4,FTF + FTT,09011 + 09012 + 09013,Engineering,Utilities,,,,,,
50,Fullerton,4,FTF + FTT,09011 + 09012 + 09013,Engineering,Manufacturing,9,"$117,528","$121,627",6,"$124,189","$129,990"
50,Fullerton,4,FTF + FTT,09011 + 09012 + 09013,Engineering,Wholesale Trade,,,,,,
50,Fullerton,4,FTF + FTT,09011 + 09012 + 09013,Engineering,Real Estate & Rental & Leasing,,,,,,
50,Fullerton,4,FTF + FTT,09011 + 09012 + 09013,Engineering,"Professional, Scientific, & Technical Skills",,,,,,
50,Fullerton,4,FTF + FTT,09011 + 09012 + 09013,Engineering,Educational Services,,,,,,
50,Fullerton,4,FTF + FTT,09011 + 09012 + 09013,Engineering,Government,,,,,,
50,Fullerton,4,FTF + FTT,09011 + 09012 + 09013,Engineering,No Wages,24,,,34,,
50,Fullerton,4,FTF + FTT,09011 + 09012 + 09013,Engineering,Wages - No NAICS Code,,,,,,
50,Fullerton,4,FTF + FTT,09081,Civil Engineering,"Agriculture, Forestry, Fishing, & Hunting",,,,,,
50,Fullerton,4,FTF + FTT,09081,Civil Engineering,Construction,,,,,,
50,Fullerton,4,FTF + FTT,09081,Civil Engineering,Manufacturing,,,,,,
50,Fullerton,4,FTF + FTT,09081,Civil Engineering,"Professional, Scientific, & Technical Skills",8,"$72,189","$84,424",,,
50,Fullerton,4,FTF + FTT,09081,Civil Engineering,Educational Services,,,,,,
50,Fullerton,4,FTF + FTT,09081,Civil Engineering,Health Care & Social Assistance,,,,,,
50,Fullerton,4,FTF + FTT,09081,Civil Engineering,Government,,,,,,
50,Fullerton,4,FTF + FTT,09081,Civil Engineering,No Wages,94,,,114,,
50,Fullerton,4,FTF + FTT,09081,Civil Engineering,Wages - No NAICS Code,,,,,,
50,Fullerton,4,FTF + FTT,09091,Electrical Engineering,Utilities,,,,,,
50,Fullerton,4,FTF + FTT,09091,Electrical Engineering,Manufacturing,15,"$105,660","$106,731",,,
50,Fullerton,4,FTF + FTT,09091,Electrical Engineering,Wholesale Trade,,,,,,
50,Fullerton,4,FTF + FTT,09091,Electrical Engineering,Retail Trade,,,,,,
50,Fullerton,4,FTF + FTT,09091,Electrical Engineering,"Professional, Scientific, & Technical Skills",9,"$96,214","$104,609",,,
50,Fullerton,4,FTF + FTT,09091,Electrical Engineering,Admin & Support & Waste Mgmt & Remediation,,,,,,
50,Fullerton,4,FTF + FTT,09091,Electrical Engineering,Accommodation & Food Services,,,,,,
50,Fullerton,4,FTF + FTT,09091,Electrical Engineering,Government,,,,,,
50,Fullerton,4,FTF + FTT,09091,Electrical Engineering,No Wages,40,,,67,,
50,Fullerton,4,FTF + FTT,09091,Electrical Engineering,Wages - No NAICS Code,,,,,,
50,Fullerton,4,FTF + FTT,09094,Computer Engineering,No Wages,12,,,12,,
50,Fullerton,4,FTF + FTT,09101,Mechanical Engineering,Manufacturing,,,,,,
50,Fullerton,4,FTF + FTT,09101,Mechanical Engineering,"Professional, Scientific, & Technical Skills",,,,,,
50,Fullerton,4,FTF + FTT,09101,Mechanical Engineering,Educational Services,,,,,,
50,Fullerton,4,FTF + FTT,09101,Mechanical Engineering,Health Care & Social Assistance,,,,,,
50,Fullerton,4,FTF + FTT,09101,Mechanical Engineering,Government,,,,,,
50,Fullerton,4,FTF + FTT,09101,Mechanical Engineering,No Wages,35,,,42,,
50,Fullerton,4,FTF + FTT,10021 + 10022,Art,Utilities,,,,,,
50,Fullerton,4,FTF + FTT,10021 + 10022,Art,Manufacturing,6,"$84,127","$86,457",,,
50,Fullerton,4,FTF + FTT,10021 + 10022,Art,Wholesale Trade,,,,,,
50,Fullerton,4,FTF + FTT,10021 + 10022,Art,Retail Trade,,,,,,
50,Fullerton,4,FTF + FTT,10021 + 10022,Art,Information,,,,,,
50,Fullerton,4,FTF + FTT,10021 + 10022,Art,Finance & Insurance,,,,,,
50,Fullerton,4,FTF + FTT,10021 + 10022,Art,"Professional, Scientific, & Technical Skills",6,"$59,707","$46,812",,,
50,Fullerton,4,FTF + FTT,10021 + 10022,Art,Management of Companies & Enterprises,,,,,,
50,Fullerton,4,FTF + FTT,10021 + 10022,Art,Admin & Support & Waste Mgmt & Remediation,,,,,,
50,Fullerton,4,FTF + FTT,10021 + 10022,Art,Educational Services,56,"$70,819","$64,447",16,"$81,924","$72,526"
50,Fullerton,4,FTF + FTT,10021 + 10022,Art,Health Care & Social Assistance,,,,,,
50,Fullerton,4,FTF + FTT,10021 + 10022,Art,"Arts, Entertainment, & Recreation",,,,,,
50,Fullerton,4,FTF + FTT,10021 + 10022,Art,Other Services,,,,,,
50,Fullerton,4,FTF + FTT,10021 + 10022,Art,Government,5,"$67,614","$61,567",,,
50,Fullerton,4,FTF + FTT,10021 + 10022,Art,No Wages,174,,,250,,
50,Fullerton,4,FTF + FTT,10021 + 10022,Art,Wages - No NAICS Code,5,"$27,569","$32,814",,,
50,Fullerton,4,FTF + FTT,10031,Art History,Admin & Support & Waste Mgmt & Remediation,,,,,,
50,Fullerton,4,FTF + FTT,10031,Art History,Educational Services,,,,,,
50,Fullerton,4,FTF + FTT,10031,Art History,No Wages,,,,,,
50,Fullerton,4,FTF + FTT,10041,Music - Performance,"Professional, Scientific, & Technical Skills",,,,,,
50,Fullerton,4,FTF + FTT,10041,Music - Performance,Admin & Support & Waste Mgmt & Remediation,,,,,,
50,Fullerton,4,FTF + FTT,10041,Music - Performance,Educational Services,18,"$56,309","$51,312",,,
50,Fullerton,4,FTF + FTT,10041,Music - Performance,"Arts, Entertainment, & Recreation",,,,,,
50,Fullerton,4,FTF + FTT,10041,Music - Performance,Government,,,,,,
50,Fullerton,4,FTF + FTT,10041,Music - Performance,No Wages,78,,,95,,
50,Fullerton,4,FTF + FTT,10041,Music - Performance,Wages - No NAICS Code,,,,,,
50,Fullerton,4,FTF + FTT,10051,Music,Construction,,,,,,
50,Fullerton,4,FTF + FTT,10051,Music,Information,,,,,,
50,Fullerton,4,FTF + FTT,10051,Music,Finance & Insurance,,,,,,
50,Fullerton,4,FTF + FTT,10051,Music,"Professional, Scientific, & Technical Skills",,,,,,
50,Fullerton,4,FTF + FTT,10051,Music,Admin & Support & Waste Mgmt & Remediation,,,,,,
50,Fullerton,4,FTF + FTT,10051,Music,Educational Services,30,"$87,323","$75,520",,,
50,Fullerton,4,FTF + FTT,10051,Music,Health Care & Social Assistance,,,,,,
50,Fullerton,4,FTF + FTT,10051,Music,Government,,,,,,
50,Fullerton,4,FTF + FTT,10051,Music,No Wages,64,,,103,,
50,Fullerton,4,FTF + FTT,10052,Music Education,Educational Services,,,,,,
50,Fullerton,4,FTF + FTT,10052,Music Education,Health Care & Social Assistance,,,,,,
50,Fullerton,4,FTF + FTT,10052,Music Education,No Wages,10,,,13,,
50,Fullerton,4,FTF + FTT,10071,Theatre Arts,"Agriculture, Forestry, Fishing, & Hunting",,,,,,
50,Fullerton,4,FTF + FTT,10071,Theatre Arts,Construction,,,,,,
50,Fullerton,4,FTF + FTT,10071,Theatre Arts,Wholesale Trade,,,,,,
50,Fullerton,4,FTF + FTT,10071,Theatre Arts,Information,,,,,,
50,Fullerton,4,FTF + FTT,10071,Theatre Arts,Finance & Insurance,,,,,,
50,Fullerton,4,FTF + FTT,10071,Theatre Arts,Real Estate & Rental & Leasing,,,,,,
50,Fullerton,4,FTF + FTT,10071,Theatre Arts,"Professional, Scientific, & Technical Skills",,,,,,
50,Fullerton,4,FTF + FTT,10071,Theatre Arts,Admin & Support & Waste Mgmt & Remediation,,,,,,
50,Fullerton,4,FTF + FTT,10071,Theatre Arts,Educational Services,17,"$66,443","$59,071",,,
50,Fullerton,4,FTF + FTT,10071,Theatre Arts,Health Care & Social Assistance,5,"$53,812","$58,055",,,
50,Fullerton,4,FTF + FTT,10071,Theatre Arts,"Arts, Entertainment, & Recreation",,,,,,
50,Fullerton,4,FTF + FTT,10071,Theatre Arts,Accommodation & Food Services,,,,,,
50,Fullerton,4,FTF + FTT,10071,Theatre Arts,No Wages,122,,,156,,
50,Fullerton,4,FTF + FTT,10071,Theatre Arts,Wages - No NAICS Code,6,"$6,190","$12,054",,,
50,Fullerton,4,FTF + FTT,10072,Theatre Arts - Performance,Educational Services,,,,,,
50,Fullerton,4,FTF + FTT,10072,Theatre Arts - Performance,Non-Classified,,,,,,
50,Fullerton,4,FTF + FTT,10072,Theatre Arts - Performance,No Wages,9,,,10,,
50,Fullerton,4,FTF + FTT,10081,Dance,Educational Services,6,"$74,822","$73,391",,,
50,Fullerton,4,FTF + FTT,10081,Dance,"Arts, Entertainment, & Recreation",,,,,,
50,Fullerton,4,FTF + FTT,10081,Dance,No Wages,19,,,23,,
50,Fullerton,4,FTF + FTT,11021,French,Manufacturing,,,,,,
50,Fullerton,4,FTF + FTT,11021,French,Educational Services,,,,,,
50,Fullerton,4,FTF + FTT,11021,French,No Wages,8,,,9,,
50,Fullerton,4,FTF + FTT,11021,French,Wages - No NAICS Code,,,,,,
50,Fullerton,4,FTF + FTT,11031,German,"Agriculture, Forestry, Fishing, & Hunting",,,,,,
50,Fullerton,4,FTF + FTT,11031,German,Finance & Insurance,,,,,,
50,Fullerton,4,FTF + FTT,11031,German,Educational Services,,,,,,
50,Fullerton,4,FTF + FTT,11031,German,No Wages,,,,8,,
50,Fullerton,4,FTF + FTT,11051,Spanish,Wholesale Trade,,,,,,
50,Fullerton,4,FTF + FTT,11051,Spanish,Retail Trade,,,,,,
50,Fullerton,4,FTF + FTT,11051,Spanish,Educational Services,68,"$78,209","$71,369",23,"$80,022","$72,676"
50,Fullerton,4,FTF + FTT,11051,Spanish,Health Care & Social Assistance,,,,,,
50,Fullerton,4,FTF + FTT,11051,Spanish,Accommodation & Food Services,,,,,,
50,Fullerton,4,FTF + FTT,11051,Spanish,Other Services,,,,,,
50,Fullerton,4,FTF + FTT,11051,Spanish,Government,,,,,,
50,Fullerton,4,FTF + FTT,11051,Spanish,No Wages,77,,,130,,
50,Fullerton,4,FTF + FTT,11051,Spanish,Wages - No NAICS Code,,,,,,
50,Fullerton,4,FTF + FTT,11081,Japanese,Wholesale Trade,,,,,,
50,Fullerton,4,FTF + FTT,11081,Japanese,"Professional, Scientific, & Technical Skills",,,,,,
50,Fullerton,4,FTF + FTT,11081,Japanese,Educational Services,,,,,,
50,Fullerton,4,FTF + FTT,11081,Japanese,Other Services,,,,,,
50,Fullerton,4,FTF + FTT,11081,Japanese,No Wages,7,,,13,,
50,Fullerton,4,FTF + FTT,12011,Health Science,"Agriculture, Forestry, Fishing, & Hunting",,,,,,
50,Fullerton,4,FTF + FTT,12011,Health Science,Manufacturing,,,,,,
50,Fullerton,4,FTF + FTT,12011,Health Science,Wholesale Trade,,,,,,
50,Fullerton,4,FTF + FTT,12011,Health Science,Retail Trade,,,,,,
50,Fullerton,4,FTF + FTT,12011,Health Science,Finance & Insurance,5,"$58,755","$79,392",,,
50,Fullerton,4,FTF + FTT,12011,Health Science,Admin & Support & Waste Mgmt & Remediation,,,,,,
50,Fullerton,4,FTF + FTT,12011,Health Science,Educational Services,15,"$71,634","$64,416",,,
50,Fullerton,4,FTF + FTT,12011,Health Science,Health Care & Social Assistance,24,"$90,187","$96,594",,,
50,Fullerton,4,FTF + FTT,12011,Health Science,"Arts, Entertainment, & Recreation",,,,,,
50,Fullerton,4,FTF + FTT,12011,Health Science,Government,,,,,,
50,Fullerton,4,FTF + FTT,12011,Health Science,No Wages,231,,,281,,
50,Fullerton,4,FTF + FTT,12011,Health Science,Wages - No NAICS Code,,,,,,
50,Fullerton,4,FTF + FTT,12201,Communicative Disorders,"Agriculture, Forestry, Fishing, & Hunting",,,,,,
50,Fullerton,4,FTF + FTT,12201,Communicative Disorders,Retail Trade,,,,,,
50,Fullerton,4,FTF + FTT,12201,Communicative Disorders,Information,,,,,,
50,Fullerton,4,FTF + FTT,12201,Communicative Disorders,Finance & Insurance,,,,,,
50,Fullerton,4,FTF + FTT,12201,Communicative Disorders,Real Estate & Rental & Leasing,,,,,,
50,Fullerton,4,FTF + FTT,12201,Communicative Disorders,"Professional, Scientific, & Technical Skills",,,,,,
50,Fullerton,4,FTF + FTT,12201,Communicative Disorders,Admin & Support & Waste Mgmt & Remediation,,,,,,
50,Fullerton,4,FTF + FTT,12201,Communicative Disorders,Educational Services,107,"$77,282","$70,772",38,"$83,849","$79,039"
50,Fullerton,4,FTF + FTT,12201,Communicative Disorders,Health Care & Social Assistance,44,"$74,005","$69,748",16,"$62,299","$62,321"
50,Fullerton,4,FTF + FTT,12201,Communicative Disorders,Accommodation & Food Services,,,,,,
50,Fullerton,4,FTF + FTT,12201,Communicative Disorders,Other Services,,,,,,
50,Fullerton,4,FTF + FTT,12201,Communicative Disorders,Government,,,,,,
50,Fullerton,4,FTF + FTT,12201,Communicative Disorders,No Wages,219,,,325,,
50,Fullerton,4,FTF + FTT,12201,Communicative Disorders,Wages - No NAICS Code,5,"$12,266","$29,114",,,
50,Fullerton,4,FTF + FTT,15011,English,"Agriculture, Forestry, Fishing, & Hunting",,,,,,
50,Fullerton,4,FTF + FTT,15011,English,Manufacturing,6,"$65,822","$71,902",,,
50,Fullerton,4,FTF + FTT,15011,English,Wholesale Trade,6,"$119,288","$109,047",6,"$92,049","$88,949"
50,Fullerton,4,FTF + FTT,15011,English,Retail Trade,,,,,,
50,Fullerton,4,FTF + FTT,15011,English,Information,7,"$40,923","$54,708",,,
50,Fullerton,4,FTF + FTT,15011,English,Finance & Insurance,,,,,,
50,Fullerton,4,FTF + FTT,15011,English,"Professional, Scientific, & Technical Skills",14,"$78,317","$90,421",,,
50,Fullerton,4,FTF + FTT,15011,English,Management of Companies & Enterprises,,,,,,
50,Fullerton,4,FTF + FTT,15011,English,Admin & Support & Waste Mgmt & Remediation,8,"$52,671","$139,308",,,
50,Fullerton,4,FTF + FTT,15011,English,Educational Services,201,"$76,714","$70,685",60,"$85,972","$77,916"
50,Fullerton,4,FTF + FTT,15011,English,Health Care & Social Assistance,13,"$52,333","$45,230",,,
50,Fullerton,4,FTF + FTT,15011,English,"Arts, Entertainment, & Recreation",,,,,,
50,Fullerton,4,FTF + FTT,15011,English,Accommodation & Food Services,,,,,,
50,Fullerton,4,FTF + FTT,15011,English,Other Services,,,,,,
50,Fullerton,4,FTF + FTT,15011,English,Government,14,"$70,169","$79,253",,,
50,Fullerton,4,FTF + FTT,15011,English,No Wages,456,,,671,,
50,Fullerton,4,FTF + FTT,15011,English,Wages - No NAICS Code,17,"$27,443","$31,692",5,"$25,147","$32,416"
50,Fullerton,4,FTF + FTT,15031,Comparative Literature,Retail Trade,,,,,,
50,Fullerton,4,FTF + FTT,15031,Comparative Literature,No Wages,,,,,,
50,Fullerton,4,FTF + FTT,15031,Comparative Literature,Wages - No NAICS Code,,,,,,
50,Fullerton,4,FTF + FTT,15051,Linguistics,"Professional, Scientific, & Technical Skills",,,,,,
50,Fullerton,4,FTF + FTT,15051,Linguistics,Educational Services,,,,,,
50,Fullerton,4,FTF + FTT,15051,Linguistics,"Arts, Entertainment, & Recreation",,,,,,
50,Fullerton,4,FTF + FTT,15051,Linguistics,Other Services,,,,,,
50,Fullerton,4,FTF + FTT,15051,Linguistics,Government,,,,,,
50,Fullerton,4,FTF + FTT,15051,Linguistics,No Wages,22,,,28,,
50,Fullerton,4,FTF + FTT,15051,Linguistics,Wages - No NAICS Code,,,,,,
50,Fullerton,4,FTF + FTT,15061,Speech Communication,Manufacturing,,,,,,
50,Fullerton,4,FTF + FTT,15061,Speech Communication,Wholesale Trade,,,,,,
50,Fullerton,4,FTF + FTT,15061,Speech Communication,Retail Trade,,,,,,
50,Fullerton,4,FTF + FTT,15061,Speech Communication,Information,,,,,,
50,Fullerton,4,FTF + FTT,15061,Speech Communication,Finance & Insurance,,,,,,
50,Fullerton,4,FTF + FTT,15061,Speech Communication,Real Estate & Rental & Leasing,,,,,,
50,Fullerton,4,FTF + FTT,15061,Speech Communication,"Professional, Scientific, & Technical Skills",,,,,,
50,Fullerton,4,FTF + FTT,15061,Speech Communication,Admin & Support & Waste Mgmt & Remediation,,,,,,
50,Fullerton,4,FTF + FTT,15061,Speech Communication,Educational Services,32,"$64,487","$61,609",11,"$83,196","$74,887"
50,Fullerton,4,FTF + FTT,15061,Speech Communication,Health Care & Social Assistance,8,"$74,214","$115,872",,,
50,Fullerton,4,FTF + FTT,15061,Speech Communication,Accommodation & Food Services,,,,,,
50,Fullerton,4,FTF + FTT,15061,Speech Communication,Other Services,,,,,,
50,Fullerton,4,FTF + FTT,15061,Speech Communication,Government,5,"$85,343","$84,402",,,
50,Fullerton,4,FTF + FTT,15061,Speech Communication,No Wages,97,,,141,,
50,Fullerton,4,FTF + FTT,15061,Speech Communication,Wages - No NAICS Code,7,"$11,018","$22,959",,,
50,Fullerton,4,FTF + FTT,15091,Philosophy,"Agriculture, Forestry, Fishing, & Hunting",,,,,,
50,Fullerton,4,FTF + FTT,15091,Philosophy,Construction,,,,,,
50,Fullerton,4,FTF + FTT,15091,Philosophy,Wholesale Trade,,,,,,
50,Fullerton,4,FTF + FTT,15091,Philosophy,Information,,,,,,
50,Fullerton,4,FTF + FTT,15091,Philosophy,Finance & Insurance,,,,,,
50,Fullerton,4,FTF + FTT,15091,Philosophy,"Professional, Scientific, & Technical Skills",5,"$228,150","$174,045",,,
50,Fullerton,4,FTF + FTT,15091,Philosophy,Admin & Support & Waste Mgmt & Remediation,,,,,,
50,Fullerton,4,FTF + FTT,15091,Philosophy,Educational Services,5,"$64,019","$67,465",,,
50,Fullerton,4,FTF + FTT,15091,Philosophy,Health Care & Social Assistance,,,,,,
50,Fullerton,4,FTF + FTT,15091,Philosophy,Accommodation & Food Services,,,,,,
50,Fullerton,4,FTF + FTT,15091,Philosophy,Government,,,,,,
50,Fullerton,4,FTF + FTT,15091,Philosophy,No Wages,63,,,85,,
50,Fullerton,4,FTF + FTT,15091,Philosophy,Wages - No NAICS Code,,,,,,
50,Fullerton,4,FTF + FTT,15101,Religious Studies,Construction,,,,,,
50,Fullerton,4,FTF + FTT,15101,Religious Studies,Retail Trade,,,,,,
50,Fullerton,4,FTF + FTT,15101,Religious Studies,"Professional, Scientific, & Technical Skills",,,,,,
50,Fullerton,4,FTF + FTT,15101,Religious Studies,Educational Services,,,,,,
50,Fullerton,4,FTF + FTT,15101,Religious Studies,Health Care & Social Assistance,,,,,,
50,Fullerton,4,FTF + FTT,15101,Religious Studies,Other Services,,,,,,
50,Fullerton,4,FTF + FTT,15101,Religious Studies,Government,,,,,,
50,Fullerton,4,FTF + FTT,15101,Religious Studies,No Wages,39,,,48,,
50,Fullerton,4,FTF + FTT,15101,Religious Studies,Wages - No NAICS Code,,,,,,
50,Fullerton,4,FTF + FTT,17011,Mathematics,Utilities,,,,,,
50,Fullerton,4,FTF + FTT,17011,Mathematics,Construction,,,,,,
50,Fullerton,4,FTF + FTT,17011,Mathematics,Manufacturing,5,"$87,681","$93,028",,,
50,Fullerton,4,FTF + FTT,17011,Mathematics,Wholesale Trade,,,,,,
50,Fullerton,4,FTF + FTT,17011,Mathematics,Retail Trade,,,,,,
50,Fullerton,4,FTF + FTT,17011,Mathematics,Information,,,,,,
50,Fullerton,4,FTF + FTT,17011,Mathematics,Finance & Insurance,,,,,,
50,Fullerton,4,FTF + FTT,17011,Mathematics,"Professional, Scientific, & Technical Skills",,,,,,
50,Fullerton,4,FTF + FTT,17011,Mathematics,Educational Services,57,"$82,946","$76,323",11,"$90,725","$85,851"
50,Fullerton,4,FTF + FTT,17011,Mathematics,Health Care & Social Assistance,,,,,,
50,Fullerton,4,FTF + FTT,17011,Mathematics,Accommodation & Food Services,,,,,,
50,Fullerton,4,FTF + FTT,17011,Mathematics,Other Services,,,,,,
50,Fullerton,4,FTF + FTT,17011,Mathematics,Government,,,,,,
50,Fullerton,4,FTF + FTT,17011,Mathematics,No Wages,150,,,210,,
50,Fullerton,4,FTF + FTT,17011,Mathematics,Wages - No NAICS Code,6,"$48,885","$42,595",,,
50,Fullerton,4,FTF + FTT,17021,Statistics,"Professional, Scientific, & Technical Skills",,,,,,
50,Fullerton,4,FTF + FTT,17021,Statistics,No Wages,,,,,,
50,Fullerton,4,FTF + FTT,17031,Applied Mathematics,Wholesale Trade,,,,,,
50,Fullerton,4,FTF + FTT,17031,Applied Mathematics,Educational Services,,,,,,
50,Fullerton,4,FTF + FTT,17031,Applied Mathematics,No Wages,,,,,,
50,Fullerton,4,FTF + FTT,19021,Physics,Manufacturing,,,,,,
50,Fullerton,4,FTF + FTT,19021,Physics,Wholesale Trade,,,,,,
50,Fullerton,4,FTF + FTT,19021,Physics,"Professional, Scientific, & Technical Skills",,,,,,
50,Fullerton,4,FTF + FTT,19021,Physics,Educational Services,,,,,,
50,Fullerton,4,FTF + FTT,19021,Physics,No Wages,43,,,51,,
50,Fullerton,4,FTF + FTT,19051,Chemistry,Manufacturing,,,,,,
50,Fullerton,4,FTF + FTT,19051,Chemistry,Retail Trade,,,,,,
50,Fullerton,4,FTF + FTT,19051,Chemistry,"Professional, Scientific, & Technical Skills",8,"$96,808","$106,405",,,
50,Fullerton,4,FTF + FTT,19051,Chemistry,Admin & Support & Waste Mgmt & Remediation,,,,,,
50,Fullerton,4,FTF + FTT,19051,Chemistry,Educational Services,11,"$65,821","$67,443",,,
50,Fullerton,4,FTF + FTT,19051,Chemistry,Health Care & Social Assistance,6,"$156,200","$207,101",,,
50,Fullerton,4,FTF + FTT,19051,Chemistry,Government,,,,,,
50,Fullerton,4,FTF + FTT,19051,Chemistry,No Wages,38,,,60,,
50,Fullerton,4,FTF + FTT,19051,Chemistry,Wages - No NAICS Code,,,,,,
50,Fullerton,4,FTF + FTT,19141,Geology,Manufacturing,,,,,,
50,Fullerton,4,FTF + FTT,19141,Geology,Wholesale Trade,,,,,,
50,Fullerton,4,FTF + FTT,19141,Geology,"Professional, Scientific, & Technical Skills",,,,,,
50,Fullerton,4,FTF + FTT,19141,Geology,Educational Services,,,,,,
50,Fullerton,4,FTF + FTT,19141,Geology,Health Care & Social Assistance,,,,,,
50,Fullerton,4,FTF + FTT,19141,Geology,"Arts, Entertainment, & Recreation",,,,,,
50,Fullerton,4,FTF + FTT,19141,Geology,No Wages,32,,,42,,
50,Fullerton,4,FTF + FTT,19141,Geology,Wages - No NAICS Code,,,,,,
50,Fullerton,4,FTF + FTT,19171,Earth Science,No Wages,,,,,,
50,Fullerton,4,FTF + FTT,20011 + 20013,Psychology,"Agriculture, Forestry, Fishing, & Hunting",,,,,,
50,Fullerton,4,FTF + FTT,20011 + 20013,Psychology,Utilities,,,,,,
50,Fullerton,4,FTF + FTT,20011 + 20013,Psychology,Construction,5,"$35,355","$72,555",,,
50,Fullerton,4,FTF + FTT,20011 + 20013,Psychology,Manufacturing,8,"$80,286","$83,483",,,
50,Fullerton,4,FTF + FTT,20011 + 20013,Psychology,Wholesale Trade,,,,,,
50,Fullerton,4,FTF + FTT,20011 + 20013,Psychology,Retail Trade,6,"$35,405","$38,398",,,
50,Fullerton,4,FTF + FTT,20011 + 20013,Psychology,Information,7,"$67,140","$70,987",,,
50,Fullerton,4,FTF + FTT,20011 + 20013,Psychology,Finance & Insurance,13,"$84,509","$87,352",,,
50,Fullerton,4,FTF + FTT,20011 + 20013,Psychology,Real Estate & Rental & Leasing,6,"$35,910","$32,264",,,
50,Fullerton,4,FTF + FTT,20011 + 20013,Psychology,"Professional, Scientific, & Technical Skills",26,"$68,335","$67,396",15,"$71,436","$70,587"
50,Fullerton,4,FTF + FTT,20011 + 20013,Psychology,Admin & Support & Waste Mgmt & Remediation,17,"$36,102","$41,465",6,"$65,781","$70,909"
50,Fullerton,4,FTF + FTT,20011 + 20013,Psychology,Educational Services,257,"$69,851","$66,976",105,"$85,358","$83,493"
50,Fullerton,4,FTF + FTT,20011 + 20013,Psychology,Health Care & Social Assistance,194,"$55,961","$56,473",52,"$59,828","$61,334"
50,Fullerton,4,FTF + FTT,20011 + 20013,Psychology,"Arts, Entertainment, & Recreation",5,"$59,979","$71,508",,,
50,Fullerton,4,FTF + FTT,20011 + 20013,Psychology,Accommodation & Food Services,,,,,,
50,Fullerton,4,FTF + FTT,20011 + 20013,Psychology,Other Services,16,"$55,608","$55,965",,,
50,Fullerton,4,FTF + FTT,20011 + 20013,Psychology,Non-Classified,,,,,,
50,Fullerton,4,FTF + FTT,20011 + 20013,Psychology,Government,66,"$70,891","$69,193",26,"$83,003","$84,951"
50,Fullerton,4,FTF + FTT,20011 + 20013,Psychology,No Wages,"1,031",,,"1,477",,
50,Fullerton,4,FTF + FTT,20011 + 20013,Psychology,Wages - No NAICS Code,39,"$27,974","$36,750",10,"$56,095","$59,013"
50,Fullerton,4,FTF + FTT,21021,Public Administration,Manufacturing,,,,,,
50,Fullerton,4,FTF + FTT,21021,Public Administration,Finance & Insurance,,,,,,
50,Fullerton,4,FTF + FTT,21021,Public Administration,"Professional, Scientific, & Technical Skills",,,,,,
50,Fullerton,4,FTF + FTT,21021,Public Administration,Admin & Support & Waste Mgmt & Remediation,,,,,,
50,Fullerton,4,FTF + FTT,21021,Public Administration,Educational Services,,,,,,
50,Fullerton,4,FTF + FTT,21021,Public Administration,Health Care & Social Assistance,,,,,,
50,Fullerton,4,FTF + FTT,21021,Public Administration,Other Services,,,,,,
50,Fullerton,4,FTF + FTT,21021,Public Administration,Government,7,"$81,553","$78,268",,,
50,Fullerton,4,FTF + FTT,21021,Public Administration,No Wages,47,,,62,,
50,Fullerton,4,FTF + FTT,21042,Human Services,Manufacturing,,,,,,
50,Fullerton,4,FTF + FTT,21042,Human Services,Wholesale Trade,,,,,,
50,Fullerton,4,FTF + FTT,21042,Human Services,Retail Trade,5,"$21,664","$45,314",,,
50,Fullerton,4,FTF + FTT,21042,Human Services,Information,,,,,,
50,Fullerton,4,FTF + FTT,21042,Human Services,Finance & Insurance,11,"$67,423","$61,894",,,
50,Fullerton,4,FTF + FTT,21042,Human Services,Real Estate & Rental & Leasing,,,,,,
50,Fullerton,4,FTF + FTT,21042,Human Services,"Professional, Scientific, & Technical Skills",7,"$51,395","$40,351",,,
50,Fullerton,4,FTF + FTT,21042,Human Services,Management of Companies & Enterprises,,,,,,
50,Fullerton,4,FTF + FTT,21042,Human Services,Admin & Support & Waste Mgmt & Remediation,,,,,,
50,Fullerton,4,FTF + FTT,21042,Human Services,Educational Services,175,"$70,834","$66,982",73,"$83,508","$77,804"
50,Fullerton,4,FTF + FTT,21042,Human Services,Health Care & Social Assistance,150,"$51,603","$51,844",42,"$61,489","$60,891"
50,Fullerton,4,FTF + FTT,21042,Human Services,"Arts, Entertainment, & Recreation",,,,,,
50,Fullerton,4,FTF + FTT,21042,Human Services,Other Services,15,"$56,669","$54,443",,,
50,Fullerton,4,FTF + FTT,21042,Human Services,Government,92,"$77,299","$73,257",35,"$84,828","$85,614"
50,Fullerton,4,FTF + FTT,21042,Human Services,No Wages,588,,,897,,
50,Fullerton,4,FTF + FTT,21042,Human Services,Wages - No NAICS Code,17,"$55,829","$50,076",11,"$45,607","$53,700"
50,Fullerton,4,FTF + FTT,21051,Criminal Justice,Utilities,,,,,,
50,Fullerton,4,FTF + FTT,21051,Criminal Justice,Construction,,,,,,
50,Fullerton,4,FTF + FTT,21051,Criminal Justice,Manufacturing,6,"$81,386","$74,593",,,
50,Fullerton,4,FTF + FTT,21051,Criminal Justice,Wholesale Trade,,,,,,
50,Fullerton,4,FTF + FTT,21051,Criminal Justice,Retail Trade,6,"$51,679","$50,999",,,
50,Fullerton,4,FTF + FTT,21051,Criminal Justice,Transportation & Warehousing,,,,,,
50,Fullerton,4,FTF + FTT,21051,Criminal Justice,Information,,,,,,
50,Fullerton,4,FTF + FTT,21051,Criminal Justice,Finance & Insurance,8,"$67,712","$72,739",,,
50,Fullerton,4,FTF + FTT,21051,Criminal Justice,Real Estate & Rental & Leasing,,,,,,
50,Fullerton,4,FTF + FTT,21051,Criminal Justice,"Professional, Scientific, & Technical Skills",26,"$79,407","$79,317",6,"$141,890","$137,812"
50,Fullerton,4,FTF + FTT,21051,Criminal Justice,Admin & Support & Waste Mgmt & Remediation,8,"$57,459","$55,550",,,
50,Fullerton,4,FTF + FTT,21051,Criminal Justice,Educational Services,33,"$79,735","$75,461",13,"$94,424","$79,148"
50,Fullerton,4,FTF + FTT,21051,Criminal Justice,Health Care & Social Assistance,13,"$57,403","$49,543",,,
50,Fullerton,4,FTF + FTT,21051,Criminal Justice,Accommodation & Food Services,,,,,,
50,Fullerton,4,FTF + FTT,21051,Criminal Justice,Other Services,,,,,,
50,Fullerton,4,FTF + FTT,21051,Criminal Justice,Government,80,"$100,297","$102,352",29,"$103,020","$107,906"
50,Fullerton,4,FTF + FTT,21051,Criminal Justice,No Wages,274,,,418,,
50,Fullerton,4,FTF + FTT,21051,Criminal Justice,Wages - No NAICS Code,14,"$13,278","$42,563",7,"$47,343","$52,581"
50,Fullerton,4,FTF + FTT,22021,Anthropology,Construction,,,,,,
50,Fullerton,4,FTF + FTT,22021,Anthropology,Manufacturing,,,,,,
50,Fullerton,4,FTF + FTT,22021,Anthropology,Retail Trade,,,,,,
50,Fullerton,4,FTF + FTT,22021,Anthropology,Finance & Insurance,,,,,,
50,Fullerton,4,FTF + FTT,22021,Anthropology,"Professional, Scientific, & Technical Skills",5,"$50,838","$40,581",,,
50,Fullerton,4,FTF + FTT,22021,Anthropology,Admin & Support & Waste Mgmt & Remediation,,,,,,
50,Fullerton,4,FTF + FTT,22021,Anthropology,Educational Services,22,"$68,607","$70,669",9,"$71,261","$83,801"
50,Fullerton,4,FTF + FTT,22021,Anthropology,Health Care & Social Assistance,,,,,,
50,Fullerton,4,FTF + FTT,22021,Anthropology,"Arts, Entertainment, & Recreation",,,,,,
50,Fullerton,4,FTF + FTT,22021,Anthropology,Accommodation & Food Services,,,,,,
50,Fullerton,4,FTF + FTT,22021,Anthropology,Other Services,,,,,,
50,Fullerton,4,FTF + FTT,22021,Anthropology,Government,6,"$67,145","$66,435",,,
50,Fullerton,4,FTF + FTT,22021,Anthropology,No Wages,106,,,143,,
50,Fullerton,4,FTF + FTT,22021,Anthropology,Wages - No NAICS Code,6,"$42,968","$38,991",,,
50,Fullerton,4,FTF + FTT,22041,Economics,Construction,,,,,,
50,Fullerton,4,FTF + FTT,22041,Economics,Manufacturing,,,,,,
50,Fullerton,4,FTF + FTT,22041,Economics,Wholesale Trade,,,,,,
50,Fullerton,4,FTF + FTT,22041,Economics,Retail Trade,,,,,,
50,Fullerton,4,FTF + FTT,22041,Economics,Transportation & Warehousing,,,,,,
50,Fullerton,4,FTF + FTT,22041,Economics,Finance & Insurance,5,"$85,717","$91,422",,,
50,Fullerton,4,FTF + FTT,22041,Economics,"Professional, Scientific, & Technical Skills",6,"$153,996","$152,840",,,
50,Fullerton,4,FTF + FTT,22041,Economics,Admin & Support & Waste Mgmt & Remediation,,,,,,
50,Fullerton,4,FTF + FTT,22041,Economics,Educational Services,5,"$41,228","$36,951",,,
50,Fullerton,4,FTF + FTT,22041,Economics,"Arts, Entertainment, & Recreation",,,,,,
50,Fullerton,4,FTF + FTT,22041,Economics,Other Services,,,,,,
50,Fullerton,4,FTF + FTT,22041,Economics,Government,,,,,,
50,Fullerton,4,FTF + FTT,22041,Economics,No Wages,64,,,85,,
50,Fullerton,4,FTF + FTT,22051,History,Utilities,,,,,,
50,Fullerton,4,FTF + FTT,22051,History,Manufacturing,,,,,,
50,Fullerton,4,FTF + FTT,22051,History,Wholesale Trade,,,,,,
50,Fullerton,4,FTF + FTT,22051,History,Retail Trade,,,,,,
50,Fullerton,4,FTF + FTT,22051,History,Transportation & Warehousing,,,,,,
50,Fullerton,4,FTF + FTT,22051,History,Information,,,,,,
50,Fullerton,4,FTF + FTT,22051,History,Finance & Insurance,6,"$57,074","$65,811",,,
50,Fullerton,4,FTF + FTT,22051,History,Real Estate & Rental & Leasing,,,,,,
50,Fullerton,4,FTF + FTT,22051,History,"Professional, Scientific, & Technical Skills",7,"$76,791","$81,442",,,
50,Fullerton,4,FTF + FTT,22051,History,Admin & Support & Waste Mgmt & Remediation,,,,,,
50,Fullerton,4,FTF + FTT,22051,History,Educational Services,127,"$77,519","$75,674",30,"$91,205","$84,712"
50,Fullerton,4,FTF + FTT,22051,History,Health Care & Social Assistance,,,,,,
50,Fullerton,4,FTF + FTT,22051,History,"Arts, Entertainment, & Recreation",,,,,,
50,Fullerton,4,FTF + FTT,22051,History,Accommodation & Food Services,,,,,,
50,Fullerton,4,FTF + FTT,22051,History,Other Services,,,,,,
50,Fullerton,4,FTF + FTT,22051,History,Government,13,"$66,862","$71,665",,,
50,Fullerton,4,FTF + FTT,22051,History,No Wages,296,,,431,,
50,Fullerton,4,FTF + FTT,22051,History,Wages - No NAICS Code,8,"$39,520","$44,868",,,
50,Fullerton,4,FTF + FTT,22061 + 22063,Geography,Construction,,,,,,
50,Fullerton,4,FTF + FTT,22061 + 22063,Geography,Manufacturing,,,,,,
50,Fullerton,4,FTF + FTT,22061 + 22063,Geography,Retail Trade,,,,,,
50,Fullerton,4,FTF + FTT,22061 + 22063,Geography,Information,,,,,,
50,Fullerton,4,FTF + FTT,22061 + 22063,Geography,"Professional, Scientific, & Technical Skills",,,,,,
50,Fullerton,4,FTF + FTT,22061 + 22063,Geography,Educational Services,15,"$76,500","$69,216",7,"$83,596","$63,600"
50,Fullerton,4,FTF + FTT,22061 + 22063,Geography,Health Care & Social Assistance,,,,,,
50,Fullerton,4,FTF + FTT,22061 + 22063,Geography,Government,6,"$79,616","$87,995",5,"$120,888","$110,112"
50,Fullerton,4,FTF + FTT,22061 + 22063,Geography,No Wages,53,,,75,,
50,Fullerton,4,FTF + FTT,22061 + 22063,Geography,Wages - No NAICS Code,5,"$60,623","$53,391",,,
50,Fullerton,4,FTF + FTT,22071,Political Science,Utilities,,,,,,
50,Fullerton,4,FTF + FTT,22071,Political Science,Manufacturing,,,,,,
50,Fullerton,4,FTF + FTT,22071,Political Science,Wholesale Trade,,,,,,
50,Fullerton,4,FTF + FTT,22071,Political Science,Retail Trade,,,,,,
50,Fullerton,4,FTF + FTT,22071,Political Science,Transportation & Warehousing,,,,,,
50,Fullerton,4,FTF + FTT,22071,Political Science,Information,,,,,,
50,Fullerton,4,FTF + FTT,22071,Political Science,Finance & Insurance,11,"$77,632","$102,982",,,
50,Fullerton,4,FTF + FTT,22071,Political Science,Real Estate & Rental & Leasing,,,,,,
50,Fullerton,4,FTF + FTT,22071,Political Science,"Professional, Scientific, & Technical Skills",31,"$82,190","$98,576",10,"$62,861","$72,053"
50,Fullerton,4,FTF + FTT,22071,Political Science,Admin & Support & Waste Mgmt & Remediation,,,,,,
50,Fullerton,4,FTF + FTT,22071,Political Science,Educational Services,35,"$72,315","$68,585",11,"$79,455","$69,852"
50,Fullerton,4,FTF + FTT,22071,Political Science,Health Care & Social Assistance,6,"$70,687","$60,184",,,
50,Fullerton,4,FTF + FTT,22071,Political Science,"Arts, Entertainment, & Recreation",,,,,,
50,Fullerton,4,FTF + FTT,22071,Political Science,Accommodation & Food Services,,,,,,
50,Fullerton,4,FTF + FTT,22071,Political Science,Other Services,,,,,,
50,Fullerton,4,FTF + FTT,22071,Political Science,Government,32,"$84,322","$84,215",11,"$99,660","$115,956"
50,Fullerton,4,FTF + FTT,22071,Political Science,No Wages,254,,,362,,
50,Fullerton,4,FTF + FTT,22071,Political Science,Wages - No NAICS Code,8,"$25,209","$47,180",,,
50,Fullerton,4,FTF + FTT,22081,Sociology,Construction,,,,,,
50,Fullerton,4,FTF + FTT,22081,Sociology,Manufacturing,,,,,,
50,Fullerton,4,FTF + FTT,22081,Sociology,Wholesale Trade,,,,,,
50,Fullerton,4,FTF + FTT,22081,Sociology,Retail Trade,,,,,,
50,Fullerton,4,FTF + FTT,22081,Sociology,Transportation & Warehousing,,,,,,
50,Fullerton,4,FTF + FTT,22081,Sociology,Information,,,,,,
50,Fullerton,4,FTF + FTT,22081,Sociology,Finance & Insurance,,,,,,
50,Fullerton,4,FTF + FTT,22081,Sociology,Real Estate & Rental & Leasing,,,,,,
50,Fullerton,4,FTF + FTT,22081,Sociology,"Professional, Scientific, & Technical Skills",6,"$73,947","$80,929",,,
50,Fullerton,4,FTF + FTT,22081,Sociology,Admin & Support & Waste Mgmt & Remediation,5,"$53,203","$66,543",,,
50,Fullerton,4,FTF + FTT,22081,Sociology,Educational Services,108,"$74,784","$66,814",46,"$85,854","$82,287"
50,Fullerton,4,FTF + FTT,22081,Sociology,Health Care & Social Assistance,51,"$51,180","$53,421",14,"$86,649","$81,517"
50,Fullerton,4,FTF + FTT,22081,Sociology,"Arts, Entertainment, & Recreation",,,,,,
50,Fullerton,4,FTF + FTT,22081,Sociology,Accommodation & Food Services,,,,,,
50,Fullerton,4,FTF + FTT,22081,Sociology,Other Services,8,"$51,476","$58,107",,,
50,Fullerton,4,FTF + FTT,22081,Sociology,Government,36,"$75,970","$77,300",13,"$76,891","$82,564"
50,Fullerton,4,FTF + FTT,22081,Sociology,No Wages,401,,,564,,
50,Fullerton,4,FTF + FTT,22081,Sociology,Wages - No NAICS Code,15,"$16,156","$30,543",,,
50,Fullerton,4,FTF + FTT,22990 + 49991,Women's Studies,Manufacturing,,,,,,
50,Fullerton,4,FTF + FTT,22990 + 49991,Women's Studies,Wholesale Trade,,,,,,
50,Fullerton,4,FTF + FTT,22990 + 49991,Women's Studies,Educational Services,,,,,,
50,Fullerton,4,FTF + FTT,22990 + 49991,Women's Studies,Health Care & Social Assistance,,,,,,
50,Fullerton,4,FTF + FTT,22990 + 49991,Women's Studies,Government,,,,,,
50,Fullerton,4,FTF + FTT,22990 + 49991,Women's Studies,No Wages,18,,,25,,
50,Fullerton,4,FTF + FTT,22990 + 49991,Women's Studies,Wages - No NAICS Code,,,,,,
50,Fullerton,4,FTF + FTT,22991,Ethnic Studies,Manufacturing,,,,,,
50,Fullerton,4,FTF + FTT,22991,Ethnic Studies,Educational Services,16,"$67,727","$57,017",7,"$76,336","$72,020"
50,Fullerton,4,FTF + FTT,22991,Ethnic Studies,"Arts, Entertainment, & Recreation",,,,,,
50,Fullerton,4,FTF + FTT,22991,Ethnic Studies,Government,,,,,,
50,Fullerton,4,FTF + FTT,22991,Ethnic Studies,No Wages,31,,,46,,
50,Fullerton,4,FTF + FTT,22991,Ethnic Studies,Wages - No NAICS Code,,,,,,
50,Fullerton,4,FTF + FTT,49012 + 49017,Women's Studies,"Agriculture, Forestry, Fishing, & Hunting",,,,,,
50,Fullerton,4,FTF + FTT,49012 + 49017,Women's Studies,Manufacturing,6,"$81,785","$71,660",,,
50,Fullerton,4,FTF + FTT,49012 + 49017,Women's Studies,Wholesale Trade,7,"$62,711","$70,464",,,
50,Fullerton,4,FTF + FTT,49012 + 49017,Women's Studies,Retail Trade,5,"$29,154","$27,540",,,
50,Fullerton,4,FTF + FTT,49012 + 49017,Women's Studies,Finance & Insurance,10,"$84,636","$85,515",,,
50,Fullerton,4,FTF + FTT,49012 + 49017,Women's Studies,Real Estate & Rental & Leasing,,,,,,
50,Fullerton,4,FTF + FTT,49012 + 49017,Women's Studies,"Professional, Scientific, & Technical Skills",7,"$47,437","$67,196",,,
50,Fullerton,4,FTF + FTT,49012 + 49017,Women's Studies,Admin & Support & Waste Mgmt & Remediation,5,"$40,937","$56,041",,,
50,Fullerton,4,FTF + FTT,49012 + 49017,Women's Studies,Educational Services,558,"$74,714","$71,536",201,"$83,634","$77,614"
50,Fullerton,4,FTF + FTT,49012 + 49017,Women's Studies,Health Care & Social Assistance,26,"$47,739","$56,269",,,
50,Fullerton,4,FTF + FTT,49012 + 49017,Women's Studies,"Arts, Entertainment, & Recreation",,,,,,
50,Fullerton,4,FTF + FTT,49012 + 49017,Women's Studies,Accommodation & Food Services,8,"$40,340","$49,108",,,
50,Fullerton,4,FTF + FTT,49012 + 49017,Women's Studies,Other Services,7,"$42,752","$35,196",,,
50,Fullerton,4,FTF + FTT,49012 + 49017,Women's Studies,Government,12,"$71,390","$57,705",,,
50,Fullerton,4,FTF + FTT,49012 + 49017,Women's Studies,No Wages,664,,,"1,106",,
50,Fullerton,4,FTF + FTT,49012 + 49017,Women's Studies,Wages - No NAICS Code,15,"$7,546","$11,899",,,
50,Fullerton,4,FTF,00000,Undeclared/Unknown,Utilities,,,,,,
50,Fullerton,4,FTF,00000,Undeclared/Unknown,Construction,,,,,,
50,Fullerton,4,FTF,00000,Undeclared/Unknown,Manufacturing,,,,,,
50,Fullerton,4,FTF,00000,Undeclared/Unknown,Retail Trade,,,,,,
50,Fullerton,4,FTF,00000,Undeclared/Unknown,Information,,,,,,
50,Fullerton,4,FTF,00000,Undeclared/Unknown,Finance & Insurance,5,"$154,482","$126,160",,,
50,Fullerton,4,FTF,00000,Undeclared/Unknown,"Professional, Scientific, & Technical Skills",,,,,,
50,Fullerton,4,FTF,00000,Undeclared/Unknown,Management of Companies & Enterprises,,,,,,
50,Fullerton,4,FTF,00000,Undeclared/Unknown,Admin & Support & Waste Mgmt & Remediation,,,,,,
50,Fullerton,4,FTF,00000,Undeclared/Unknown,Educational Services,33,"$67,449","$67,973",14,"$71,894","$70,381"
50,Fullerton,4,FTF,00000,Undeclared/Unknown,Health Care & Social Assistance,14,"$54,254","$64,468",,,
50,Fullerton,4,FTF,00000,Undeclared/Unknown,"Arts, Entertainment, & Recreation",,,,,,
50,Fullerton,4,FTF,00000,Undeclared/Unknown,Accommodation & Food Services,,,,,,
50,Fullerton,4,FTF,00000,Undeclared/Unknown,Other Services,,,,,,
50,Fullerton,4,FTF,00000,Undeclared/Unknown,Government,5,"$63,186","$73,423",,,
50,Fullerton,4,FTF,00000,Undeclared/Unknown,No Wages,152,,,208,,
50,Fullerton,4,FTF,00000,Undeclared/Unknown,Wages - No NAICS Code,8,"$8,101","$20,989",,,
50,Fullerton,4,FTF,00121 + 12031 + 12032,Nursing,Health Care & Social Assistance,,,,,,
50,Fullerton,4,FTF,00121 + 12031 + 12032,Nursing,No Wages,17,,,18,,
50,Fullerton,4,FTF,03081 + 03085,Latin/Central American Studies,"Professional, Scientific, & Technical Skills",,,,,,
50,Fullerton,4,FTF,03081 + 03085,Latin/Central American Studies,Educational Services,,,,,,
50,Fullerton,4,FTF,03081 + 03085,Latin/Central American Studies,Other Services,,,,,,
50,Fullerton,4,FTF,03081 + 03085,Latin/Central American Studies,No Wages,,,,7,,
50,Fullerton,4,FTF,03101 + 03121 + 03122,European Studies,No Wages,,,,,,
50,Fullerton,4,FTF,03131,American Studies,Manufacturing,,,,,,
50,Fullerton,4,FTF,03131,American Studies,Wholesale Trade,,,,,,
50,Fullerton,4,FTF,03131,American Studies,Retail Trade,,,,,,
50,Fullerton,4,FTF,03131,American Studies,"Professional, Scientific, & Technical Skills",,,,,,
50,Fullerton,4,FTF,03131,American Studies,Educational Services,12,"$66,176","$68,337",,,
50,Fullerton,4,FTF,03131,American Studies,Health Care & Social Assistance,,,,,,
50,Fullerton,4,FTF,03131,American Studies,Other Services,,,,,,
50,Fullerton,4,FTF,03131,American Studies,No Wages,44,,,67,,
50,Fullerton,4,FTF,03131,American Studies,Wages - No NAICS Code,,,,,,
50,Fullerton,4,FTF,04011,Biology,Utilities,,,,,,
50,Fullerton,4,FTF,04011,Biology,Construction,,,,,,
50,Fullerton,4,FTF,04011,Biology,Manufacturing,5,"$77,794","$78,442",,,
50,Fullerton,4,FTF,04011,Biology,Wholesale Trade,,,,,,
50,Fullerton,4,FTF,04011,Biology,Retail Trade,17,"$139,146","$128,766",5,"$139,282","$142,422"
50,Fullerton,4,FTF,04011,Biology,Finance & Insurance,5,"$125,122","$128,560",,,
50,Fullerton,4,FTF,04011,Biology,"Professional, Scientific, & Technical Skills",8,"$71,449","$79,085",,,
50,Fullerton,4,FTF,04011,Biology,Admin & Support & Waste Mgmt & Remediation,,,,,,
50,Fullerton,4,FTF,04011,Biology,Educational Services,16,"$66,310","$68,795",,,
50,Fullerton,4,FTF,04011,Biology,Health Care & Social Assistance,34,"$100,283","$101,261",8,"$107,342","$111,472"
50,Fullerton,4,FTF,04011,Biology,Other Services,,,,,,
50,Fullerton,4,FTF,04011,Biology,Government,6,"$92,895","$82,598",,,
50,Fullerton,4,FTF,04011,Biology,No Wages,235,,,314,,
50,Fullerton,4,FTF,04011,Biology,Wages - No NAICS Code,5,"$50,000","$64,757",,,
50,Fullerton,4,FTF,04141,Biochemistry,Manufacturing,,,,,,
50,Fullerton,4,FTF,04141,Biochemistry,Retail Trade,7,"$144,933","$142,926",,,
50,Fullerton,4,FTF,04141,Biochemistry,Finance & Insurance,,,,,,
50,Fullerton,4,FTF,04141,Biochemistry,"Professional, Scientific, & Technical Skills",,,,,,
50,Fullerton,4,FTF,04141,Biochemistry,Admin & Support & Waste Mgmt & Remediation,,,,,,
50,Fullerton,4,FTF,04141,Biochemistry,Educational Services,,,,,,
50,Fullerton,4,FTF,04141,Biochemistry,Health Care & Social Assistance,7,"$152,610","$154,853",5,"$146,978","$129,285"
50,Fullerton,4,FTF,04141,Biochemistry,Government,,,,,,
50,Fullerton,4,FTF,04141,Biochemistry,No Wages,54,,,75,,
50,Fullerton,4,FTF,05011,Business Administration,"Agriculture, Forestry, Fishing, & Hunting",,,,,,
50,Fullerton,4,FTF,05011,Business Administration,Utilities,,,,,,
50,Fullerton,4,FTF,05011,Business Administration,Construction,9,"$77,105","$83,450",,,
50,Fullerton,4,FTF,05011,Business Administration,Manufacturing,25,"$93,887","$101,730",5,"$89,152","$91,856"
50,Fullerton,4,FTF,05011,Business Administration,Wholesale Trade,12,"$91,556","$93,564",,,
50,Fullerton,4,FTF,05011,Business Administration,Retail Trade,5,"$76,711","$96,502",,,
50,Fullerton,4,FTF,05011,Business Administration,Transportation & Warehousing,,,,,,
50,Fullerton,4,FTF,05011,Business Administration,Information,16,"$90,037","$132,385",6,"$107,429","$122,249"
50,Fullerton,4,FTF,05011,Business Administration,Finance & Insurance,32,"$80,813","$103,604",7,"$124,431","$235,209"
50,Fullerton,4,FTF,05011,Business Administration,Real Estate & Rental & Leasing,6,"$126,542","$120,598",,,
50,Fullerton,4,FTF,05011,Business Administration,"Professional, Scientific, & Technical Skills",42,"$84,694","$94,467",12,"$108,544","$126,807"
50,Fullerton,4,FTF,05011,Business Administration,Management of Companies & Enterprises,,,,,,
50,Fullerton,4,FTF,05011,Business Administration,Admin & Support & Waste Mgmt & Remediation,14,"$69,511","$69,954",,,
50,Fullerton,4,FTF,05011,Business Administration,Educational Services,30,"$66,143","$59,706",7,"$58,122","$56,531"
50,Fullerton,4,FTF,05011,Business Administration,Health Care & Social Assistance,12,"$74,216","$71,954",,,
50,Fullerton,4,FTF,05011,Business Administration,"Arts, Entertainment, & Recreation",,,,,,
50,Fullerton,4,FTF,05011,Business Administration,Accommodation & Food Services,,,,,,
50,Fullerton,4,FTF,05011,Business Administration,Other Services,,,,,,
50,Fullerton,4,FTF,05011,Business Administration,Government,5,"$91,195","$86,184",,,
50,Fullerton,4,FTF,05011,Business Administration,No Wages,443,,,624,,
50,Fullerton,4,FTF,05011,Business Administration,Wages - No NAICS Code,12,"$4,661","$16,440",,,
50,Fullerton,4,FTF,05131,International Business,Construction,,,,,,
50,Fullerton,4,FTF,05131,International Business,Manufacturing,,,,,,
50,Fullerton,4,FTF,05131,International Business,Wholesale Trade,,,,,,
50,Fullerton,4,FTF,05131,International Business,Retail Trade,,,,,,
50,Fullerton,4,FTF,05131,International Business,Information,,,,,,
50,Fullerton,4,FTF,05131,International Business,Finance & Insurance,,,,,,
50,Fullerton,4,FTF,05131,International Business,"Professional, Scientific, & Technical Skills",,,,,,
50,Fullerton,4,FTF,05131,International Business,Admin & Support & Waste Mgmt & Remediation,,,,,,
50,Fullerton,4,FTF,05131,International Business,Educational Services,,,,,,
50,Fullerton,4,FTF,05131,International Business,Health Care & Social Assistance,,,,,,
50,Fullerton,4,FTF,05131,International Business,Accommodation & Food Services,,,,,,
50,Fullerton,4,FTF,05131,International Business,Government,,,,,,
50,Fullerton,4,FTF,05131,International Business,No Wages,22,,,36,,
50,Fullerton,4,FTF,05992,Public Relations,No Wages,,,,,,
50,Fullerton,4,FTF,06011,Communications,Utilities,,,,,,
50,Fullerton,4,FTF,06011,Communications,Manufacturing,5,"$101,213","$96,708",,,
50,Fullerton,4,FTF,06011,Communications,Wholesale Trade,,,,,,
50,Fullerton,4,FTF,06011,Communications,Retail Trade,,,,,,
50,Fullerton,4,FTF,06011,Communications,Transportation & Warehousing,,,,,,
50,Fullerton,4,FTF,06011,Communications,Information,7,"$50,500","$46,848",,,
50,Fullerton,4,FTF,06011,Communications,Finance & Insurance,,,,,,
50,Fullerton,4,FTF,06011,Communications,Real Estate & Rental & Leasing,,,,,,
50,Fullerton,4,FTF,06011,Communications,"Professional, Scientific, & Technical Skills",13,"$77,373","$84,740",,,
50,Fullerton,4,FTF,06011,Communications,Admin & Support & Waste Mgmt & Remediation,,,,,,
50,Fullerton,4,FTF,06011,Communications,Educational Services,54,"$64,128","$63,914",10,"$79,023","$80,871"
50,Fullerton,4,FTF,06011,Communications,Health Care & Social Assistance,5,"$52,080","$71,982",,,
50,Fullerton,4,FTF,06011,Communications,"Arts, Entertainment, & Recreation",,,,,,
50,Fullerton,4,FTF,06011,Communications,Accommodation & Food Services,,,,,,
50,Fullerton,4,FTF,06011,Communications,Other Services,,,,,,
50,Fullerton,4,FTF,06011,Communications,Government,12,"$95,114","$91,970",,,
50,Fullerton,4,FTF,06011,Communications,No Wages,223,,,319,,
50,Fullerton,4,FTF,06011,Communications,Wages - No NAICS Code,5,"$47,856","$41,708",,,
50,Fullerton,4,FTF,06021 + 06022,Journalism,No Wages,9,,,9,,
50,Fullerton,4,FTF,06031,Radio/Television/Broadcast,"Agriculture, Forestry, Fishing, & Hunting",,,,,,
50,Fullerton,4,FTF,06031,Radio/Television/Broadcast,Information,,,,,,
50,Fullerton,4,FTF,06031,Radio/Television/Broadcast,Finance & Insurance,,,,,,
50,Fullerton,4,FTF,06031,Radio/Television/Broadcast,"Professional, Scientific, & Technical Skills",,,,,,
50,Fullerton,4,FTF,06031,Radio/Television/Broadcast,Admin & Support & Waste Mgmt & Remediation,,,,,,
50,Fullerton,4,FTF,06031,Radio/Television/Broadcast,Educational Services,8,"$50,631","$48,330",,,
50,Fullerton,4,FTF,06031,Radio/Television/Broadcast,Health Care & Social Assistance,,,,,,
50,Fullerton,4,FTF,06031,Radio/Television/Broadcast,No Wages,40,,,51,,
50,Fullerton,4,FTF,06041,Advertising,Real Estate & Rental & Leasing,,,,,,
50,Fullerton,4,FTF,06041,Advertising,No Wages,5,,,6,,
50,Fullerton,4,FTF,07011 + 07012 + 07028,Graphic Communications,Manufacturing,10,"$95,229","$95,374",,,
50,Fullerton,4,FTF,07011 + 07012 + 07028,Graphic Communications,Wholesale Trade,,,,,,
50,Fullerton,4,FTF,07011 + 07012 + 07028,Graphic Communications,Retail Trade,,,,,,
50,Fullerton,4,FTF,07011 + 07012 + 07028,Graphic Communications,Information,,,,,,
50,Fullerton,4,FTF,07011 + 07012 + 07028,Graphic Communications,Finance & Insurance,,,,,,
50,Fullerton,4,FTF,07011 + 07012 + 07028,Graphic Communications,"Professional, Scientific, & Technical Skills",,,,,,
50,Fullerton,4,FTF,07011 + 07012 + 07028,Graphic Communications,Educational Services,,,,,,
50,Fullerton,4,FTF,07011 + 07012 + 07028,Graphic Communications,Health Care & Social Assistance,,,,,,
50,Fullerton,4,FTF,07011 + 07012 + 07028,Graphic Communications,Accommodation & Food Services,,,,,,
50,Fullerton,4,FTF,07011 + 07012 + 07028,Graphic Communications,Government,,,,,,
50,Fullerton,4,FTF,07011 + 07012 + 07028,Graphic Communications,No Wages,40,,,64,,
50,Fullerton,4,FTF,07011 + 07012 + 07028,Graphic Communications,Wages - No NAICS Code,,,,,,
50,Fullerton,4,FTF,08231 + 08232,Child Development,Construction,,,,,,
50,Fullerton,4,FTF,08231 + 08232,Child Development,Manufacturing,,,,,,
50,Fullerton,4,FTF,08231 + 08232,Child Development,Wholesale Trade,,,,,,
50,Fullerton,4,FTF,08231 + 08232,Child Development,Retail Trade,,,,,,
50,Fullerton,4,FTF,08231 + 08232,Child Development,Finance & Insurance,6,"$67,940","$61,015",,,
50,Fullerton,4,FTF,08231 + 08232,Child Development,"Professional, Scientific, & Technical Skills",,,,,,
50,Fullerton,4,FTF,08231 + 08232,Child Development,Admin & Support & Waste Mgmt & Remediation,,,,,,
50,Fullerton,4,FTF,08231 + 08232,Child Development,Educational Services,220,"$72,193","$69,191",68,"$80,029","$75,428"
50,Fullerton,4,FTF,08231 + 08232,Child Development,Health Care & Social Assistance,20,"$51,381","$51,131",,,
50,Fullerton,4,FTF,08231 + 08232,Child Development,Accommodation & Food Services,,,,,,
50,Fullerton,4,FTF,08231 + 08232,Child Development,Other Services,6,"$42,569","$37,621",,,
50,Fullerton,4,FTF,08231 + 08232,Child Development,Government,10,"$69,560","$82,900",,,
50,Fullerton,4,FTF,08231 + 08232,Child Development,No Wages,415,,,624,,
50,Fullerton,4,FTF,08231 + 08232,Child Development,Wages - No NAICS Code,10,"$12,008","$23,154",,,
50,Fullerton,4,FTF,08351,Kinesiology,Manufacturing,,,,,,
50,Fullerton,4,FTF,08351,Kinesiology,Wholesale Trade,,,,,,
50,Fullerton,4,FTF,08351,Kinesiology,Transportation & Warehousing,,,,,,
50,Fullerton,4,FTF,08351,Kinesiology,"Professional, Scientific, & Technical Skills",,,,,,
50,Fullerton,4,FTF,08351,Kinesiology,Admin & Support & Waste Mgmt & Remediation,,,,,,
50,Fullerton,4,FTF,08351,Kinesiology,Educational Services,28,"$68,541","$69,999",6,"$108,257","$105,183"
50,Fullerton,4,FTF,08351,Kinesiology,Health Care & Social Assistance,30,"$81,638","$74,266",6,"$78,995","$71,218"
50,Fullerton,4,FTF,08351,Kinesiology,"Arts, Entertainment, & Recreation",,,,,,
50,Fullerton,4,FTF,08351,Kinesiology,Accommodation & Food Services,,,,,,
50,Fullerton,4,FTF,08351,Kinesiology,Non-Classified,,,,,,
50,Fullerton,4,FTF,08351,Kinesiology,Government,7,"$88,909","$97,417",,,
50,Fullerton,4,FTF,08351,Kinesiology,No Wages,198,,,261,,
50,Fullerton,4,FTF,08351,Kinesiology,Wages - No NAICS Code,,,,,,
50,Fullerton,4,FTF,08375,Athletic Training,No Wages,7,,,7,,
50,Fullerton,4,FTF,09011 + 09012 + 09013,Engineering,Manufacturing,5,"$117,528","$125,454",,,
50,Fullerton,4,FTF,09011 + 09012 + 09013,Engineering,Wholesale Trade,,,,,,
50,Fullerton,4,FTF,09011 + 09012 + 09013,Engineering,"Professional, Scientific, & Technical Skills",,,,,,
50,Fullerton,4,FTF,09011 + 09012 + 09013,Engineering,Educational Services,,,,,,
50,Fullerton,4,FTF,09011 + 09012 + 09013,Engineering,Government,,,,,,
50,Fullerton,4,FTF,09011 + 09012 + 09013,Engineering,No Wages,12,,,18,,
50,Fullerton,4,FTF,09011 + 09012 + 09013,Engineering,Wages - No NAICS Code,,,,,,
50,Fullerton,4,FTF,09081,Civil Engineering,"Agriculture, Forestry, Fishing, & Hunting",,,,,,
50,Fullerton,4,FTF,09081,Civil Engineering,Construction,,,,,,
50,Fullerton,4,FTF,09081,Civil Engineering,"Professional, Scientific, & Technical Skills",,,,,,
50,Fullerton,4,FTF,09081,Civil Engineering,Educational Services,,,,,,
50,Fullerton,4,FTF,09081,Civil Engineering,Government,,,,,,
50,Fullerton,4,FTF,09081,Civil Engineering,No Wages,45,,,54,,
50,Fullerton,4,FTF,09081,Civil Engineering,Wages - No NAICS Code,,,,,,
50,Fullerton,4,FTF,09091,Electrical Engineering,Utilities,,,,,,
50,Fullerton,4,FTF,09091,Electrical Engineering,Manufacturing,,,,,,
50,Fullerton,4,FTF,09091,Electrical Engineering,"Professional, Scientific, & Technical Skills",7,"$96,178","$106,591",,,
50,Fullerton,4,FTF,09091,Electrical Engineering,Admin & Support & Waste Mgmt & Remediation,,,,,,
50,Fullerton,4,FTF,09091,Electrical Engineering,Government,,,,,,
50,Fullerton,4,FTF,09091,Electrical Engineering,No Wages,14,,,25,,
50,Fullerton,4,FTF,09094,Computer Engineering,No Wages,10,,,10,,
50,Fullerton,4,FTF,09101,Mechanical Engineering,Manufacturing,,,,,,
50,Fullerton,4,FTF,09101,Mechanical Engineering,"Professional, Scientific, & Technical Skills",,,,,,
50,Fullerton,4,FTF,09101,Mechanical Engineering,Educational Services,,,,,,
50,Fullerton,4,FTF,09101,Mechanical Engineering,No Wages,18,,,24,,
50,Fullerton,4,FTF,10021 + 10022,Art,Utilities,,,,,,
50,Fullerton,4,FTF,10021 + 10022,Art,Manufacturing,,,,,,
50,Fullerton,4,FTF,10021 + 10022,Art,Wholesale Trade,,,,,,
50,Fullerton,4,FTF,10021 + 10022,Art,Retail Trade,,,,,,
50,Fullerton,4,FTF,10021 + 10022,Art,"Professional, Scientific, & Technical Skills",,,,,,
50,Fullerton,4,FTF,10021 + 10022,Art,Admin & Support & Waste Mgmt & Remediation,,,,,,
50,Fullerton,4,FTF,10021 + 10022,Art,Educational Services,14,"$74,858","$66,998",,,
50,Fullerton,4,FTF,10021 + 10022,Art,Health Care & Social Assistance,,,,,,
50,Fullerton,4,FTF,10021 + 10022,Art,"Arts, Entertainment, & Recreation",,,,,,
50,Fullerton,4,FTF,10021 + 10022,Art,Government,,,,,,
50,Fullerton,4,FTF,10021 + 10022,Art,No Wages,44,,,66,,
50,Fullerton,4,FTF,10021 + 10022,Art,Wages - No NAICS Code,,,,,,
50,Fullerton,4,FTF,10041,Music - Performance,"Professional, Scientific, & Technical Skills",,,,,,
50,Fullerton,4,FTF,10041,Music - Performance,Admin & Support & Waste Mgmt & Remediation,,,,,,
50,Fullerton,4,FTF,10041,Music - Performance,Educational Services,11,"$58,743","$54,979",,,
50,Fullerton,4,FTF,10041,Music - Performance,"Arts, Entertainment, & Recreation",,,,,,
50,Fullerton,4,FTF,10041,Music - Performance,Government,,,,,,
50,Fullerton,4,FTF,10041,Music - Performance,No Wages,46,,,58,,
50,Fullerton,4,FTF,10041,Music - Performance,Wages - No NAICS Code,,,,,,
50,Fullerton,4,FTF,10051,Music,Construction,,,,,,
50,Fullerton,4,FTF,10051,Music,Finance & Insurance,,,,,,
50,Fullerton,4,FTF,10051,Music,"Professional, Scientific, & Technical Skills",,,,,,
50,Fullerton,4,FTF,10051,Music,Admin & Support & Waste Mgmt & Remediation,,,,,,
50,Fullerton,4,FTF,10051,Music,Educational Services,19,"$88,517","$76,166",,,
50,Fullerton,4,FTF,10051,Music,Health Care & Social Assistance,,,,,,
50,Fullerton,4,FTF,10051,Music,Government,,,,,,
50,Fullerton,4,FTF,10051,Music,No Wages,33,,,59,,
50,Fullerton,4,FTF,10052,Music Education,Health Care & Social Assistance,,,,,,
50,Fullerton,4,FTF,10052,Music Education,No Wages,6,,,7,,
50,Fullerton,4,FTF,10071,Theatre Arts,"Agriculture, Forestry, Fishing, & Hunting",,,,,,
50,Fullerton,4,FTF,10071,Theatre Arts,Construction,,,,,,
50,Fullerton,4,FTF,10071,Theatre Arts,Wholesale Trade,,,,,,
50,Fullerton,4,FTF,10071,Theatre Arts,Information,,,,,,
50,Fullerton,4,FTF,10071,Theatre Arts,Finance & Insurance,,,,,,
50,Fullerton,4,FTF,10071,Theatre Arts,Real Estate & Rental & Leasing,,,,,,
50,Fullerton,4,FTF,10071,Theatre Arts,"Professional, Scientific, & Technical Skills",,,,,,
50,Fullerton,4,FTF,10071,Theatre Arts,Admin & Support & Waste Mgmt & Remediation,,,,,,
50,Fullerton,4,FTF,10071,Theatre Arts,Educational Services,6,"$51,244","$56,051",,,
50,Fullerton,4,FTF,10071,Theatre Arts,Health Care & Social Assistance,,,,,,
50,Fullerton,4,FTF,10071,Theatre Arts,"Arts, Entertainment, & Recreation",,,,,,
50,Fullerton,4,FTF,10071,Theatre Arts,No Wages,66,,,84,,
50,Fullerton,4,FTF,10071,Theatre Arts,Wages - No NAICS Code,,,,,,
50,Fullerton,4,FTF,10072,Theatre Arts - Performance,Educational Services,,,,,,
50,Fullerton,4,FTF,10072,Theatre Arts - Performance,Non-Classified,,,,,,
50,Fullerton,4,FTF,10072,Theatre Arts - Performance,No Wages,,,,5,,
50,Fullerton,4,FTF,10081,Dance,Educational Services,,,,,,
50,Fullerton,4,FTF,10081,Dance,"Arts, Entertainment, & Recreation",,,,,,
50,Fullerton,4,FTF,10081,Dance,No Wages,10,,,12,,
50,Fullerton,4,FTF,11021,French,No Wages,,,,,,
50,Fullerton,4,FTF,11031,German,No Wages,,,,,,
50,Fullerton,4,FTF,11051,Spanish,Educational Services,10,"$76,979","$75,856",,,
50,Fullerton,4,FTF,11051,Spanish,Government,,,,,,
50,Fullerton,4,FTF,11051,Spanish,No Wages,20,,,28,,
50,Fullerton,4,FTF,11081,Japanese,Educational Services,,,,,,
50,Fullerton,4,FTF,11081,Japanese,No Wages,,,,,,
50,Fullerton,4,FTF,12011,Health Science,"Agriculture, Forestry, Fishing, & Hunting",,,,,,
50,Fullerton,4,FTF,12011,Health Science,Retail Trade,,,,,,
50,Fullerton,4,FTF,12011,Health Science,Finance & Insurance,,,,,,
50,Fullerton,4,FTF,12011,Health Science,Admin & Support & Waste Mgmt & Remediation,,,,,,
50,Fullerton,4,FTF,12011,Health Science,Educational Services,6,"$51,666","$59,526",,,
50,Fullerton,4,FTF,12011,Health Science,Health Care & Social Assistance,14,"$82,747","$82,889",,,
50,Fullerton,4,FTF,12011,Health Science,"Arts, Entertainment, & Recreation",,,,,,
50,Fullerton,4,FTF,12011,Health Science,Government,,,,,,
50,Fullerton,4,FTF,12011,Health Science,No Wages,138,,,165,,
50,Fullerton,4,FTF,12201,Communicative Disorders,Retail Trade,,,,,,
50,Fullerton,4,FTF,12201,Communicative Disorders,"Professional, Scientific, & Technical Skills",,,,,,
50,Fullerton,4,FTF,12201,Communicative Disorders,Educational Services,19,"$79,040","$66,158",,,
50,Fullerton,4,FTF,12201,Communicative Disorders,Health Care & Social Assistance,8,"$58,497","$56,021",,,
50,Fullerton,4,FTF,12201,Communicative Disorders,Government,,,,,,
50,Fullerton,4,FTF,12201,Communicative Disorders,No Wages,70,,,93,,
50,Fullerton,4,FTF,12201,Communicative Disorders,Wages - No NAICS Code,,,,,,
50,Fullerton,4,FTF,15011,English,Manufacturing,,,,,,
50,Fullerton,4,FTF,15011,English,Wholesale Trade,,,,,,
50,Fullerton,4,FTF,15011,English,Retail Trade,,,,,,
50,Fullerton,4,FTF,15011,English,Information,,,,,,
50,Fullerton,4,FTF,15011,English,"Professional, Scientific, & Technical Skills",,,,,,
50,Fullerton,4,FTF,15011,English,Admin & Support & Waste Mgmt & Remediation,,,,,,
50,Fullerton,4,FTF,15011,English,Educational Services,52,"$76,276","$69,705",6,"$87,607","$80,334"
50,Fullerton,4,FTF,15011,English,Health Care & Social Assistance,,,,,,
50,Fullerton,4,FTF,15011,English,Accommodation & Food Services,,,,,,
50,Fullerton,4,FTF,15011,English,Other Services,,,,,,
50,Fullerton,4,FTF,15011,English,Government,6,"$71,809","$74,917",,,
50,Fullerton,4,FTF,15011,English,No Wages,151,,,225,,
50,Fullerton,4,FTF,15011,English,Wages - No NAICS Code,5,"$17,982","$33,421",,,
50,Fullerton,4,FTF,15031,Comparative Literature,Retail Trade,,,,,,
50,Fullerton,4,FTF,15031,Comparative Literature,No Wages,,,,,,
50,Fullerton,4,FTF,15051,Linguistics,No Wages,,,,,,
50,Fullerton,4,FTF,15061,Speech Communication,Information,,,,,,
50,Fullerton,4,FTF,15061,Speech Communication,Real Estate & Rental & Leasing,,,,,,
50,Fullerton,4,FTF,15061,Speech Communication,"Professional, Scientific, & Technical Skills",,,,,,
50,Fullerton,4,FTF,15061,Speech Communication,Educational Services,5,"$63,572","$55,776",,,
50,Fullerton,4,FTF,15061,Speech Communication,Health Care & Social Assistance,,,,,,
50,Fullerton,4,FTF,15061,Speech Communication,Other Services,,,,,,
50,Fullerton,4,FTF,15061,Speech Communication,Government,,,,,,
50,Fullerton,4,FTF,15061,Speech Communication,No Wages,31,,,44,,
50,Fullerton,4,FTF,15061,Speech Communication,Wages - No NAICS Code,,,,,,
50,Fullerton,4,FTF,15091,Philosophy,Wholesale Trade,,,,,,
50,Fullerton,4,FTF,15091,Philosophy,Educational Services,,,,,,
50,Fullerton,4,FTF,15091,Philosophy,Government,,,,,,
50,Fullerton,4,FTF,15091,Philosophy,No Wages,25,,,30,,
50,Fullerton,4,FTF,15101,Religious Studies,Construction,,,,,,
50,Fullerton,4,FTF,15101,Religious Studies,Retail Trade,,,,,,
50,Fullerton,4,FTF,15101,Religious Studies,"Professional, Scientific, & Technical Skills",,,,,,
50,Fullerton,4,FTF,15101,Religious Studies,Health Care & Social Assistance,,,,,,
50,Fullerton,4,FTF,15101,Religious Studies,Other Services,,,,,,
50,Fullerton,4,FTF,15101,Religious Studies,No Wages,5,,,10,,
50,Fullerton,4,FTF,17011,Mathematics,Manufacturing,,,,,,
50,Fullerton,4,FTF,17011,Mathematics,Finance & Insurance,,,,,,
50,Fullerton,4,FTF,17011,Mathematics,"Professional, Scientific, & Technical Skills",,,,,,
50,Fullerton,4,FTF,17011,Mathematics,Educational Services,22,"$81,566","$79,506",,,
50,Fullerton,4,FTF,17011,Mathematics,Other Services,,,,,,
50,Fullerton,4,FTF,17011,Mathematics,No Wages,57,,,80,,
50,Fullerton,4,FTF,17011,Mathematics,Wages - No NAICS Code,,,,,,
50,Fullerton,4,FTF,17031,Applied Mathematics,Educational Services,,,,,,
50,Fullerton,4,FTF,17031,Applied Mathematics,No Wages,,,,,,
50,Fullerton,4,FTF,19021,Physics,Manufacturing,,,,,,
50,Fullerton,4,FTF,19021,Physics,"Professional, Scientific, & Technical Skills",,,,,,
50,Fullerton,4,FTF,19021,Physics,Educational Services,,,,,,
50,Fullerton,4,FTF,19021,Physics,No Wages,24,,,29,,
50,Fullerton,4,FTF,19051,Chemistry,Manufacturing,,,,,,
50,Fullerton,4,FTF,19051,Chemistry,Retail Trade,,,,,,
50,Fullerton,4,FTF,19051,Chemistry,"Professional, Scientific, & Technical Skills",5,"$99,382","$113,816",,,
50,Fullerton,4,FTF,19051,Chemistry,Educational Services,,,,,,
50,Fullerton,4,FTF,19051,Chemistry,Health Care & Social Assistance,,,,,,
50,Fullerton,4,FTF,19051,Chemistry,Government,,,,,,
50,Fullerton,4,FTF,19051,Chemistry,No Wages,14,,,28,,
50,Fullerton,4,FTF,19051,Chemistry,Wages - No NAICS Code,,,,,,
50,Fullerton,4,FTF,19141,Geology,Wholesale Trade,,,,,,
50,Fullerton,4,FTF,19141,Geology,No Wages,13,,,14,,
50,Fullerton,4,FTF,19171,Earth Science,No Wages,,,,,,
50,Fullerton,4,FTF,20011 + 20013,Psychology,"Agriculture, Forestry, Fishing, & Hunting",,,,,,
50,Fullerton,4,FTF,20011 + 20013,Psychology,Construction,,,,,,
50,Fullerton,4,FTF,20011 + 20013,Psychology,Manufacturing,,,,,,
50,Fullerton,4,FTF,20011 + 20013,Psychology,Wholesale Trade,,,,,,
50,Fullerton,4,FTF,20011 + 20013,Psychology,Retail Trade,,,,,,
50,Fullerton,4,FTF,20011 + 20013,Psychology,Information,5,"$60,383","$54,414",,,
50,Fullerton,4,FTF,20011 + 20013,Psychology,Finance & Insurance,6,"$79,593","$78,319",,,
50,Fullerton,4,FTF,20011 + 20013,Psychology,Real Estate & Rental & Leasing,,,,,,
50,Fullerton,4,FTF,20011 + 20013,Psychology,"Professional, Scientific, & Technical Skills",9,"$51,370","$58,665",,,
50,Fullerton,4,FTF,20011 + 20013,Psychology,Admin & Support & Waste Mgmt & Remediation,,,,,,
50,Fullerton,4,FTF,20011 + 20013,Psychology,Educational Services,70,"$66,178","$64,725",18,"$80,784","$75,503"
50,Fullerton,4,FTF,20011 + 20013,Psychology,Health Care & Social Assistance,55,"$59,002","$59,741",10,"$67,891","$80,803"
50,Fullerton,4,FTF,20011 + 20013,Psychology,"Arts, Entertainment, & Recreation",,,,,,
50,Fullerton,4,FTF,20011 + 20013,Psychology,Accommodation & Food Services,,,,,,
50,Fullerton,4,FTF,20011 + 20013,Psychology,Other Services,,,,,,
50,Fullerton,4,FTF,20011 + 20013,Psychology,Government,21,"$70,701","$66,783",5,"$85,907","$79,942"
50,Fullerton,4,FTF,20011 + 20013,Psychology,No Wages,353,,,506,,
50,Fullerton,4,FTF,20011 + 20013,Psychology,Wages - No NAICS Code,9,"$48,418","$47,248",,,
50,Fullerton,4,FTF,21021,Public Administration,Finance & Insurance,,,,,,
50,Fullerton,4,FTF,21021,Public Administration,"Professional, Scientific, & Technical Skills",,,,,,
50,Fullerton,4,FTF,21021,Public Administration,Admin & Support & Waste Mgmt & Remediation,,,,,,
50,Fullerton,4,FTF,21021,Public Administration,Educational Services,,,,,,
50,Fullerton,4,FTF,21021,Public Administration,Government,,,,,,
50,Fullerton,4,FTF,21021,Public Administration,No Wages,11,,,15,,
50,Fullerton,4,FTF,21042,Human Services,Wholesale Trade,,,,,,
50,Fullerton,4,FTF,21042,Human Services,Retail Trade,,,,,,
50,Fullerton,4,FTF,21042,Human Services,Finance & Insurance,,,,,,
50,Fullerton,4,FTF,21042,Human Services,"Professional, Scientific, & Technical Skills",,,,,,
50,Fullerton,4,FTF,21042,Human Services,Management of Companies & Enterprises,,,,,,
50,Fullerton,4,FTF,21042,Human Services,Educational Services,43,"$71,849","$69,513",21,"$84,089","$77,911"
50,Fullerton,4,FTF,21042,Human Services,Health Care & Social Assistance,36,"$51,512","$52,638",5,"$60,742","$67,001"
50,Fullerton,4,FTF,21042,Human Services,Other Services,6,"$56,515","$58,974",,,
50,Fullerton,4,FTF,21042,Human Services,Government,22,"$74,553","$72,479",8,"$86,813","$81,261"
50,Fullerton,4,FTF,21042,Human Services,No Wages,176,,,253,,
50,Fullerton,4,FTF,21042,Human Services,Wages - No NAICS Code,,,,,,
50,Fullerton,4,FTF,21051,Criminal Justice,Utilities,,,,,,
50,Fullerton,4,FTF,21051,Criminal Justice,Construction,,,,,,
50,Fullerton,4,FTF,21051,Criminal Justice,Manufacturing,,,,,,
50,Fullerton,4,FTF,21051,Criminal Justice,Wholesale Trade,,,,,,
50,Fullerton,4,FTF,21051,Criminal Justice,Retail Trade,,,,,,
50,Fullerton,4,FTF,21051,Criminal Justice,Information,,,,,,
50,Fullerton,4,FTF,21051,Criminal Justice,Finance & Insurance,,,,,,
50,Fullerton,4,FTF,21051,Criminal Justice,"Professional, Scientific, & Technical Skills",11,"$77,185","$67,952",,,
50,Fullerton,4,FTF,21051,Criminal Justice,Admin & Support & Waste Mgmt & Remediation,,,,,,
50,Fullerton,4,FTF,21051,Criminal Justice,Educational Services,17,"$82,287","$80,068",7,"$101,134","$89,140"
50,Fullerton,4,FTF,21051,Criminal Justice,Health Care & Social Assistance,9,"$49,459","$46,233",,,
50,Fullerton,4,FTF,21051,Criminal Justice,Other Services,,,,,,
50,Fullerton,4,FTF,21051,Criminal Justice,Government,32,"$94,761","$95,862",9,"$92,394","$84,440"
50,Fullerton,4,FTF,21051,Criminal Justice,No Wages,111,,,180,,
50,Fullerton,4,FTF,21051,Criminal Justice,Wages - No NAICS Code,6,"$12,779","$33,388",,,
50,Fullerton,4,FTF,22021,Anthropology,Retail Trade,,,,,,
50,Fullerton,4,FTF,22021,Anthropology,Admin & Support & Waste Mgmt & Remediation,,,,,,
50,Fullerton,4,FTF,22021,Anthropology,Educational Services,,,,,,
50,Fullerton,4,FTF,22021,Anthropology,Health Care & Social Assistance,,,,,,
50,Fullerton,4,FTF,22021,Anthropology,No Wages,22,,,26,,
50,Fullerton,4,FTF,22041,Economics,Manufacturing,,,,,,
50,Fullerton,4,FTF,22041,Economics,Wholesale Trade,,,,,,
50,Fullerton,4,FTF,22041,Economics,Transportation & Warehousing,,,,,,
50,Fullerton,4,FTF,22041,Economics,Finance & Insurance,,,,,,
50,Fullerton,4,FTF,22041,Economics,"Professional, Scientific, & Technical Skills",,,,,,
50,Fullerton,4,FTF,22041,Economics,Admin & Support & Waste Mgmt & Remediation,,,,,,
50,Fullerton,4,FTF,22041,Economics,Educational Services,,,,,,
50,Fullerton,4,FTF,22041,Economics,"Arts, Entertainment, & Recreation",,,,,,
50,Fullerton,4,FTF,22041,Economics,Other Services,,,,,,
50,Fullerton,4,FTF,22041,Economics,Government,,,,,,
50,Fullerton,4,FTF,22041,Economics,No Wages,20,,,29,,
50,Fullerton,4,FTF,22051,History,Manufacturing,,,,,,
50,Fullerton,4,FTF,22051,History,Finance & Insurance,,,,,,
50,Fullerton,4,FTF,22051,History,"Professional, Scientific, & Technical Skills",,,,,,
50,Fullerton,4,FTF,22051,History,Admin & Support & Waste Mgmt & Remediation,,,,,,
50,Fullerton,4,FTF,22051,History,Educational Services,21,"$73,710","$68,461",,,
50,Fullerton,4,FTF,22051,History,Health Care & Social Assistance,,,,,,
50,Fullerton,4,FTF,22051,History,"Arts, Entertainment, & Recreation",,,,,,
50,Fullerton,4,FTF,22051,History,Government,,,,,,
50,Fullerton,4,FTF,22051,History,No Wages,89,,,116,,
50,Fullerton,4,FTF,22051,History,Wages - No NAICS Code,,,,,,
50,Fullerton,4,FTF,22061 + 22063,Geography,Educational Services,,,,,,
50,Fullerton,4,FTF,22061 + 22063,Geography,No Wages,8,,,10,,
50,Fullerton,4,FTF,22061 + 22063,Geography,Wages - No NAICS Code,,,,,,
50,Fullerton,4,FTF,22071,Political Science,Utilities,,,,,,
50,Fullerton,4,FTF,22071,Political Science,Wholesale Trade,,,,,,
50,Fullerton,4,FTF,22071,Political Science,Retail Trade,,,,,,
50,Fullerton,4,FTF,22071,Political Science,Transportation & Warehousing,,,,,,
50,Fullerton,4,FTF,22071,Political Science,Information,,,,,,
50,Fullerton,4,FTF,22071,Political Science,Finance & Insurance,5,"$81,572","$140,697",,,
50,Fullerton,4,FTF,22071,Political Science,Real Estate & Rental & Leasing,,,,,,
50,Fullerton,4,FTF,22071,Political Science,"Professional, Scientific, & Technical Skills",17,"$109,265","$106,597",,,
50,Fullerton,4,FTF,22071,Political Science,Admin & Support & Waste Mgmt & Remediation,,,,,,
50,Fullerton,4,FTF,22071,Political Science,Educational Services,10,"$61,478","$60,976",,,
50,Fullerton,4,FTF,22071,Political Science,Health Care & Social Assistance,,,,,,
50,Fullerton,4,FTF,22071,Political Science,"Arts, Entertainment, & Recreation",,,,,,
50,Fullerton,4,FTF,22071,Political Science,Accommodation & Food Services,,,,,,
50,Fullerton,4,FTF,22071,Political Science,Other Services,,,,,,
50,Fullerton,4,FTF,22071,Political Science,Government,8,"$84,322","$79,753",,,
50,Fullerton,4,FTF,22071,Political Science,No Wages,120,,,164,,
50,Fullerton,4,FTF,22071,Political Science,Wages - No NAICS Code,,,,,,
50,Fullerton,4,FTF,22081,Sociology,Manufacturing,,,,,,
50,Fullerton,4,FTF,22081,Sociology,Information,,,,,,
50,Fullerton,4,FTF,22081,Sociology,Finance & Insurance,,,,,,
50,Fullerton,4,FTF,22081,Sociology,"Professional, Scientific, & Technical Skills",,,,,,
50,Fullerton,4,FTF,22081,Sociology,Educational Services,20,"$66,883","$58,688",5,"$94,516","$83,261"
50,Fullerton,4,FTF,22081,Sociology,Health Care & Social Assistance,14,"$52,801","$54,402",,,
50,Fullerton,4,FTF,22081,Sociology,Other Services,,,,,,
50,Fullerton,4,FTF,22081,Sociology,Government,,,,,,
50,Fullerton,4,FTF,22081,Sociology,No Wages,112,,,147,,
50,Fullerton,4,FTF,22081,Sociology,Wages - No NAICS Code,,,,,,
50,Fullerton,4,FTF,22990 + 49991,Women's Studies,Wholesale Trade,,,,,,
50,Fullerton,4,FTF,22990 + 49991,Women's Studies,Educational Services,,,,,,
50,Fullerton,4,FTF,22990 + 49991,Women's Studies,No Wages,11,,,15,,
50,Fullerton,4,FTF,22990 + 49991,Women's Studies,Wages - No NAICS Code,,,,,,
50,Fullerton,4,FTF,22991,Ethnic Studies,Educational Services,7,"$35,418","$46,553",,,
50,Fullerton,4,FTF,22991,Ethnic Studies,Government,,,,,,
50,Fullerton,4,FTF,22991,Ethnic Studies,No Wages,11,,,18,,
50,Fullerton,4,FTF,22991,Ethnic Studies,Wages - No NAICS Code,,,,,,
50,Fullerton,4,FTF,49012 + 49017,Women's Studies,Manufacturing,,,,,,
50,Fullerton,4,FTF,49012 + 49017,Women's Studies,Wholesale Trade,,,,,,
50,Fullerton,4,FTF,49012 + 49017,Women's Studies,Retail Trade,,,,,,
50,Fullerton,4,FTF,49012 + 49017,Women's Studies,Finance & Insurance,,,,,,
50,Fullerton,4,FTF,49012 + 49017,Women's Studies,Real Estate & Rental & Leasing,,,,,,
50,Fullerton,4,FTF,49012 + 49017,Women's Studies,"Professional, Scientific, & Technical Skills",,,,,,
50,Fullerton,4,FTF,49012 + 49017,Women's Studies,Admin & Support & Waste Mgmt & Remediation,,,,,,
50,Fullerton,4,FTF,49012 + 49017,Women's Studies,Educational Services,95,"$66,513","$63,076",23,"$77,042","$70,330"
50,Fullerton,4,FTF,49012 + 49017,Women's Studies,Health Care & Social Assistance,8,"$44,236","$48,011",,,
50,Fullerton,4,FTF,49012 + 49017,Women's Studies,Accommodation & Food Services,,,,,,
50,Fullerton,4,FTF,49012 + 49017,Women's Studies,Other Services,,,,,,
50,Fullerton,4,FTF,49012 + 49017,Women's Studies,Government,,,,,,
50,Fullerton,4,FTF,49012 + 49017,Women's Studies,No Wages,164,,,260,,
50,Fullerton,4,FTF,49012 + 49017,Women's Studies,Wages - No NAICS Code,,,,,,
50,Fullerton,4,FTT,00000,Undeclared/Unknown,Utilities,,,,,,
50,Fullerton,4,FTT,00000,Undeclared/Unknown,Manufacturing,,,,,,
50,Fullerton,4,FTT,00000,Undeclared/Unknown,Retail Trade,,,,,,
50,Fullerton,4,FTT,00000,Undeclared/Unknown,Finance & Insurance,,,,,,
50,Fullerton,4,FTT,00000,Undeclared/Unknown,"Professional, Scientific, & Technical Skills",,,,,,
50,Fullerton,4,FTT,00000,Undeclared/Unknown,Educational Services,7,"$70,135","$70,265",5,"$82,100","$65,864"
50,Fullerton,4,FTT,00000,Undeclared/Unknown,Health Care & Social Assistance,,,,,,
50,Fullerton,4,FTT,00000,Undeclared/Unknown,"Arts, Entertainment, & Recreation",,,,,,
50,Fullerton,4,FTT,00000,Undeclared/Unknown,Accommodation & Food Services,,,,,,
50,Fullerton,4,FTT,00000,Undeclared/Unknown,Government,,,,,,
50,Fullerton,4,FTT,00000,Undeclared/Unknown,No Wages,12,,,25,,
50,Fullerton,4,FTT,00000,Undeclared/Unknown,Wages - No NAICS Code,,,,,,
50,Fullerton,4,FTT,00121 + 12031 + 12032,Nursing,Finance & Insurance,,,,,,
50,Fullerton,4,FTT,00121 + 12031 + 12032,Nursing,"Professional, Scientific, & Technical Skills",,,,,,
50,Fullerton,4,FTT,00121 + 12031 + 12032,Nursing,Management of Companies & Enterprises,,,,,,
50,Fullerton,4,FTT,00121 + 12031 + 12032,Nursing,Admin & Support & Waste Mgmt & Remediation,,,,,,
50,Fullerton,4,FTT,00121 + 12031 + 12032,Nursing,Educational Services,26,"$92,380","$97,093",8,"$94,945","$104,903"
50,Fullerton,4,FTT,00121 + 12031 + 12032,Nursing,Health Care & Social Assistance,123,"$128,599","$126,478",31,"$124,844","$125,011"
50,Fullerton,4,FTT,00121 + 12031 + 12032,Nursing,Other Services,,,,,,
50,Fullerton,4,FTT,00121 + 12031 + 12032,Nursing,Government,10,"$120,107","$117,606",5,"$102,667","$97,185"
50,Fullerton,4,FTT,00121 + 12031 + 12032,Nursing,No Wages,274,,,399,,
50,Fullerton,4,FTT,00121 + 12031 + 12032,Nursing,Wages - No NAICS Code,7,"$91,341","$113,381",,,
50,Fullerton,4,FTT,03081 + 03085,Latin/Central American Studies,Government,,,,,,
50,Fullerton,4,FTT,03081 + 03085,Latin/Central American Studies,No Wages,,,,,,
50,Fullerton,4,FTT,03101 + 03121 + 03122,European Studies,Educational Services,,,,,,
50,Fullerton,4,FTT,03101 + 03121 + 03122,European Studies,No Wages,,,,,,
50,Fullerton,4,FTT,03131,American Studies,Utilities,,,,,,
50,Fullerton,4,FTT,03131,American Studies,Wholesale Trade,,,,,,
50,Fullerton,4,FTT,03131,American Studies,Retail Trade,,,,,,
50,Fullerton,4,FTT,03131,American Studies,Finance & Insurance,,,,,,
50,Fullerton,4,FTT,03131,American Studies,"Professional, Scientific, & Technical Skills",,,,,,
50,Fullerton,4,FTT,03131,American Studies,Educational Services,20,"$75,354","$69,042",7,"$84,699","$73,362"
50,Fullerton,4,FTT,03131,American Studies,Health Care & Social Assistance,,,,,,
50,Fullerton,4,FTT,03131,American Studies,No Wages,53,,,74,,
50,Fullerton,4,FTT,03131,American Studies,Wages - No NAICS Code,,,,,,
50,Fullerton,4,FTT,04011,Biology,Manufacturing,6,"$101,808","$114,061",5,"$120,064","$128,540"
50,Fullerton,4,FTT,04011,Biology,Wholesale Trade,,,,,,
50,Fullerton,4,FTT,04011,Biology,Retail Trade,7,"$146,972","$172,408",,,
50,Fullerton,4,FTT,04011,Biology,Finance & Insurance,,,,,,
50,Fullerton,4,FTT,04011,Biology,Real Estate & Rental & Leasing,,,,,,
50,Fullerton,4,FTT,04011,Biology,"Professional, Scientific, & Technical Skills",9,"$70,416","$75,680",5,"$66,858","$86,271"
50,Fullerton,4,FTT,04011,Biology,Admin & Support & Waste Mgmt & Remediation,,,,,,
50,Fullerton,4,FTT,04011,Biology,Educational Services,37,"$82,443","$80,771",12,"$97,979","$95,231"
50,Fullerton,4,FTT,04011,Biology,Health Care & Social Assistance,37,"$109,362","$124,565",21,"$132,143","$118,304"
50,Fullerton,4,FTT,04011,Biology,Accommodation & Food Services,,,,,,
50,Fullerton,4,FTT,04011,Biology,Other Services,,,,,,
50,Fullerton,4,FTT,04011,Biology,Government,5,"$61,561","$84,097",,,
50,Fullerton,4,FTT,04011,Biology,No Wages,188,,,250,,
50,Fullerton,4,FTT,04011,Biology,Wages - No NAICS Code,9,"$16,314","$26,005",,,
50,Fullerton,4,FTT,04141,Biochemistry,Manufacturing,5,"$122,418","$178,320",,,
50,Fullerton,4,FTT,04141,Biochemistry,Wholesale Trade,,,,,,
50,Fullerton,4,FTT,04141,Biochemistry,Retail Trade,8,"$124,371","$124,061",7,"$117,839","$120,191"
50,Fullerton,4,FTT,04141,Biochemistry,Finance & Insurance,,,,,,
50,Fullerton,4,FTT,04141,Biochemistry,"Professional, Scientific, & Technical Skills",,,,,,
50,Fullerton,4,FTT,04141,Biochemistry,Admin & Support & Waste Mgmt & Remediation,,,,,,
50,Fullerton,4,FTT,04141,Biochemistry,Educational Services,,,,,,
50,Fullerton,4,FTT,04141,Biochemistry,Health Care & Social Assistance,9,"$170,041","$161,937",6,"$260,444","$306,271"
50,Fullerton,4,FTT,04141,Biochemistry,Other Services,,,,,,
50,Fullerton,4,FTT,04141,Biochemistry,Government,6,"$102,826","$110,795",,,
50,Fullerton,4,FTT,04141,Biochemistry,No Wages,53,,,74,,
50,Fullerton,4,FTT,04141,Biochemistry,Wages - No NAICS Code,,,,,,
50,Fullerton,4,FTT,05011,Business Administration,"Agriculture, Forestry, Fishing, & Hunting",,,,,,
50,Fullerton,4,FTT,05011,Business Administration,Utilities,8,"$111,107","$111,391",,,
50,Fullerton,4,FTT,05011,Business Administration,Construction,9,"$84,858","$101,687",,,
50,Fullerton,4,FTT,05011,Business Administration,Manufacturing,70,"$99,814","$102,116",23,"$116,804","$124,063"
50,Fullerton,4,FTT,05011,Business Administration,Wholesale Trade,35,"$110,484","$138,715",17,"$113,179","$149,099"
50,Fullerton,4,FTT,05011,Business Administration,Retail Trade,24,"$78,506","$86,024",6,"$112,877","$107,140"
50,Fullerton,4,FTT,05011,Business Administration,Transportation & Warehousing,5,"$83,653","$81,610",,,
50,Fullerton,4,FTT,05011,Business Administration,Information,18,"$79,229","$89,302",6,"$125,344","$140,388"
50,Fullerton,4,FTT,05011,Business Administration,Finance & Insurance,71,"$92,955","$109,065",21,"$142,018","$143,198"
50,Fullerton,4,FTT,05011,Business Administration,Real Estate & Rental & Leasing,18,"$81,082","$106,160",9,"$129,886","$156,751"
50,Fullerton,4,FTT,05011,Business Administration,"Professional, Scientific, & Technical Skills",76,"$108,281","$118,138",30,"$128,985","$137,723"
50,Fullerton,4,FTT,05011,Business Administration,Management of Companies & Enterprises,,,,,,
50,Fullerton,4,FTT,05011,Business Administration,Admin & Support & Waste Mgmt & Remediation,23,"$80,071","$96,069",7,"$67,461","$96,964"
50,Fullerton,4,FTT,05011,Business Administration,Educational Services,64,"$79,659","$82,107",16,"$86,153","$80,752"
50,Fullerton,4,FTT,05011,Business Administration,Health Care & Social Assistance,24,"$78,258","$86,753",6,"$61,680","$82,755"
50,Fullerton,4,FTT,05011,Business Administration,"Arts, Entertainment, & Recreation",,,,,,
50,Fullerton,4,FTT,05011,Business Administration,Accommodation & Food Services,11,"$56,391","$65,772",,,
50,Fullerton,4,FTT,05011,Business Administration,Other Services,7,"$70,571","$51,559",,,
50,Fullerton,4,FTT,05011,Business Administration,Non-Classified,,,,,,
50,Fullerton,4,FTT,05011,Business Administration,Government,27,"$73,693","$91,023",10,"$94,892","$98,526"
50,Fullerton,4,FTT,05011,Business Administration,No Wages,826,,,"1,167",,
50,Fullerton,4,FTT,05011,Business Administration,Wages - No NAICS Code,12,"$38,068","$46,041",9,"$17,064","$39,260"
50,Fullerton,4,FTT,05041,Finance,Educational Services,,,,,,
50,Fullerton,4,FTT,05041,Finance,No Wages,,,,,,
50,Fullerton,4,FTT,05061,Management,Educational Services,,,,,,
50,Fullerton,4,FTT,05061,Management,No Wages,,,,,,
50,Fullerton,4,FTT,05091,Marketing,No Wages,,,,,,
50,Fullerton,4,FTT,05131,International Business,Manufacturing,,,,,,
50,Fullerton,4,FTT,05131,International Business,Wholesale Trade,,,,,,
50,Fullerton,4,FTT,05131,International Business,Retail Trade,,,,,,
50,Fullerton,4,FTT,05131,International Business,Transportation & Warehousing,,,,,,
50,Fullerton,4,FTT,05131,International Business,Information,,,,,,
50,Fullerton,4,FTT,05131,International Business,Finance & Insurance,,,,,,
50,Fullerton,4,FTT,05131,International Business,Real Estate & Rental & Leasing,,,,,,
50,Fullerton,4,FTT,05131,International Business,"Professional, Scientific, & Technical Skills",,,,,,
50,Fullerton,4,FTT,05131,International Business,Admin & Support & Waste Mgmt & Remediation,,,,,,
50,Fullerton,4,FTT,05131,International Business,Educational Services,7,"$74,693","$67,146",,,
50,Fullerton,4,FTT,05131,International Business,Health Care & Social Assistance,,,,,,
50,Fullerton,4,FTT,05131,International Business,Government,,,,,,
50,Fullerton,4,FTT,05131,International Business,No Wages,35,,,58,,
50,Fullerton,4,FTT,05131,International Business,Wages - No NAICS Code,,,,,,
50,Fullerton,4,FTT,05992,Public Relations,Other Services,,,,,,
50,Fullerton,4,FTT,05992,Public Relations,No Wages,,,,5,,
50,Fullerton,4,FTT,06011,Communications,Utilities,5,"$112,271","$90,947",,,
50,Fullerton,4,FTT,06011,Communications,Construction,,,,,,
50,Fullerton,4,FTT,06011,Communications,Manufacturing,7,"$98,395","$110,459",,,
50,Fullerton,4,FTT,06011,Communications,Wholesale Trade,8,"$81,969","$82,204",,,
50,Fullerton,4,FTT,06011,Communications,Retail Trade,,,,,,
50,Fullerton,4,FTT,06011,Communications,Transportation & Warehousing,,,,,,
50,Fullerton,4,FTT,06011,Communications,Information,5,"$84,041","$79,276",,,
50,Fullerton,4,FTT,06011,Communications,Finance & Insurance,10,"$84,948","$83,351",,,
50,Fullerton,4,FTT,06011,Communications,Real Estate & Rental & Leasing,,,,,,
50,Fullerton,4,FTT,06011,Communications,"Professional, Scientific, & Technical Skills",7,"$134,347","$124,342",,,
50,Fullerton,4,FTT,06011,Communications,Admin & Support & Waste Mgmt & Remediation,8,"$49,043","$88,368",,,
50,Fullerton,4,FTT,06011,Communications,Educational Services,75,"$73,244","$69,231",31,"$80,214","$72,274"
50,Fullerton,4,FTT,06011,Communications,Health Care & Social Assistance,9,"$52,907","$59,001",,,
50,Fullerton,4,FTT,06011,Communications,"Arts, Entertainment, & Recreation",,,,,,
50,Fullerton,4,FTT,06011,Communications,Accommodation & Food Services,,,,,,
50,Fullerton,4,FTT,06011,Communications,Other Services,,,,,,
50,Fullerton,4,FTT,06011,Communications,Government,11,"$77,599","$82,974",,,
50,Fullerton,4,FTT,06011,Communications,No Wages,329,,,451,,
50,Fullerton,4,FTT,06011,Communications,Wages - No NAICS Code,9,"$38,759","$54,635",,,
50,Fullerton,4,FTT,06021 + 06022,Journalism,Government,,,,,,
50,Fullerton,4,FTT,06021 + 06022,Journalism,No Wages,,,,6,,
50,Fullerton,4,FTT,06031,Radio/Television/Broadcast,Manufacturing,,,,,,
50,Fullerton,4,FTT,06031,Radio/Television/Broadcast,Wholesale Trade,,,,,,
50,Fullerton,4,FTT,06031,Radio/Television/Broadcast,Information,,,,,,
50,Fullerton,4,FTT,06031,Radio/Television/Broadcast,"Professional, Scientific, & Technical Skills",,,,,,
50,Fullerton,4,FTT,06031,Radio/Television/Broadcast,Management of Companies & Enterprises,,,,,,
50,Fullerton,4,FTT,06031,Radio/Television/Broadcast,Admin & Support & Waste Mgmt & Remediation,,,,,,
50,Fullerton,4,FTT,06031,Radio/Television/Broadcast,Educational Services,14,"$65,072","$61,835",,,
50,Fullerton,4,FTT,06031,Radio/Television/Broadcast,Health Care & Social Assistance,,,,,,
50,Fullerton,4,FTT,06031,Radio/Television/Broadcast,"Arts, Entertainment, & Recreation",,,,,,
50,Fullerton,4,FTT,06031,Radio/Television/Broadcast,Accommodation & Food Services,,,,,,
50,Fullerton,4,FTT,06031,Radio/Television/Broadcast,Other Services,,,,,,
50,Fullerton,4,FTT,06031,Radio/Television/Broadcast,Government,,,,,,
50,Fullerton,4,FTT,06031,Radio/Television/Broadcast,No Wages,66,,,87,,
50,Fullerton,4,FTT,06041,Advertising,Finance & Insurance,,,,,,
50,Fullerton,4,FTT,06041,Advertising,Educational Services,,,,,,
50,Fullerton,4,FTT,06041,Advertising,Health Care & Social Assistance,,,,,,
50,Fullerton,4,FTT,06041,Advertising,Government,,,,,,
50,Fullerton,4,FTT,06041,Advertising,No Wages,,,,,,
50,Fullerton,4,FTT,07011 + 07012 + 07028,Graphic Communications,Utilities,,,,,,
50,Fullerton,4,FTT,07011 + 07012 + 07028,Graphic Communications,Manufacturing,13,"$107,244","$99,950",5,"$131,698","$125,010"
50,Fullerton,4,FTT,07011 + 07012 + 07028,Graphic Communications,Wholesale Trade,,,,,,
50,Fullerton,4,FTT,07011 + 07012 + 07028,Graphic Communications,Retail Trade,,,,,,
50,Fullerton,4,FTT,07011 + 07012 + 07028,Graphic Communications,Information,6,"$123,871","$141,736",,,
50,Fullerton,4,FTT,07011 + 07012 + 07028,Graphic Communications,Finance & Insurance,,,,,,
50,Fullerton,4,FTT,07011 + 07012 + 07028,Graphic Communications,Real Estate & Rental & Leasing,,,,,,
50,Fullerton,4,FTT,07011 + 07012 + 07028,Graphic Communications,"Professional, Scientific, & Technical Skills",12,"$123,206","$127,397",,,
50,Fullerton,4,FTT,07011 + 07012 + 07028,Graphic Communications,Admin & Support & Waste Mgmt & Remediation,,,,,,
50,Fullerton,4,FTT,07011 + 07012 + 07028,Graphic Communications,Educational Services,,,,,,
50,Fullerton,4,FTT,07011 + 07012 + 07028,Graphic Communications,Health Care & Social Assistance,,,,,,
50,Fullerton,4,FTT,07011 + 07012 + 07028,Graphic Communications,Other Services,,,,,,
50,Fullerton,4,FTT,07011 + 07012 + 07028,Graphic Communications,Government,,,,,,
50,Fullerton,4,FTT,07011 + 07012 + 07028,Graphic Communications,No Wages,59,,,94,,
50,Fullerton,4,FTT,08231 + 08232,Child Development,Construction,,,,,,
50,Fullerton,4,FTT,08231 + 08232,Child Development,Manufacturing,,,,,,
50,Fullerton,4,FTT,08231 + 08232,Child Development,Wholesale Trade,,,,,,
50,Fullerton,4,FTT,08231 + 08232,Child Development,Retail Trade,,,,,,
50,Fullerton,4,FTT,08231 + 08232,Child Development,Information,,,,,,
50,Fullerton,4,FTT,08231 + 08232,Child Development,Finance & Insurance,,,,,,
50,Fullerton,4,FTT,08231 + 08232,Child Development,Real Estate & Rental & Leasing,,,,,,
50,Fullerton,4,FTT,08231 + 08232,Child Development,"Professional, Scientific, & Technical Skills",6,"$29,105","$31,353",,,
50,Fullerton,4,FTT,08231 + 08232,Child Development,Admin & Support & Waste Mgmt & Remediation,6,"$16,819","$24,977",,,
50,Fullerton,4,FTT,08231 + 08232,Child Development,Educational Services,447,"$73,166","$68,502",194,"$84,287","$76,889"
50,Fullerton,4,FTT,08231 + 08232,Child Development,Health Care & Social Assistance,47,"$45,834","$41,871",11,"$61,958","$66,938"
50,Fullerton,4,FTT,08231 + 08232,Child Development,"Arts, Entertainment, & Recreation",,,,,,
50,Fullerton,4,FTT,08231 + 08232,Child Development,Accommodation & Food Services,5,"$39,869","$44,928",,,
50,Fullerton,4,FTT,08231 + 08232,Child Development,Other Services,13,"$45,391","$43,949",6,"$45,607","$46,374"
50,Fullerton,4,FTT,08231 + 08232,Child Development,Government,8,"$74,099","$74,051",,,
50,Fullerton,4,FTT,08231 + 08232,Child Development,No Wages,547,,,875,,
50,Fullerton,4,FTT,08231 + 08232,Child Development,Wages - No NAICS Code,15,"$12,136","$21,365",6,$489,"$5,886"
50,Fullerton,4,FTT,08351,Kinesiology,"Agriculture, Forestry, Fishing, & Hunting",,,,,,
50,Fullerton,4,FTT,08351,Kinesiology,Mining,,,,,,
50,Fullerton,4,FTT,08351,Kinesiology,Construction,,,,,,
50,Fullerton,4,FTT,08351,Kinesiology,Manufacturing,,,,,,
50,Fullerton,4,FTT,08351,Kinesiology,Retail Trade,,,,,,
50,Fullerton,4,FTT,08351,Kinesiology,Transportation & Warehousing,,,,,,
50,Fullerton,4,FTT,08351,Kinesiology,Information,,,,,,
50,Fullerton,4,FTT,08351,Kinesiology,Finance & Insurance,,,,,,
50,Fullerton,4,FTT,08351,Kinesiology,Real Estate & Rental & Leasing,,,,,,
50,Fullerton,4,FTT,08351,Kinesiology,"Professional, Scientific, & Technical Skills",,,,,,
50,Fullerton,4,FTT,08351,Kinesiology,Admin & Support & Waste Mgmt & Remediation,,,,,,
50,Fullerton,4,FTT,08351,Kinesiology,Educational Services,103,"$77,507","$73,749",34,"$89,445","$102,523"
50,Fullerton,4,FTT,08351,Kinesiology,Health Care & Social Assistance,44,"$88,625","$88,247",7,"$137,987","$154,014"
50,Fullerton,4,FTT,08351,Kinesiology,"Arts, Entertainment, & Recreation",5,"$59,860","$53,017",,,
50,Fullerton,4,FTT,08351,Kinesiology,Other Services,5,"$47,726","$52,689",,,
50,Fullerton,4,FTT,08351,Kinesiology,Government,7,"$90,965","$99,816",,,
50,Fullerton,4,FTT,08351,Kinesiology,No Wages,237,,,373,,
50,Fullerton,4,FTT,08351,Kinesiology,Wages - No NAICS Code,9,"$37,634","$36,915",,,
50,Fullerton,4,FTT,08375,Athletic Training,No Wages,12,,,12,,
50,Fullerton,4,FTT,09011 + 09012 + 09013,Engineering,Utilities,,,,,,
50,Fullerton,4,FTT,09011 + 09012 + 09013,Engineering,Manufacturing,,,,,,
50,Fullerton,4,FTT,09011 + 09012 + 09013,Engineering,Wholesale Trade,,,,,,
50,Fullerton,4,FTT,09011 + 09012 + 09013,Engineering,Real Estate & Rental & Leasing,,,,,,
50,Fullerton,4,FTT,09011 + 09012 + 09013,Engineering,"Professional, Scientific, & Technical Skills",,,,,,
50,Fullerton,4,FTT,09011 + 09012 + 09013,Engineering,Government,,,,,,
50,Fullerton,4,FTT,09011 + 09012 + 09013,Engineering,No Wages,12,,,16,,
50,Fullerton,4,FTT,09011 + 09012 + 09013,Engineering,Wages - No NAICS Code,,,,,,
50,Fullerton,4,FTT,09081,Civil Engineering,Construction,,,,,,
50,Fullerton,4,FTT,09081,Civil Engineering,Manufacturing,,,,,,
50,Fullerton,4,FTT,09081,Civil Engineering,"Professional, Scientific, & Technical Skills",,,,,,
50,Fullerton,4,FTT,09081,Civil Engineering,Educational Services,,,,,,
50,Fullerton,4,FTT,09081,Civil Engineering,Health Care & Social Assistance,,,,,,
50,Fullerton,4,FTT,09081,Civil Engineering,Government,,,,,,
50,Fullerton,4,FTT,09081,Civil Engineering,No Wages,49,,,60,,
50,Fullerton,4,FTT,09081,Civil Engineering,Wages - No NAICS Code,,,,,,
50,Fullerton,4,FTT,09091,Electrical Engineering,Manufacturing,12,"$107,292","$107,159",,,
50,Fullerton,4,FTT,09091,Electrical Engineering,Wholesale Trade,,,,,,
50,Fullerton,4,FTT,09091,Electrical Engineering,Retail Trade,,,,,,
50,Fullerton,4,FTT,09091,Electrical Engineering,"Professional, Scientific, & Technical Skills",,,,,,
50,Fullerton,4,FTT,09091,Electrical Engineering,Accommodation & Food Services,,,,,,
50,Fullerton,4,FTT,09091,Electrical Engineering,No Wages,26,,,42,,
50,Fullerton,4,FTT,09091,Electrical Engineering,Wages - No NAICS Code,,,,,,
50,Fullerton,4,FTT,09094,Computer Engineering,No Wages,,,,,,
50,Fullerton,4,FTT,09101,Mechanical Engineering,Manufacturing,,,,,,
50,Fullerton,4,FTT,09101,Mechanical Engineering,Health Care & Social Assistance,,,,,,
50,Fullerton,4,FTT,09101,Mechanical Engineering,Government,,,,,,
50,Fullerton,4,FTT,09101,Mechanical Engineering,No Wages,17,,,18,,
50,Fullerton,4,FTT,10021 + 10022,Art,Utilities,,,,,,
50,Fullerton,4,FTT,10021 + 10022,Art,Manufacturing,,,,,,
50,Fullerton,4,FTT,10021 + 10022,Art,Wholesale Trade,,,,,,
50,Fullerton,4,FTT,10021 + 10022,Art,Retail Trade,,,,,,
50,Fullerton,4,FTT,10021 + 10022,Art,Information,,,,,,
50,Fullerton,4,FTT,10021 + 10022,Art,Finance & Insurance,,,,,,
50,Fullerton,4,FTT,10021 + 10022,Art,"Professional, Scientific, & Technical Skills",,,,,,
50,Fullerton,4,FTT,10021 + 10022,Art,Management of Companies & Enterprises,,,,,,
50,Fullerton,4,FTT,10021 + 10022,Art,Admin & Support & Waste Mgmt & Remediation,,,,,,
50,Fullerton,4,FTT,10021 + 10022,Art,Educational Services,42,"$69,921","$63,596",15,"$81,222","$71,659"
50,Fullerton,4,FTT,10021 + 10022,Art,Health Care & Social Assistance,,,,,,
50,Fullerton,4,FTT,10021 + 10022,Art,"Arts, Entertainment, & Recreation",,,,,,
50,Fullerton,4,FTT,10021 + 10022,Art,Other Services,,,,,,
50,Fullerton,4,FTT,10021 + 10022,Art,Government,,,,,,
50,Fullerton,4,FTT,10021 + 10022,Art,No Wages,130,,,184,,
50,Fullerton,4,FTT,10021 + 10022,Art,Wages - No NAICS Code,,,,,,
50,Fullerton,4,FTT,10031,Art History,Admin & Support & Waste Mgmt & Remediation,,,,,,
50,Fullerton,4,FTT,10031,Art History,Educational Services,,,,,,
50,Fullerton,4,FTT,10031,Art History,No Wages,,,,,,
50,Fullerton,4,FTT,10041,Music - Performance,"Professional, Scientific, & Technical Skills",,,,,,
50,Fullerton,4,FTT,10041,Music - Performance,Educational Services,7,"$38,609","$45,549",,,
50,Fullerton,4,FTT,10041,Music - Performance,"Arts, Entertainment, & Recreation",,,,,,
50,Fullerton,4,FTT,10041,Music - Performance,Government,,,,,,
50,Fullerton,4,FTT,10041,Music - Performance,No Wages,32,,,37,,
50,Fullerton,4,FTT,10051,Music,Construction,,,,,,
50,Fullerton,4,FTT,10051,Music,Information,,,,,,
50,Fullerton,4,FTT,10051,Music,Educational Services,11,"$77,689","$74,404",,,
50,Fullerton,4,FTT,10051,Music,Health Care & Social Assistance,,,,,,
50,Fullerton,4,FTT,10051,Music,Government,,,,,,
50,Fullerton,4,FTT,10051,Music,No Wages,31,,,44,,
50,Fullerton,4,FTT,10052,Music Education,Educational Services,,,,,,
50,Fullerton,4,FTT,10052,Music Education,No Wages,,,,6,,
50,Fullerton,4,FTT,10071,Theatre Arts,Information,,,,,,
50,Fullerton,4,FTT,10071,Theatre Arts,Finance & Insurance,,,,,,
50,Fullerton,4,FTT,10071,Theatre Arts,"Professional, Scientific, & Technical Skills",,,,,,
50,Fullerton,4,FTT,10071,Theatre Arts,Admin & Support & Waste Mgmt & Remediation,,,,,,
50,Fullerton,4,FTT,10071,Theatre Arts,Educational Services,11,"$69,899","$60,719",,,
50,Fullerton,4,FTT,10071,Theatre Arts,Health Care & Social Assistance,,,,,,
50,Fullerton,4,FTT,10071,Theatre Arts,"Arts, Entertainment, & Recreation",,,,,,
50,Fullerton,4,FTT,10071,Theatre Arts,Accommodation & Food Services,,,,,,
50,Fullerton,4,FTT,10071,Theatre Arts,No Wages,56,,,72,,
50,Fullerton,4,FTT,10071,Theatre Arts,Wages - No NAICS Code,,,,,,
50,Fullerton,4,FTT,10072,Theatre Arts - Performance,No Wages,5,,,5,,
50,Fullerton,4,FTT,10081,Dance,Educational Services,,,,,,
50,Fullerton,4,FTT,10081,Dance,No Wages,9,,,11,,
50,Fullerton,4,FTT,11021,French,Manufacturing,,,,,,
50,Fullerton,4,FTT,11021,French,Educational Services,,,,,,
50,Fullerton,4,FTT,11021,French,No Wages,7,,,8,,
50,Fullerton,4,FTT,11021,French,Wages - No NAICS Code,,,,,,
50,Fullerton,4,FTT,11031,German,"Agriculture, Forestry, Fishing, & Hunting",,,,,,
50,Fullerton,4,FTT,11031,German,Finance & Insurance,,,,,,
50,Fullerton,4,FTT,11031,German,Educational Services,,,,,,
50,Fullerton,4,FTT,11031,German,No Wages,,,,5,,
50,Fullerton,4,FTT,11051,Spanish,Wholesale Trade,,,,,,
50,Fullerton,4,FTT,11051,Spanish,Retail Trade,,,,,,
50,Fullerton,4,FTT,11051,Spanish,Educational Services,58,"$78,209","$70,596",20,"$81,033","$76,925"
50,Fullerton,4,FTT,11051,Spanish,Health Care & Social Assistance,,,,,,
50,Fullerton,4,FTT,11051,Spanish,Accommodation & Food Services,,,,,,
50,Fullerton,4,FTT,11051,Spanish,Other Services,,,,,,
50,Fullerton,4,FTT,11051,Spanish,Government,,,,,,
50,Fullerton,4,FTT,11051,Spanish,No Wages,57,,,102,,
50,Fullerton,4,FTT,11051,Spanish,Wages - No NAICS Code,,,,,,
50,Fullerton,4,FTT,11081,Japanese,Wholesale Trade,,,,,,
50,Fullerton,4,FTT,11081,Japanese,"Professional, Scientific, & Technical Skills",,,,,,
50,Fullerton,4,FTT,11081,Japanese,Educational Services,,,,,,
50,Fullerton,4,FTT,11081,Japanese,Other Services,,,,,,
50,Fullerton,4,FTT,11081,Japanese,No Wages,5,,,9,,
50,Fullerton,4,FTT,12011,Health Science,Manufacturing,,,,,,
50,Fullerton,4,FTT,12011,Health Science,Wholesale Trade,,,,,,
50,Fullerton,4,FTT,12011,Health Science,Retail Trade,,,,,,
50,Fullerton,4,FTT,12011,Health Science,Finance & Insurance,,,,,,
50,Fullerton,4,FTT,12011,Health Science,Admin & Support & Waste Mgmt & Remediation,,,,,,
50,Fullerton,4,FTT,12011,Health Science,Educational Services,9,"$73,843","$67,676",,,
50,Fullerton,4,FTT,12011,Health Science,Health Care & Social Assistance,10,"$97,002","$115,781",,,
50,Fullerton,4,FTT,12011,Health Science,Government,,,,,,
50,Fullerton,4,FTT,12011,Health Science,No Wages,93,,,116,,
50,Fullerton,4,FTT,12011,Health Science,Wages - No NAICS Code,,,,,,
50,Fullerton,4,FTT,12201,Communicative Disorders,"Agriculture, Forestry, Fishing, & Hunting",,,,,,
50,Fullerton,4,FTT,12201,Communicative Disorders,Retail Trade,,,,,,
50,Fullerton,4,FTT,12201,Communicative Disorders,Information,,,,,,
50,Fullerton,4,FTT,12201,Communicative Disorders,Finance & Insurance,,,,,,
50,Fullerton,4,FTT,12201,Communicative Disorders,Real Estate & Rental & Leasing,,,,,,
50,Fullerton,4,FTT,12201,Communicative Disorders,Admin & Support & Waste Mgmt & Remediation,,,,,,
50,Fullerton,4,FTT,12201,Communicative Disorders,Educational Services,88,"$75,864","$71,768",34,"$84,598","$79,785"
50,Fullerton,4,FTT,12201,Communicative Disorders,Health Care & Social Assistance,36,"$76,998","$72,798",13,"$69,703","$66,969"
50,Fullerton,4,FTT,12201,Communicative Disorders,Accommodation & Food Services,,,,,,
50,Fullerton,4,FTT,12201,Communicative Disorders,Other Services,,,,,,
50,Fullerton,4,FTT,12201,Communicative Disorders,No Wages,149,,,232,,
50,Fullerton,4,FTT,12201,Communicative Disorders,Wages - No NAICS Code,,,,,,
50,Fullerton,4,FTT,15011,English,"Agriculture, Forestry, Fishing, & Hunting",,,,,,
50,Fullerton,4,FTT,15011,English,Manufacturing,,,,,,
50,Fullerton,4,FTT,15011,English,Wholesale Trade,5,"$121,140","$107,369",,,
50,Fullerton,4,FTT,15011,English,Retail Trade,,,,,,
50,Fullerton,4,FTT,15011,English,Information,,,,,,
50,Fullerton,4,FTT,15011,English,Finance & Insurance,,,,,,
50,Fullerton,4,FTT,15011,English,"Professional, Scientific, & Technical Skills",10,"$89,555","$99,675",,,
50,Fullerton,4,FTT,15011,English,Management of Companies & Enterprises,,,,,,
50,Fullerton,4,FTT,15011,English,Admin & Support & Waste Mgmt & Remediation,7,"$61,052","$154,158",,,
50,Fullerton,4,FTT,15011,English,Educational Services,149,"$76,714","$71,027",54,"$85,972","$77,647"
50,Fullerton,4,FTT,15011,English,Health Care & Social Assistance,10,"$37,056","$40,007",,,
50,Fullerton,4,FTT,15011,English,"Arts, Entertainment, & Recreation",,,,,,
50,Fullerton,4,FTT,15011,English,Accommodation & Food Services,,,,,,
50,Fullerton,4,FTT,15011,English,Government,8,"$69,936","$82,505",,,
50,Fullerton,4,FTT,15011,English,No Wages,305,,,446,,
50,Fullerton,4,FTT,15011,English,Wages - No NAICS Code,12,"$32,778","$30,971",5,"$25,147","$32,416"
50,Fullerton,4,FTT,15031,Comparative Literature,No Wages,,,,,,
50,Fullerton,4,FTT,15031,Comparative Literature,Wages - No NAICS Code,,,,,,
50,Fullerton,4,FTT,15051,Linguistics,"Professional, Scientific, & Technical Skills",,,,,,
50,Fullerton,4,FTT,15051,Linguistics,Educational Services,,,,,,
50,Fullerton,4,FTT,15051,Linguistics,"Arts, Entertainment, & Recreation",,,,,,
50,Fullerton,4,FTT,15051,Linguistics,Other Services,,,,,,
50,Fullerton,4,FTT,15051,Linguistics,Government,,,,,,
50,Fullerton,4,FTT,15051,Linguistics,No Wages,20,,,26,,
50,Fullerton,4,FTT,15051,Linguistics,Wages - No NAICS Code,,,,,,
50,Fullerton,4,FTT,15061,Speech Communication,Manufacturing,,,,,,
50,Fullerton,4,FTT,15061,Speech Communication,Wholesale Trade,,,,,,
50,Fullerton,4,FTT,15061,Speech Communication,Retail Trade,,,,,,
50,Fullerton,4,FTT,15061,Speech Communication,Information,,,,,,
50,Fullerton,4,FTT,15061,Speech Communication,Finance & Insurance,,,,,,
50,Fullerton,4,FTT,15061,Speech Communication,Real Estate & Rental & Leasing,,,,,,
50,Fullerton,4,FTT,15061,Speech Communication,"Professional, Scientific, & Technical Skills",,,,,,
50,Fullerton,4,FTT,15061,Speech Communication,Admin & Support & Waste Mgmt & Remediation,,,,,,
50,Fullerton,4,FTT,15061,Speech Communication,Educational Services,27,"$65,401","$62,689",10,"$77,880","$72,245"
50,Fullerton,4,FTT,15061,Speech Communication,Health Care & Social Assistance,5,"$140,378","$150,517",,,
50,Fullerton,4,FTT,15061,Speech Communication,Accommodation & Food Services,,,,,,
50,Fullerton,4,FTT,15061,Speech Communication,Other Services,,,,,,
50,Fullerton,4,FTT,15061,Speech Communication,Government,,,,,,
50,Fullerton,4,FTT,15061,Speech Communication,No Wages,66,,,97,,
50,Fullerton,4,FTT,15061,Speech Communication,Wages - No NAICS Code,6,"$13,979","$24,949",,,
50,Fullerton,4,FTT,15091,Philosophy,"Agriculture, Forestry, Fishing, & Hunting",,,,,,
50,Fullerton,4,FTT,15091,Philosophy,Construction,,,,,,
50,Fullerton,4,FTT,15091,Philosophy,Information,,,,,,
50,Fullerton,4,FTT,15091,Philosophy,Finance & Insurance,,,,,,
50,Fullerton,4,FTT,15091,Philosophy,"Professional, Scientific, & Technical Skills",5,"$228,150","$174,045",,,
50,Fullerton,4,FTT,15091,Philosophy,Admin & Support & Waste Mgmt & Remediation,,,,,,
50,Fullerton,4,FTT,15091,Philosophy,Educational Services,,,,,,
50,Fullerton,4,FTT,15091,Philosophy,Health Care & Social Assistance,,,,,,
50,Fullerton,4,FTT,15091,Philosophy,Accommodation & Food Services,,,,,,
50,Fullerton,4,FTT,15091,Philosophy,Government,,,,,,
50,Fullerton,4,FTT,15091,Philosophy,No Wages,38,,,55,,
50,Fullerton,4,FTT,15091,Philosophy,Wages - No NAICS Code,,,,,,
50,Fullerton,4,FTT,15101,Religious Studies,"Professional, Scientific, & Technical Skills",,,,,,
50,Fullerton,4,FTT,15101,Religious Studies,Educational Services,,,,,,
50,Fullerton,4,FTT,15101,Religious Studies,Government,,,,,,
50,Fullerton,4,FTT,15101,Religious Studies,No Wages,34,,,38,,
50,Fullerton,4,FTT,15101,Religious Studies,Wages - No NAICS Code,,,,,,
50,Fullerton,4,FTT,17011,Mathematics,Utilities,,,,,,
50,Fullerton,4,FTT,17011,Mathematics,Construction,,,,,,
50,Fullerton,4,FTT,17011,Mathematics,Manufacturing,,,,,,
50,Fullerton,4,FTT,17011,Mathematics,Wholesale Trade,,,,,,
50,Fullerton,4,FTT,17011,Mathematics,Retail Trade,,,,,,
50,Fullerton,4,FTT,17011,Mathematics,Information,,,,,,
50,Fullerton,4,FTT,17011,Mathematics,"Professional, Scientific, & Technical Skills",,,,,,
50,Fullerton,4,FTT,17011,Mathematics,Educational Services,35,"$84,510","$74,321",7,"$93,334","$94,304"
50,Fullerton,4,FTT,17011,Mathematics,Health Care & Social Assistance,,,,,,
50,Fullerton,4,FTT,17011,Mathematics,Accommodation & Food Services,,,,,,
50,Fullerton,4,FTT,17011,Mathematics,Government,,,,,,
50,Fullerton,4,FTT,17011,Mathematics,No Wages,93,,,130,,
50,Fullerton,4,FTT,17011,Mathematics,Wages - No NAICS Code,,,,,,
50,Fullerton,4,FTT,17021,Statistics,"Professional, Scientific, & Technical Skills",,,,,,
50,Fullerton,4,FTT,17021,Statistics,No Wages,,,,,,
50,Fullerton,4,FTT,17031,Applied Mathematics,Wholesale Trade,,,,,,
50,Fullerton,4,FTT,17031,Applied Mathematics,No Wages,,,,,,
50,Fullerton,4,FTT,19021,Physics,Manufacturing,,,,,,
50,Fullerton,4,FTT,19021,Physics,Wholesale Trade,,,,,,
50,Fullerton,4,FTT,19021,Physics,"Professional, Scientific, & Technical Skills",,,,,,
50,Fullerton,4,FTT,19021,Physics,Educational Services,,,,,,
50,Fullerton,4,FTT,19021,Physics,No Wages,19,,,22,,
50,Fullerton,4,FTT,19051,Chemistry,Manufacturing,,,,,,
50,Fullerton,4,FTT,19051,Chemistry,Retail Trade,,,,,,
50,Fullerton,4,FTT,19051,Chemistry,"Professional, Scientific, & Technical Skills",,,,,,
50,Fullerton,4,FTT,19051,Chemistry,Admin & Support & Waste Mgmt & Remediation,,,,,,
50,Fullerton,4,FTT,19051,Chemistry,Educational Services,7,"$62,766","$62,314",,,
50,Fullerton,4,FTT,19051,Chemistry,Health Care & Social Assistance,,,,,,
50,Fullerton,4,FTT,19051,Chemistry,No Wages,24,,,32,,
50,Fullerton,4,FTT,19051,Chemistry,Wages - No NAICS Code,,,,,,
50,Fullerton,4,FTT,19141,Geology,Manufacturing,,,,,,
50,Fullerton,4,FTT,19141,Geology,"Professional, Scientific, & Technical Skills",,,,,,
50,Fullerton,4,FTT,19141,Geology,Educational Services,,,,,,
50,Fullerton,4,FTT,19141,Geology,Health Care & Social Assistance,,,,,,
50,Fullerton,4,FTT,19141,Geology,"Arts, Entertainment, & Recreation",,,,,,
50,Fullerton,4,FTT,19141,Geology,No Wages,19,,,28,,
50,Fullerton,4,FTT,19141,Geology,Wages - No NAICS Code,,,,,,
50,Fullerton,4,FTT,20011 + 20013,Psychology,"Agriculture, Forestry, Fishing, & Hunting",,,,,,
50,Fullerton,4,FTT,20011 + 20013,Psychology,Utilities,,,,,,
50,Fullerton,4,FTT,20011 + 20013,Psychology,Construction,,,,,,
50,Fullerton,4,FTT,20011 + 20013,Psychology,Manufacturing,,,,,,
50,Fullerton,4,FTT,20011 + 20013,Psychology,Wholesale Trade,,,,,,
50,Fullerton,4,FTT,20011 + 20013,Psychology,Retail Trade,,,,,,
50,Fullerton,4,FTT,20011 + 20013,Psychology,Information,,,,,,
50,Fullerton,4,FTT,20011 + 20013,Psychology,Finance & Insurance,7,"$118,878","$95,095",,,
50,Fullerton,4,FTT,20011 + 20013,Psychology,Real Estate & Rental & Leasing,,,,,,
50,Fullerton,4,FTT,20011 + 20013,Psychology,"Professional, Scientific, & Technical Skills",17,"$75,653","$72,018",12,"$73,899","$75,985"
50,Fullerton,4,FTT,20011 + 20013,Psychology,Admin & Support & Waste Mgmt & Remediation,16,"$33,066","$39,906",6,"$65,781","$70,909"
50,Fullerton,4,FTT,20011 + 20013,Psychology,Educational Services,187,"$71,779","$67,819",87,"$88,080","$85,147"
50,Fullerton,4,FTT,20011 + 20013,Psychology,Health Care & Social Assistance,139,"$54,060","$55,180",42,"$57,892","$56,699"
50,Fullerton,4,FTT,20011 + 20013,Psychology,"Arts, Entertainment, & Recreation",,,,,,
50,Fullerton,4,FTT,20011 + 20013,Psychology,Accommodation & Food Services,,,,,,
50,Fullerton,4,FTT,20011 + 20013,Psychology,Other Services,13,"$60,424","$62,301",,,
50,Fullerton,4,FTT,20011 + 20013,Psychology,Non-Classified,,,,,,
50,Fullerton,4,FTT,20011 + 20013,Psychology,Government,45,"$72,770","$70,317",21,"$82,861","$86,144"
50,Fullerton,4,FTT,20011 + 20013,Psychology,No Wages,678,,,971,,
50,Fullerton,4,FTT,20011 + 20013,Psychology,Wages - No NAICS Code,30,"$26,044","$33,601",9,"$54,116","$54,987"
50,Fullerton,4,FTT,21021,Public Administration,Manufacturing,,,,,,
50,Fullerton,4,FTT,21021,Public Administration,Finance & Insurance,,,,,,
50,Fullerton,4,FTT,21021,Public Administration,"Professional, Scientific, & Technical Skills",,,,,,
50,Fullerton,4,FTT,21021,Public Administration,Admin & Support & Waste Mgmt & Remediation,,,,,,
50,Fullerton,4,FTT,21021,Public Administration,Health Care & Social Assistance,,,,,,
50,Fullerton,4,FTT,21021,Public Administration,Other Services,,,,,,
50,Fullerton,4,FTT,21021,Public Administration,Government,6,"$83,729","$81,858",,,
50,Fullerton,4,FTT,21021,Public Administration,No Wages,36,,,47,,
50,Fullerton,4,FTT,21042,Human Services,Manufacturing,,,,,,
50,Fullerton,4,FTT,21042,Human Services,Wholesale Trade,,,,,,
50,Fullerton,4,FTT,21042,Human Services,Retail Trade,,,,,,
50,Fullerton,4,FTT,21042,Human Services,Information,,,,,,
50,Fullerton,4,FTT,21042,Human Services,Finance & Insurance,8,"$72,256","$72,334",,,
50,Fullerton,4,FTT,21042,Human Services,Real Estate & Rental & Leasing,,,,,,
50,Fullerton,4,FTT,21042,Human Services,"Professional, Scientific, & Technical Skills",6,"$52,079","$46,313",,,
50,Fullerton,4,FTT,21042,Human Services,Management of Companies & Enterprises,,,,,,
50,Fullerton,4,FTT,21042,Human Services,Admin & Support & Waste Mgmt & Remediation,,,,,,
50,Fullerton,4,FTT,21042,Human Services,Educational Services,132,"$70,232","$66,157",52,"$83,045","$77,761"
50,Fullerton,4,FTT,21042,Human Services,Health Care & Social Assistance,114,"$51,603","$51,593",37,"$62,235","$60,065"
50,Fullerton,4,FTT,21042,Human Services,"Arts, Entertainment, & Recreation",,,,,,
50,Fullerton,4,FTT,21042,Human Services,Other Services,9,"$56,669","$51,423",,,
50,Fullerton,4,FTT,21042,Human Services,Government,70,"$78,116","$73,501",27,"$84,728","$86,903"
50,Fullerton,4,FTT,21042,Human Services,No Wages,412,,,644,,
50,Fullerton,4,FTT,21042,Human Services,Wages - No NAICS Code,13,"$55,829","$49,289",8,"$26,188","$37,620"
50,Fullerton,4,FTT,21051,Criminal Justice,Manufacturing,,,,,,
50,Fullerton,4,FTT,21051,Criminal Justice,Wholesale Trade,,,,,,
50,Fullerton,4,FTT,21051,Criminal Justice,Retail Trade,,,,,,
50,Fullerton,4,FTT,21051,Criminal Justice,Transportation & Warehousing,,,,,,
50,Fullerton,4,FTT,21051,Criminal Justice,Information,,,,,,
50,Fullerton,4,FTT,21051,Criminal Justice,Finance & Insurance,,,,,,
50,Fullerton,4,FTT,21051,Criminal Justice,Real Estate & Rental & Leasing,,,,,,
50,Fullerton,4,FTT,21051,Criminal Justice,"Professional, Scientific, & Technical Skills",15,"$87,500","$87,651",,,
50,Fullerton,4,FTT,21051,Criminal Justice,Admin & Support & Waste Mgmt & Remediation,5,"$43,564","$42,638",,,
50,Fullerton,4,FTT,21051,Criminal Justice,Educational Services,16,"$72,150","$70,567",6,"$83,160","$67,492"
50,Fullerton,4,FTT,21051,Criminal Justice,Health Care & Social Assistance,,,,,,
50,Fullerton,4,FTT,21051,Criminal Justice,Accommodation & Food Services,,,,,,
50,Fullerton,4,FTT,21051,Criminal Justice,Other Services,,,,,,
50,Fullerton,4,FTT,21051,Criminal Justice,Government,48,"$102,146","$106,679",20,"$118,330","$118,466"
50,Fullerton,4,FTT,21051,Criminal Justice,No Wages,163,,,238,,
50,Fullerton,4,FTT,21051,Criminal Justice,Wages - No NAICS Code,8,"$40,772","$49,443",6,"$41,813","$46,864"
50,Fullerton,4,FTT,22021,Anthropology,Construction,,,,,,
50,Fullerton,4,FTT,22021,Anthropology,Manufacturing,,,,,,
50,Fullerton,4,FTT,22021,Anthropology,Retail Trade,,,,,,
50,Fullerton,4,FTT,22021,Anthropology,Finance & Insurance,,,,,,
50,Fullerton,4,FTT,22021,Anthropology,"Professional, Scientific, & Technical Skills",5,"$50,838","$40,581",,,
50,Fullerton,4,FTT,22021,Anthropology,Admin & Support & Waste Mgmt & Remediation,,,,,,
50,Fullerton,4,FTT,22021,Anthropology,Educational Services,21,"$67,095","$70,545",9,"$71,261","$83,801"
50,Fullerton,4,FTT,22021,Anthropology,Health Care & Social Assistance,,,,,,
50,Fullerton,4,FTT,22021,Anthropology,"Arts, Entertainment, & Recreation",,,,,,
50,Fullerton,4,FTT,22021,Anthropology,Accommodation & Food Services,,,,,,
50,Fullerton,4,FTT,22021,Anthropology,Other Services,,,,,,
50,Fullerton,4,FTT,22021,Anthropology,Government,6,"$67,145","$66,435",,,
50,Fullerton,4,FTT,22021,Anthropology,No Wages,84,,,117,,
50,Fullerton,4,FTT,22021,Anthropology,Wages - No NAICS Code,6,"$42,968","$38,991",,,
50,Fullerton,4,FTT,22041,Economics,Construction,,,,,,
50,Fullerton,4,FTT,22041,Economics,Retail Trade,,,,,,
50,Fullerton,4,FTT,22041,Economics,Transportation & Warehousing,,,,,,
50,Fullerton,4,FTT,22041,Economics,Finance & Insurance,,,,,,
50,Fullerton,4,FTT,22041,Economics,"Professional, Scientific, & Technical Skills",,,,,,
50,Fullerton,4,FTT,22041,Economics,Admin & Support & Waste Mgmt & Remediation,,,,,,
50,Fullerton,4,FTT,22041,Economics,Educational Services,,,,,,
50,Fullerton,4,FTT,22041,Economics,Government,,,,,,
50,Fullerton,4,FTT,22041,Economics,No Wages,44,,,56,,
50,Fullerton,4,FTT,22051,History,Utilities,,,,,,
50,Fullerton,4,FTT,22051,History,Manufacturing,,,,,,
50,Fullerton,4,FTT,22051,History,Wholesale Trade,,,,,,
50,Fullerton,4,FTT,22051,History,Retail Trade,,,,,,
50,Fullerton,4,FTT,22051,History,Transportation & Warehousing,,,,,,
50,Fullerton,4,FTT,22051,History,Information,,,,,,
50,Fullerton,4,FTT,22051,History,Finance & Insurance,,,,,,
50,Fullerton,4,FTT,22051,History,Real Estate & Rental & Leasing,,,,,,
50,Fullerton,4,FTT,22051,History,"Professional, Scientific, & Technical Skills",5,"$76,791","$77,529",,,
50,Fullerton,4,FTT,22051,History,Admin & Support & Waste Mgmt & Remediation,,,,,,
50,Fullerton,4,FTT,22051,History,Educational Services,106,"$77,987","$77,103",28,"$91,978","$85,216"
50,Fullerton,4,FTT,22051,History,Health Care & Social Assistance,,,,,,
50,Fullerton,4,FTT,22051,History,"Arts, Entertainment, & Recreation",,,,,,
50,Fullerton,4,FTT,22051,History,Accommodation & Food Services,,,,,,
50,Fullerton,4,FTT,22051,History,Other Services,,,,,,
50,Fullerton,4,FTT,22051,History,Government,9,"$66,862","$78,289",,,
50,Fullerton,4,FTT,22051,History,No Wages,207,,,315,,
50,Fullerton,4,FTT,22051,History,Wages - No NAICS Code,7,"$41,185","$50,346",,,
50,Fullerton,4,FTT,22061 + 22063,Geography,Construction,,,,,,
50,Fullerton,4,FTT,22061 + 22063,Geography,Manufacturing,,,,,,
50,Fullerton,4,FTT,22061 + 22063,Geography,Retail Trade,,,,,,
50,Fullerton,4,FTT,22061 + 22063,Geography,Information,,,,,,
50,Fullerton,4,FTT,22061 + 22063,Geography,"Professional, Scientific, & Technical Skills",,,,,,
50,Fullerton,4,FTT,22061 + 22063,Geography,Educational Services,14,"$71,848","$67,107",7,"$83,596","$63,600"
50,Fullerton,4,FTT,22061 + 22063,Geography,Health Care & Social Assistance,,,,,,
50,Fullerton,4,FTT,22061 + 22063,Geography,Government,6,"$79,616","$87,995",5,"$120,888","$110,112"
50,Fullerton,4,FTT,22061 + 22063,Geography,No Wages,45,,,65,,
50,Fullerton,4,FTT,22061 + 22063,Geography,Wages - No NAICS Code,,,,,,
50,Fullerton,4,FTT,22071,Political Science,Utilities,,,,,,
50,Fullerton,4,FTT,22071,Political Science,Manufacturing,,,,,,
50,Fullerton,4,FTT,22071,Political Science,Wholesale Trade,,,,,,
50,Fullerton,4,FTT,22071,Political Science,Retail Trade,,,,,,
50,Fullerton,4,FTT,22071,Political Science,Transportation & Warehousing,,,,,,
50,Fullerton,4,FTT,22071,Political Science,Information,,,,,,
50,Fullerton,4,FTT,22071,Political Science,Finance & Insurance,6,"$54,814","$71,552",,,
50,Fullerton,4,FTT,22071,Political Science,Real Estate & Rental & Leasing,,,,,,
50,Fullerton,4,FTT,22071,Political Science,"Professional, Scientific, & Technical Skills",14,"$78,933","$88,837",7,"$75,948","$77,905"
50,Fullerton,4,FTT,22071,Political Science,Educational Services,25,"$74,697","$71,628",7,"$79,455","$65,832"
50,Fullerton,4,FTT,22071,Political Science,Health Care & Social Assistance,,,,,,
50,Fullerton,4,FTT,22071,Political Science,"Arts, Entertainment, & Recreation",,,,,,
50,Fullerton,4,FTT,22071,Political Science,Accommodation & Food Services,,,,,,
50,Fullerton,4,FTT,22071,Political Science,Other Services,,,,,,
50,Fullerton,4,FTT,22071,Political Science,Government,24,"$81,755","$85,703",7,"$91,768","$121,364"
50,Fullerton,4,FTT,22071,Political Science,No Wages,134,,,198,,
50,Fullerton,4,FTT,22071,Political Science,Wages - No NAICS Code,5,"$23,826","$52,790",,,
50,Fullerton,4,FTT,22081,Sociology,Construction,,,,,,
50,Fullerton,4,FTT,22081,Sociology,Manufacturing,,,,,,
50,Fullerton,4,FTT,22081,Sociology,Wholesale Trade,,,,,,
50,Fullerton,4,FTT,22081,Sociology,Retail Trade,,,,,,
50,Fullerton,4,FTT,22081,Sociology,Transportation & Warehousing,,,,,,
50,Fullerton,4,FTT,22081,Sociology,Finance & Insurance,,,,,,
50,Fullerton,4,FTT,22081,Sociology,Real Estate & Rental & Leasing,,,,,,
50,Fullerton,4,FTT,22081,Sociology,"Professional, Scientific, & Technical Skills",,,,,,
50,Fullerton,4,FTT,22081,Sociology,Admin & Support & Waste Mgmt & Remediation,5,"$53,203","$66,543",,,
50,Fullerton,4,FTT,22081,Sociology,Educational Services,88,"$75,430","$68,660",41,"$84,672","$82,168"
50,Fullerton,4,FTT,22081,Sociology,Health Care & Social Assistance,37,"$51,010","$53,049",10,"$77,816","$80,296"
50,Fullerton,4,FTT,22081,Sociology,"Arts, Entertainment, & Recreation",,,,,,
50,Fullerton,4,FTT,22081,Sociology,Accommodation & Food Services,,,,,,
50,Fullerton,4,FTT,22081,Sociology,Other Services,6,"$52,275","$61,543",,,
50,Fullerton,4,FTT,22081,Sociology,Government,32,"$75,970","$76,568",11,"$75,224","$72,408"
50,Fullerton,4,FTT,22081,Sociology,No Wages,289,,,417,,
50,Fullerton,4,FTT,22081,Sociology,Wages - No NAICS Code,12,"$6,858","$18,938",,,
50,Fullerton,4,FTT,22990 + 49991,Women's Studies,Manufacturing,,,,,,
50,Fullerton,4,FTT,22990 + 49991,Women's Studies,Health Care & Social Assistance,,,,,,
50,Fullerton,4,FTT,22990 + 49991,Women's Studies,Government,,,,,,
50,Fullerton,4,FTT,22990 + 49991,Women's Studies,No Wages,7,,,10,,
50,Fullerton,4,FTT,22991,Ethnic Studies,Manufacturing,,,,,,
50,Fullerton,4,FTT,22991,Ethnic Studies,Educational Services,9,"$79,844","$65,156",5,"$72,110","$68,042"
50,Fullerton,4,FTT,22991,Ethnic Studies,"Arts, Entertainment, & Recreation",,,,,,
50,Fullerton,4,FTT,22991,Ethnic Studies,Government,,,,,,
50,Fullerton,4,FTT,22991,Ethnic Studies,No Wages,20,,,28,,
50,Fullerton,4,FTT,49012 + 49017,Women's Studies,"Agriculture, Forestry, Fishing, & Hunting",,,,,,
50,Fullerton,4,FTT,49012 + 49017,Women's Studies,Manufacturing,5,"$80,733","$65,574",,,
50,Fullerton,4,FTT,49012 + 49017,Women's Studies,Wholesale Trade,5,"$62,711","$71,213",,,
50,Fullerton,4,FTT,49012 + 49017,Women's Studies,Retail Trade,,,,,,
50,Fullerton,4,FTT,49012 + 49017,Women's Studies,Finance & Insurance,8,"$78,021","$85,734",,,
50,Fullerton,4,FTT,49012 + 49017,Women's Studies,"Professional, Scientific, & Technical Skills",6,"$48,388","$70,489",,,
50,Fullerton,4,FTT,49012 + 49017,Women's Studies,Admin & Support & Waste Mgmt & Remediation,,,,,,
50,Fullerton,4,FTT,49012 + 49017,Women's Studies,Educational Services,463,"$76,707","$73,272",178,"$84,232","$78,556"
50,Fullerton,4,FTT,49012 + 49017,Women's Studies,Health Care & Social Assistance,18,"$56,853","$59,939",,,
50,Fullerton,4,FTT,49012 + 49017,Women's Studies,"Arts, Entertainment, & Recreation",,,,,,
50,Fullerton,4,FTT,49012 + 49017,Women's Studies,Accommodation & Food Services,7,"$36,342","$45,083",,,
50,Fullerton,4,FTT,49012 + 49017,Women's Studies,Other Services,6,"$40,839","$33,776",,,
50,Fullerton,4,FTT,49012 + 49017,Women's Studies,Government,9,"$74,333","$61,426",,,
50,Fullerton,4,FTT,49012 + 49017,Women's Studies,No Wages,500,,,846,,
50,Fullerton,4,FTT,49012 + 49017,Women's Studies,Wages - No NAICS Code,11,"$7,546","$10,048",,,
50,Fullerton,5,Postbacc,03131,American Studies,Manufacturing,,,,,,
50,Fullerton,5,Postbacc,03131,American Studies,Wholesale Trade,,,,,,
50,Fullerton,5,Postbacc,03131,American Studies,Retail Trade,,,,,,
50,Fullerton,5,Postbacc,03131,American Studies,Transportation & Warehousing,,,,,,
50,Fullerton,5,Postbacc,03131,American Studies,Information,,,,,,
50,Fullerton,5,Postbacc,03131,American Studies,Finance & Insurance,,,,,,
50,Fullerton,5,Postbacc,03131,American Studies,"Professional, Scientific, & Technical Skills",,,,,,
50,Fullerton,5,Postbacc,03131,American Studies,Admin & Support & Waste Mgmt & Remediation,,,,,,
50,Fullerton,5,Postbacc,03131,American Studies,Educational Services,31,"$66,442","$61,582",18,"$79,668","$74,642"
50,Fullerton,5,Postbacc,03131,American Studies,"Arts, Entertainment, & Recreation",,,,,,
50,Fullerton,5,Postbacc,03131,American Studies,Accommodation & Food Services,,,,,,
50,Fullerton,5,Postbacc,03131,American Studies,Government,,,,,,
50,Fullerton,5,Postbacc,03131,American Studies,No Wages,96,,,137,,
50,Fullerton,5,Postbacc,03131,American Studies,Wages - No NAICS Code,14,"$36,639","$35,045",,,
50,Fullerton,5,Postbacc,04011,Biology,Construction,,,,,,
50,Fullerton,5,Postbacc,04011,Biology,Manufacturing,8,"$81,913","$69,805",,,
50,Fullerton,5,Postbacc,04011,Biology,Wholesale Trade,,,,,,
50,Fullerton,5,Postbacc,04011,Biology,"Professional, Scientific, & Technical Skills",14,"$70,901","$70,182",5,"$90,074","$85,929"
50,Fullerton,5,Postbacc,04011,Biology,Admin & Support & Waste Mgmt & Remediation,,,,,,
50,Fullerton,5,Postbacc,04011,Biology,Educational Services,27,"$72,351","$68,048",11,"$80,988","$89,988"
50,Fullerton,5,Postbacc,04011,Biology,Health Care & Social Assistance,5,"$62,548","$112,311",,,
50,Fullerton,5,Postbacc,04011,Biology,"Arts, Entertainment, & Recreation",,,,,,
50,Fullerton,5,Postbacc,04011,Biology,Other Services,,,,,,
50,Fullerton,5,Postbacc,04011,Biology,Government,,,,,,
50,Fullerton,5,Postbacc,04011,Biology,No Wages,112,,,152,,
50,Fullerton,5,Postbacc,04011,Biology,Wages - No NAICS Code,13,"$55,942","$54,339",7,"$58,305","$54,563"
50,Fullerton,5,Postbacc,04991,Biotechnology,"Professional, Scientific, & Technical Skills",,,,,,
50,Fullerton,5,Postbacc,04991,Biotechnology,Admin & Support & Waste Mgmt & Remediation,,,,,,
50,Fullerton,5,Postbacc,04991,Biotechnology,No Wages,13,,,15,,
50,Fullerton,5,Postbacc,05011,Business Administration,"Agriculture, Forestry, Fishing, & Hunting",,,,,,
50,Fullerton,5,Postbacc,05011,Business Administration,Utilities,9,"$119,146","$119,568",6,"$98,823","$92,124"
50,Fullerton,5,Postbacc,05011,Business Administration,Construction,15,"$93,850","$99,453",7,"$110,804","$119,626"
50,Fullerton,5,Postbacc,05011,Business Administration,Manufacturing,85,"$103,757","$108,984",35,"$114,860","$124,755"
50,Fullerton,5,Postbacc,05011,Business Administration,Wholesale Trade,81,"$85,868","$102,260",39,"$118,740","$157,784"
50,Fullerton,5,Postbacc,05011,Business Administration,Retail Trade,22,"$75,338","$70,696",10,"$103,284","$98,452"
50,Fullerton,5,Postbacc,05011,Business Administration,Transportation & Warehousing,14,"$86,388","$83,396",8,"$126,112","$138,545"
50,Fullerton,5,Postbacc,05011,Business Administration,Information,27,"$65,455","$69,008",8,"$111,784","$116,338"
50,Fullerton,5,Postbacc,05011,Business Administration,Finance & Insurance,109,"$92,254","$111,943",41,"$121,909","$124,734"
50,Fullerton,5,Postbacc,05011,Business Administration,Real Estate & Rental & Leasing,27,"$100,540","$113,823",9,"$111,264","$105,397"
50,Fullerton,5,Postbacc,05011,Business Administration,"Professional, Scientific, & Technical Skills",77,"$83,959","$94,433",44,"$117,730","$124,705"
50,Fullerton,5,Postbacc,05011,Business Administration,Management of Companies & Enterprises,,,,,,
50,Fullerton,5,Postbacc,05011,Business Administration,Admin & Support & Waste Mgmt & Remediation,26,"$80,285","$87,038",13,"$123,158","$126,928"
50,Fullerton,5,Postbacc,05011,Business Administration,Educational Services,23,"$68,990","$73,003",12,"$91,428","$88,081"
50,Fullerton,5,Postbacc,05011,Business Administration,Health Care & Social Assistance,21,"$78,129","$96,432",13,"$85,145","$95,470"
50,Fullerton,5,Postbacc,05011,Business Administration,"Arts, Entertainment, & Recreation",10,"$71,613","$69,631",,,
50,Fullerton,5,Postbacc,05011,Business Administration,Accommodation & Food Services,18,"$62,941","$73,227",5,"$115,540","$107,640"
50,Fullerton,5,Postbacc,05011,Business Administration,Other Services,6,"$43,714","$49,554",,,
50,Fullerton,5,Postbacc,05011,Business Administration,Non-Classified,,,,,,
50,Fullerton,5,Postbacc,05011,Business Administration,Government,25,"$84,061","$91,664",12,"$101,011","$98,430"
50,Fullerton,5,Postbacc,05011,Business Administration,No Wages,546,,,891,,
50,Fullerton,5,Postbacc,05011,Business Administration,Wages - No NAICS Code,26,"$28,170","$49,309",11,"$64,404","$58,235"
50,Fullerton,5,Postbacc,05021,Accounting,"Agriculture, Forestry, Fishing, & Hunting",,,,,,
50,Fullerton,5,Postbacc,05021,Accounting,Construction,,,,,,
50,Fullerton,5,Postbacc,05021,Accounting,Manufacturing,5,"$86,334","$100,902",,,
50,Fullerton,5,Postbacc,05021,Accounting,Wholesale Trade,8,"$50,529","$63,782",,,
50,Fullerton,5,Postbacc,05021,Accounting,Retail Trade,,,,,,
50,Fullerton,5,Postbacc,05021,Accounting,Transportation & Warehousing,,,,,,
50,Fullerton,5,Postbacc,05021,Accounting,Information,,,,,,
50,Fullerton,5,Postbacc,05021,Accounting,Finance & Insurance,10,"$84,377","$97,753",,,
50,Fullerton,5,Postbacc,05021,Accounting,Real Estate & Rental & Leasing,,,,,,
50,Fullerton,5,Postbacc,05021,Accounting,"Professional, Scientific, & Technical Skills",34,"$81,865","$80,049",5,"$119,353","$124,306"
50,Fullerton,5,Postbacc,05021,Accounting,Management of Companies & Enterprises,,,,,,
50,Fullerton,5,Postbacc,05021,Accounting,Educational Services,,,,,,
50,Fullerton,5,Postbacc,05021,Accounting,Health Care & Social Assistance,5,"$72,819","$65,402",,,
50,Fullerton,5,Postbacc,05021,Accounting,Other Services,,,,,,
50,Fullerton,5,Postbacc,05021,Accounting,Government,,,,,,
50,Fullerton,5,Postbacc,05021,Accounting,No Wages,170,,,242,,
50,Fullerton,5,Postbacc,05021,Accounting,Wages - No NAICS Code,6,"$106,275","$94,634",,,
50,Fullerton,5,Postbacc,05022,Taxation,"Agriculture, Forestry, Fishing, & Hunting",,,,,,
50,Fullerton,5,Postbacc,05022,Taxation,Construction,,,,,,
50,Fullerton,5,Postbacc,05022,Taxation,Manufacturing,,,,,,
50,Fullerton,5,Postbacc,05022,Taxation,Wholesale Trade,,,,,,
50,Fullerton,5,Postbacc,05022,Taxation,Retail Trade,,,,,,
50,Fullerton,5,Postbacc,05022,Taxation,Transportation & Warehousing,,,,,,
50,Fullerton,5,Postbacc,05022,Taxation,Information,,,,,,
50,Fullerton,5,Postbacc,05022,Taxation,Finance & Insurance,5,"$68,560","$71,042",,,
50,Fullerton,5,Postbacc,05022,Taxation,Real Estate & Rental & Leasing,,,,,,
50,Fullerton,5,Postbacc,05022,Taxation,"Professional, Scientific, & Technical Skills",38,"$99,619","$105,577",14,"$103,436","$96,806"
50,Fullerton,5,Postbacc,05022,Taxation,Admin & Support & Waste Mgmt & Remediation,,,,6,"$98,983","$83,874"
50,Fullerton,5,Postbacc,05022,Taxation,Educational Services,,,,,,
50,Fullerton,5,Postbacc,05022,Taxation,Health Care & Social Assistance,,,,,,
50,Fullerton,5,Postbacc,05022,Taxation,"Arts, Entertainment, & Recreation",,,,,,
50,Fullerton,5,Postbacc,05022,Taxation,Accommodation & Food Services,,,,,,
50,Fullerton,5,Postbacc,05022,Taxation,Government,,,,,,
50,Fullerton,5,Postbacc,05022,Taxation,No Wages,69,,,111,,
50,Fullerton,5,Postbacc,05022,Taxation,Wages - No NAICS Code,,,,,,
50,Fullerton,5,Postbacc,05065,Management Information Technology,Utilities,,,,,,
50,Fullerton,5,Postbacc,05065,Management Information Technology,Construction,,,,,,
50,Fullerton,5,Postbacc,05065,Management Information Technology,Manufacturing,,,,,,
50,Fullerton,5,Postbacc,05065,Management Information Technology,Wholesale Trade,6,"$124,922","$132,677",,,
50,Fullerton,5,Postbacc,05065,Management Information Technology,Information,8,"$110,556","$120,869",,,
50,Fullerton,5,Postbacc,05065,Management Information Technology,Finance & Insurance,,,,,,
50,Fullerton,5,Postbacc,05065,Management Information Technology,Real Estate & Rental & Leasing,,,,,,
50,Fullerton,5,Postbacc,05065,Management Information Technology,"Professional, Scientific, & Technical Skills",10,"$76,063","$73,459",,,
50,Fullerton,5,Postbacc,05065,Management Information Technology,Management of Companies & Enterprises,,,,,,
50,Fullerton,5,Postbacc,05065,Management Information Technology,Admin & Support & Waste Mgmt & Remediation,,,,,,
50,Fullerton,5,Postbacc,05065,Management Information Technology,Educational Services,20,"$90,015","$87,377",,,
50,Fullerton,5,Postbacc,05065,Management Information Technology,Health Care & Social Assistance,,,,,,
50,Fullerton,5,Postbacc,05065,Management Information Technology,Other Services,,,,,,
50,Fullerton,5,Postbacc,05065,Management Information Technology,Government,,,,,,
50,Fullerton,5,Postbacc,05065,Management Information Technology,No Wages,85,,,161,,
50,Fullerton,5,Postbacc,05065,Management Information Technology,Wages - No NAICS Code,9,"$82,104","$82,885",,,
50,Fullerton,5,Postbacc,05072,Management Systems Analysis / Operations Research,"Agriculture, Forestry, Fishing, & Hunting",,,,,,
50,Fullerton,5,Postbacc,05072,Management Systems Analysis / Operations Research,Utilities,,,,,,
50,Fullerton,5,Postbacc,05072,Management Systems Analysis / Operations Research,Construction,,,,,,
50,Fullerton,5,Postbacc,05072,Management Systems Analysis / Operations Research,Manufacturing,5,"$97,033","$108,196",6,"$124,228","$124,709"
50,Fullerton,5,Postbacc,05072,Management Systems Analysis / Operations Research,Wholesale Trade,,,,,,
50,Fullerton,5,Postbacc,05072,Management Systems Analysis / Operations Research,Retail Trade,,,,,,
50,Fullerton,5,Postbacc,05072,Management Systems Analysis / Operations Research,Information,,,,,,
50,Fullerton,5,Postbacc,05072,Management Systems Analysis / Operations Research,Finance & Insurance,10,"$107,739","$106,114",6,"$121,298","$126,985"
50,Fullerton,5,Postbacc,05072,Management Systems Analysis / Operations Research,"Professional, Scientific, & Technical Skills",,,,,,
50,Fullerton,5,Postbacc,05072,Management Systems Analysis / Operations Research,Management of Companies & Enterprises,,,,,,
50,Fullerton,5,Postbacc,05072,Management Systems Analysis / Operations Research,Admin & Support & Waste Mgmt & Remediation,5,"$81,061","$83,748",,,
50,Fullerton,5,Postbacc,05072,Management Systems Analysis / Operations Research,Educational Services,,,,5,"$107,496","$88,734"
50,Fullerton,5,Postbacc,05072,Management Systems Analysis / Operations Research,Health Care & Social Assistance,,,,,,
50,Fullerton,5,Postbacc,05072,Management Systems Analysis / Operations Research,Government,,,,,,
50,Fullerton,5,Postbacc,05072,Management Systems Analysis / Operations Research,No Wages,20,,,29,,
50,Fullerton,5,Postbacc,05072,Management Systems Analysis / Operations Research,Wages - No NAICS Code,7,"$90,400","$67,390",,,
50,Fullerton,5,Postbacc,06011,Communications,Utilities,,,,,,
50,Fullerton,5,Postbacc,06011,Communications,Construction,,,,,,
50,Fullerton,5,Postbacc,06011,Communications,Manufacturing,8,"$83,867","$96,883",,,
50,Fullerton,5,Postbacc,06011,Communications,Wholesale Trade,6,"$55,272","$53,838",,,
50,Fullerton,5,Postbacc,06011,Communications,Retail Trade,6,"$28,952","$34,040",,,
50,Fullerton,5,Postbacc,06011,Communications,Information,20,"$62,594","$67,753",8,"$59,098","$75,999"
50,Fullerton,5,Postbacc,06011,Communications,Finance & Insurance,,,,,,
50,Fullerton,5,Postbacc,06011,Communications,Real Estate & Rental & Leasing,,,,,,
50,Fullerton,5,Postbacc,06011,Communications,"Professional, Scientific, & Technical Skills",19,"$80,321","$93,500",13,"$73,595","$81,414"
50,Fullerton,5,Postbacc,06011,Communications,Admin & Support & Waste Mgmt & Remediation,11,"$72,911","$81,141",,,
50,Fullerton,5,Postbacc,06011,Communications,Educational Services,34,"$62,542","$66,173",19,"$81,260","$80,472"
50,Fullerton,5,Postbacc,06011,Communications,Health Care & Social Assistance,6,"$62,904","$63,149",5,"$80,950","$69,937"
50,Fullerton,5,Postbacc,06011,Communications,"Arts, Entertainment, & Recreation",,,,,,
50,Fullerton,5,Postbacc,06011,Communications,Accommodation & Food Services,,,,,,
50,Fullerton,5,Postbacc,06011,Communications,Other Services,7,"$80,062","$79,735",,,
50,Fullerton,5,Postbacc,06011,Communications,Non-Classified,,,,,,
50,Fullerton,5,Postbacc,06011,Communications,Government,5,"$80,115","$86,425",,,
50,Fullerton,5,Postbacc,06011,Communications,No Wages,152,,,229,,
50,Fullerton,5,Postbacc,06011,Communications,Wages - No NAICS Code,12,"$21,184","$45,382",,,
50,Fullerton,5,Postbacc,06034,Screenwriting,No Wages,29,,,29,,
50,Fullerton,5,Postbacc,07011,Computer Science and Information Technology,Utilities,,,,,,
50,Fullerton,5,Postbacc,07011,Computer Science and Information Technology,Manufacturing,65,"$100,732","$107,292",22,"$136,174","$124,841"
50,Fullerton,5,Postbacc,07011,Computer Science and Information Technology,Wholesale Trade,20,"$95,376","$90,182",12,"$74,757","$87,894"
50,Fullerton,5,Postbacc,07011,Computer Science and Information Technology,Retail Trade,,,,,,
50,Fullerton,5,Postbacc,07011,Computer Science and Information Technology,Transportation & Warehousing,,,,,,
50,Fullerton,5,Postbacc,07011,Computer Science and Information Technology,Information,17,"$97,600","$100,173",8,"$108,268","$115,714"
50,Fullerton,5,Postbacc,07011,Computer Science and Information Technology,Finance & Insurance,22,"$104,868","$102,306",13,"$118,363","$121,805"
50,Fullerton,5,Postbacc,07011,Computer Science and Information Technology,Real Estate & Rental & Leasing,,,,,,
50,Fullerton,5,Postbacc,07011,Computer Science and Information Technology,"Professional, Scientific, & Technical Skills",57,"$98,972","$94,202",27,"$117,310","$119,166"
50,Fullerton,5,Postbacc,07011,Computer Science and Information Technology,Management of Companies & Enterprises,,,,,,
50,Fullerton,5,Postbacc,07011,Computer Science and Information Technology,Admin & Support & Waste Mgmt & Remediation,11,"$85,868","$80,246",7,"$66,162","$59,596"
50,Fullerton,5,Postbacc,07011,Computer Science and Information Technology,Educational Services,13,"$63,471","$54,956",8,"$60,850","$59,139"
50,Fullerton,5,Postbacc,07011,Computer Science and Information Technology,Health Care & Social Assistance,,,,,,
50,Fullerton,5,Postbacc,07011,Computer Science and Information Technology,"Arts, Entertainment, & Recreation",,,,,,
50,Fullerton,5,Postbacc,07011,Computer Science and Information Technology,Accommodation & Food Services,,,,,,
50,Fullerton,5,Postbacc,07011,Computer Science and Information Technology,Other Services,,,,,,
50,Fullerton,5,Postbacc,07011,Computer Science and Information Technology,Government,7,"$91,701","$95,427",,,
50,Fullerton,5,Postbacc,07011,Computer Science and Information Technology,No Wages,178,,,301,,
50,Fullerton,5,Postbacc,07011,Computer Science and Information Technology,Wages - No NAICS Code,7,"$16,441","$30,637",,,
50,Fullerton,5,Postbacc,07021,Information Systems,Manufacturing,,,,,,
50,Fullerton,5,Postbacc,07021,Information Systems,Wholesale Trade,,,,,,
50,Fullerton,5,Postbacc,07021,Information Systems,Retail Trade,,,,,,
50,Fullerton,5,Postbacc,07021,Information Systems,Transportation & Warehousing,,,,,,
50,Fullerton,5,Postbacc,07021,Information Systems,Information,,,,,,
50,Fullerton,5,Postbacc,07021,Information Systems,Finance & Insurance,,,,,,
50,Fullerton,5,Postbacc,07021,Information Systems,"Professional, Scientific, & Technical Skills",10,"$66,985","$68,902",,,
50,Fullerton,5,Postbacc,07021,Information Systems,Educational Services,,,,,,
50,Fullerton,5,Postbacc,07021,Information Systems,Health Care & Social Assistance,,,,,,
50,Fullerton,5,Postbacc,07021,Information Systems,"Arts, Entertainment, & Recreation",,,,,,
50,Fullerton,5,Postbacc,07021,Information Systems,Accommodation & Food Services,,,,,,
50,Fullerton,5,Postbacc,07021,Information Systems,Non-Classified,,,,,,
50,Fullerton,5,Postbacc,07021,Information Systems,Government,,,,,,
50,Fullerton,5,Postbacc,07021,Information Systems,No Wages,22,,,41,,
50,Fullerton,5,Postbacc,07021,Information Systems,Wages - No NAICS Code,,,,,,
50,Fullerton,5,Postbacc,07052,Software Engineering,Utilities,,,,,,
50,Fullerton,5,Postbacc,07052,Software Engineering,Manufacturing,53,"$122,153","$129,533",8,"$127,991","$124,522"
50,Fullerton,5,Postbacc,07052,Software Engineering,Wholesale Trade,12,"$109,396","$110,288",,,
50,Fullerton,5,Postbacc,07052,Software Engineering,Retail Trade,,,,,,
50,Fullerton,5,Postbacc,07052,Software Engineering,Information,10,"$131,944","$147,771",,,
50,Fullerton,5,Postbacc,07052,Software Engineering,Finance & Insurance,11,"$97,639","$105,302",,,
50,Fullerton,5,Postbacc,07052,Software Engineering,Real Estate & Rental & Leasing,,,,,,
50,Fullerton,5,Postbacc,07052,Software Engineering,"Professional, Scientific, & Technical Skills",36,"$122,365","$128,775",,,
50,Fullerton,5,Postbacc,07052,Software Engineering,Admin & Support & Waste Mgmt & Remediation,8,"$91,499","$83,914",,,
50,Fullerton,5,Postbacc,07052,Software Engineering,Educational Services,8,"$67,004","$60,831",,,
50,Fullerton,5,Postbacc,07052,Software Engineering,Health Care & Social Assistance,,,,,,
50,Fullerton,5,Postbacc,07052,Software Engineering,Government,,,,,,
50,Fullerton,5,Postbacc,07052,Software Engineering,No Wages,213,,,360,,
50,Fullerton,5,Postbacc,07052,Software Engineering,Wages - No NAICS Code,12,"$42,653","$43,122",,,
50,Fullerton,5,Postbacc,08011,Education,"Agriculture, Forestry, Fishing, & Hunting",,,,,,
50,Fullerton,5,Postbacc,08011,Education,Construction,5,"$32,873","$47,198",,,
50,Fullerton,5,Postbacc,08011,Education,Manufacturing,6,"$54,664","$47,618",5,"$33,169","$53,755"
50,Fullerton,5,Postbacc,08011,Education,Wholesale Trade,,,,6,"$34,840","$123,410"
50,Fullerton,5,Postbacc,08011,Education,Retail Trade,,,,,,
50,Fullerton,5,Postbacc,08011,Education,Transportation & Warehousing,,,,,,
50,Fullerton,5,Postbacc,08011,Education,Information,,,,,,
50,Fullerton,5,Postbacc,08011,Education,Finance & Insurance,,,,,,
50,Fullerton,5,Postbacc,08011,Education,Real Estate & Rental & Leasing,,,,,,
50,Fullerton,5,Postbacc,08011,Education,"Professional, Scientific, & Technical Skills",5,"$52,542","$40,554",,,
50,Fullerton,5,Postbacc,08011,Education,Admin & Support & Waste Mgmt & Remediation,7,"$22,285","$29,714",6,"$27,189","$31,558"
50,Fullerton,5,Postbacc,08011,Education,Educational Services,"2,010","$87,508","$84,139","1,082","$93,995","$89,867"
50,Fullerton,5,Postbacc,08011,Education,Health Care & Social Assistance,27,"$54,555","$51,034",10,"$48,803","$52,134"
50,Fullerton,5,Postbacc,08011,Education,"Arts, Entertainment, & Recreation",,,,,,
50,Fullerton,5,Postbacc,08011,Education,Accommodation & Food Services,,,,,,
50,Fullerton,5,Postbacc,08011,Education,Other Services,30,"$43,474","$44,083",14,"$27,201","$44,333"
50,Fullerton,5,Postbacc,08011,Education,Government,,,,,,
50,Fullerton,5,Postbacc,08011,Education,No Wages,"1,310",,,"2,313",,
50,Fullerton,5,Postbacc,08011,Education,Wages - No NAICS Code,56,"$15,828","$30,732",28,"$16,694","$28,506"
50,Fullerton,5,Postbacc,08021,Elementary Education,No Wages,,,,,,
50,Fullerton,5,Postbacc,08261,Counseling and Guidance,Construction,,,,,,
50,Fullerton,5,Postbacc,08261,Counseling and Guidance,Manufacturing,,,,,,
50,Fullerton,5,Postbacc,08261,Counseling and Guidance,Wholesale Trade,,,,,,
50,Fullerton,5,Postbacc,08261,Counseling and Guidance,Retail Trade,,,,,,
50,Fullerton,5,Postbacc,08261,Counseling and Guidance,Information,,,,,,
50,Fullerton,5,Postbacc,08261,Counseling and Guidance,Finance & Insurance,7,"$63,312","$71,838",,,
50,Fullerton,5,Postbacc,08261,Counseling and Guidance,Real Estate & Rental & Leasing,,,,,,
50,Fullerton,5,Postbacc,08261,Counseling and Guidance,"Professional, Scientific, & Technical Skills",8,"$50,690","$42,202",,,
50,Fullerton,5,Postbacc,08261,Counseling and Guidance,Admin & Support & Waste Mgmt & Remediation,12,"$64,683","$64,764",8,"$53,003","$58,492"
50,Fullerton,5,Postbacc,08261,Counseling and Guidance,Educational Services,89,"$62,552","$61,287",58,"$75,154","$69,040"
50,Fullerton,5,Postbacc,08261,Counseling and Guidance,Health Care & Social Assistance,212,"$48,536","$43,840",88,"$55,996","$53,875"
50,Fullerton,5,Postbacc,08261,Counseling and Guidance,"Arts, Entertainment, & Recreation",,,,,,
50,Fullerton,5,Postbacc,08261,Counseling and Guidance,Accommodation & Food Services,,,,,,
50,Fullerton,5,Postbacc,08261,Counseling and Guidance,Other Services,10,"$53,586","$46,578",5,"$59,635","$52,125"
50,Fullerton,5,Postbacc,08261,Counseling and Guidance,Non-Classified,,,,,,
50,Fullerton,5,Postbacc,08261,Counseling and Guidance,Government,87,"$74,615","$72,305",54,"$78,060","$80,648"
50,Fullerton,5,Postbacc,08261,Counseling and Guidance,No Wages,394,,,621,,
50,Fullerton,5,Postbacc,08261,Counseling and Guidance,Wages - No NAICS Code,28,"$14,880","$27,028",9,"$29,404","$45,189"
50,Fullerton,5,Postbacc,08271,Educational Administration,"Agriculture, Forestry, Fishing, & Hunting",,,,,,
50,Fullerton,5,Postbacc,08271,Educational Administration,Educational Services,,,,,,
50,Fullerton,5,Postbacc,08271,Educational Administration,No Wages,,,,,,
50,Fullerton,5,Postbacc,08272 + 08273,Educational Leadership (EdD),Admin & Support & Waste Mgmt & Remediation,,,,,,
50,Fullerton,5,Postbacc,08272 + 08273,Educational Leadership (EdD),Educational Services,12,"$136,005","$138,876",,,
50,Fullerton,5,Postbacc,08272 + 08273,Educational Leadership (EdD),Government,,,,,,
50,Fullerton,5,Postbacc,08272 + 08273,Educational Leadership (EdD),No Wages,83,,,98,,
50,Fullerton,5,Postbacc,08272 + 08273,Educational Leadership (EdD),Wages - No NAICS Code,,,,,,
50,Fullerton,5,Postbacc,08351,Kinesiology/Physical Education,"Agriculture, Forestry, Fishing, & Hunting",,,,,,
50,Fullerton,5,Postbacc,08351,Kinesiology/Physical Education,Utilities,,,,,,
50,Fullerton,5,Postbacc,08351,Kinesiology/Physical Education,Construction,,,,,,
50,Fullerton,5,Postbacc,08351,Kinesiology/Physical Education,Manufacturing,5,"$53,616","$62,515",,,
50,Fullerton,5,Postbacc,08351,Kinesiology/Physical Education,Wholesale Trade,,,,,,
50,Fullerton,5,Postbacc,08351,Kinesiology/Physical Education,Retail Trade,,,,,,
50,Fullerton,5,Postbacc,08351,Kinesiology/Physical Education,Transportation & Warehousing,,,,,,
50,Fullerton,5,Postbacc,08351,Kinesiology/Physical Education,Information,,,,,,
50,Fullerton,5,Postbacc,08351,Kinesiology/Physical Education,Finance & Insurance,5,"$60,546","$71,634",,,
50,Fullerton,5,Postbacc,08351,Kinesiology/Physical Education,Real Estate & Rental & Leasing,,,,,,
50,Fullerton,5,Postbacc,08351,Kinesiology/Physical Education,"Professional, Scientific, & Technical Skills",,,,,,
50,Fullerton,5,Postbacc,08351,Kinesiology/Physical Education,Management of Companies & Enterprises,,,,,,
50,Fullerton,5,Postbacc,08351,Kinesiology/Physical Education,Admin & Support & Waste Mgmt & Remediation,8,"$35,854","$48,290",,,
50,Fullerton,5,Postbacc,08351,Kinesiology/Physical Education,Educational Services,73,"$61,183","$62,267",31,"$76,193","$71,859"
50,Fullerton,5,Postbacc,08351,Kinesiology/Physical Education,Health Care & Social Assistance,24,"$50,183","$60,647",10,"$59,145","$52,319"
50,Fullerton,5,Postbacc,08351,Kinesiology/Physical Education,"Arts, Entertainment, & Recreation",16,"$60,183","$54,705",5,"$40,885","$46,313"
50,Fullerton,5,Postbacc,08351,Kinesiology/Physical Education,Accommodation & Food Services,,,,,,
50,Fullerton,5,Postbacc,08351,Kinesiology/Physical Education,Other Services,5,"$34,251","$42,042",,,
50,Fullerton,5,Postbacc,08351,Kinesiology/Physical Education,Government,,,,,,
50,Fullerton,5,Postbacc,08351,Kinesiology/Physical Education,No Wages,258,,,379,,
50,Fullerton,5,Postbacc,08351,Kinesiology/Physical Education,Wages - No NAICS Code,31,"$28,148","$37,032",10,"$61,855","$55,157"
50,Fullerton,5,Postbacc,08992,Instructional Media/Technology,Utilities,,,,,,
50,Fullerton,5,Postbacc,08992,Instructional Media/Technology,Construction,,,,,,
50,Fullerton,5,Postbacc,08992,Instructional Media/Technology,Manufacturing,10,"$136,930","$125,582",,,
50,Fullerton,5,Postbacc,08992,Instructional Media/Technology,Wholesale Trade,,,,,,
50,Fullerton,5,Postbacc,08992,Instructional Media/Technology,Retail Trade,,,,,,
50,Fullerton,5,Postbacc,08992,Instructional Media/Technology,Information,,,,,,
50,Fullerton,5,Postbacc,08992,Instructional Media/Technology,Finance & Insurance,,,,,,
50,Fullerton,5,Postbacc,08992,Instructional Media/Technology,"Professional, Scientific, & Technical Skills",6,"$97,227","$104,586",,,
50,Fullerton,5,Postbacc,08992,Instructional Media/Technology,Management of Companies & Enterprises,,,,,,
50,Fullerton,5,Postbacc,08992,Instructional Media/Technology,Admin & Support & Waste Mgmt & Remediation,5,"$12,194","$44,069",,,
50,Fullerton,5,Postbacc,08992,Instructional Media/Technology,Educational Services,35,"$86,722","$82,526",8,"$94,904","$81,016"
50,Fullerton,5,Postbacc,08992,Instructional Media/Technology,Health Care & Social Assistance,,,,,,
50,Fullerton,5,Postbacc,08992,Instructional Media/Technology,"Arts, Entertainment, & Recreation",,,,,,
50,Fullerton,5,Postbacc,08992,Instructional Media/Technology,Accommodation & Food Services,,,,,,
50,Fullerton,5,Postbacc,08992,Instructional Media/Technology,Government,,,,,,
50,Fullerton,5,Postbacc,08992,Instructional Media/Technology,No Wages,110,,,172,,
50,Fullerton,5,Postbacc,08992,Instructional Media/Technology,Wages - No NAICS Code,7,"$50,321","$49,054",,,
50,Fullerton,5,Postbacc,08995,Computer Based Education,No Wages,,,,,,
50,Fullerton,5,Postbacc,09011 + 09012 + 09013,Engineering,Utilities,,,,,,
50,Fullerton,5,Postbacc,09011 + 09012 + 09013,Engineering,Construction,,,,,,
50,Fullerton,5,Postbacc,09011 + 09012 + 09013,Engineering,Manufacturing,21,"$101,722","$102,542",17,"$124,514","$124,987"
50,Fullerton,5,Postbacc,09011 + 09012 + 09013,Engineering,Wholesale Trade,,,,,,
50,Fullerton,5,Postbacc,09011 + 09012 + 09013,Engineering,Retail Trade,,,,,,
50,Fullerton,5,Postbacc,09011 + 09012 + 09013,Engineering,Real Estate & Rental & Leasing,,,,,,
50,Fullerton,5,Postbacc,09011 + 09012 + 09013,Engineering,"Professional, Scientific, & Technical Skills",13,"$86,391","$93,697",13,"$92,599","$102,394"
50,Fullerton,5,Postbacc,09011 + 09012 + 09013,Engineering,Admin & Support & Waste Mgmt & Remediation,,,,,,
50,Fullerton,5,Postbacc,09011 + 09012 + 09013,Engineering,Educational Services,,,,,,
50,Fullerton,5,Postbacc,09011 + 09012 + 09013,Engineering,"Arts, Entertainment, & Recreation",,,,,,
50,Fullerton,5,Postbacc,09011 + 09012 + 09013,Engineering,Other Services,,,,,,
50,Fullerton,5,Postbacc,09011 + 09012 + 09013,Engineering,Government,6,"$96,582","$96,646",6,"$123,214","$120,914"
50,Fullerton,5,Postbacc,09011 + 09012 + 09013,Engineering,No Wages,8,,,13,,
50,Fullerton,5,Postbacc,09011 + 09012 + 09013,Engineering,Wages - No NAICS Code,20,"$89,753","$86,041",19,"$100,974","$107,606"
50,Fullerton,5,Postbacc,09081,Civil Engineering,Utilities,7,"$116,209","$112,673",8,"$111,410","$110,443"
50,Fullerton,5,Postbacc,09081,Civil Engineering,Construction,9,"$90,535","$81,710",,,
50,Fullerton,5,Postbacc,09081,Civil Engineering,Manufacturing,,,,,,
50,Fullerton,5,Postbacc,09081,Civil Engineering,Wholesale Trade,5,"$77,744","$87,003",,,
50,Fullerton,5,Postbacc,09081,Civil Engineering,Retail Trade,,,,,,
50,Fullerton,5,Postbacc,09081,Civil Engineering,Finance & Insurance,,,,,,
50,Fullerton,5,Postbacc,09081,Civil Engineering,"Professional, Scientific, & Technical Skills",44,"$75,668","$79,335",,,
50,Fullerton,5,Postbacc,09081,Civil Engineering,Admin & Support & Waste Mgmt & Remediation,,,,,,
50,Fullerton,5,Postbacc,09081,Civil Engineering,Educational Services,,,,,,
50,Fullerton,5,Postbacc,09081,Civil Engineering,Health Care & Social Assistance,6,"$31,171","$50,534",,,
50,Fullerton,5,Postbacc,09081,Civil Engineering,Government,22,"$95,036","$103,635",8,"$119,287","$123,257"
50,Fullerton,5,Postbacc,09081,Civil Engineering,No Wages,223,,,317,,
50,Fullerton,5,Postbacc,09081,Civil Engineering,Wages - No NAICS Code,15,"$82,283","$73,942",,,
50,Fullerton,5,Postbacc,09091,Electrical Engineering,"Agriculture, Forestry, Fishing, & Hunting",,,,,,
50,Fullerton,5,Postbacc,09091,Electrical Engineering,Utilities,,,,,,
50,Fullerton,5,Postbacc,09091,Electrical Engineering,Construction,,,,,,
50,Fullerton,5,Postbacc,09091,Electrical Engineering,Manufacturing,76,"$104,383","$106,639",42,"$131,437","$146,991"
50,Fullerton,5,Postbacc,09091,Electrical Engineering,Wholesale Trade,8,"$86,628","$90,796",,,
50,Fullerton,5,Postbacc,09091,Electrical Engineering,Retail Trade,,,,,,
50,Fullerton,5,Postbacc,09091,Electrical Engineering,Information,8,"$123,428","$122,666",7,"$89,439","$90,735"
50,Fullerton,5,Postbacc,09091,Electrical Engineering,"Professional, Scientific, & Technical Skills",27,"$97,682","$104,724",8,"$105,011","$111,355"
50,Fullerton,5,Postbacc,09091,Electrical Engineering,Admin & Support & Waste Mgmt & Remediation,8,"$45,735","$55,207",,,
50,Fullerton,5,Postbacc,09091,Electrical Engineering,Educational Services,,,,,,
50,Fullerton,5,Postbacc,09091,Electrical Engineering,"Arts, Entertainment, & Recreation",,,,,,
50,Fullerton,5,Postbacc,09091,Electrical Engineering,Accommodation & Food Services,,,,,,
50,Fullerton,5,Postbacc,09091,Electrical Engineering,Government,,,,,,
50,Fullerton,5,Postbacc,09091,Electrical Engineering,No Wages,118,,,194,,
50,Fullerton,5,Postbacc,09091,Electrical Engineering,Wages - No NAICS Code,6,"$31,634","$35,813",,,
50,Fullerton,5,Postbacc,09094,Computer Engineering,No Wages,6,,,6,,
50,Fullerton,5,Postbacc,09101,Mechanical Engineering,Utilities,,,,,,
50,Fullerton,5,Postbacc,09101,Mechanical Engineering,Manufacturing,17,"$107,184","$113,191",8,"$97,994","$125,544"
50,Fullerton,5,Postbacc,09101,Mechanical Engineering,Transportation & Warehousing,,,,,,
50,Fullerton,5,Postbacc,09101,Mechanical Engineering,"Professional, Scientific, & Technical Skills",5,"$76,090","$79,367",,,
50,Fullerton,5,Postbacc,09101,Mechanical Engineering,Admin & Support & Waste Mgmt & Remediation,,,,,,
50,Fullerton,5,Postbacc,09101,Mechanical Engineering,Educational Services,,,,,,
50,Fullerton,5,Postbacc,09101,Mechanical Engineering,No Wages,66,,,85,,
50,Fullerton,5,Postbacc,09101,Mechanical Engineering,Wages - No NAICS Code,,,,,,
50,Fullerton,5,Postbacc,09221,Environmental Engineering,No Wages,69,,,69,,
50,Fullerton,5,Postbacc,10021,Art,"Agriculture, Forestry, Fishing, & Hunting",,,,,,
50,Fullerton,5,Postbacc,10021,Art,Wholesale Trade,,,,,,
50,Fullerton,5,Postbacc,10021,Art,Retail Trade,,,,,,
50,Fullerton,5,Postbacc,10021,Art,Information,,,,,,
50,Fullerton,5,Postbacc,10021,Art,Finance & Insurance,,,,,,
50,Fullerton,5,Postbacc,10021,Art,Real Estate & Rental & Leasing,,,,,,
50,Fullerton,5,Postbacc,10021,Art,"Professional, Scientific, & Technical Skills",,,,,,
50,Fullerton,5,Postbacc,10021,Art,Admin & Support & Waste Mgmt & Remediation,,,,,,
50,Fullerton,5,Postbacc,10021,Art,Educational Services,17,"$35,000","$51,070",12,"$62,632","$56,029"
50,Fullerton,5,Postbacc,10021,Art,Health Care & Social Assistance,,,,,,
50,Fullerton,5,Postbacc,10021,Art,"Arts, Entertainment, & Recreation",,,,,,
50,Fullerton,5,Postbacc,10021,Art,Government,,,,,,
50,Fullerton,5,Postbacc,10021,Art,No Wages,45,,,61,,
50,Fullerton,5,Postbacc,10021,Art,Wages - No NAICS Code,7,"$27,676","$30,910",,,
50,Fullerton,5,Postbacc,10022,Art - Studio/Performance,Manufacturing,,,,,,
50,Fullerton,5,Postbacc,10022,Art - Studio/Performance,Wholesale Trade,,,,,,
50,Fullerton,5,Postbacc,10022,Art - Studio/Performance,Retail Trade,6,"$47,561","$47,511",,,
50,Fullerton,5,Postbacc,10022,Art - Studio/Performance,Transportation & Warehousing,,,,,,
50,Fullerton,5,Postbacc,10022,Art - Studio/Performance,Information,,,,,,
50,Fullerton,5,Postbacc,10022,Art - Studio/Performance,Real Estate & Rental & Leasing,,,,,,
50,Fullerton,5,Postbacc,10022,Art - Studio/Performance,"Professional, Scientific, & Technical Skills",,,,,,
50,Fullerton,5,Postbacc,10022,Art - Studio/Performance,Admin & Support & Waste Mgmt & Remediation,,,,,,
50,Fullerton,5,Postbacc,10022,Art - Studio/Performance,Educational Services,37,"$50,546","$52,283",21,"$62,906","$68,793"
50,Fullerton,5,Postbacc,10022,Art - Studio/Performance,Health Care & Social Assistance,,,,,,
50,Fullerton,5,Postbacc,10022,Art - Studio/Performance,"Arts, Entertainment, & Recreation",,,,,,
50,Fullerton,5,Postbacc,10022,Art - Studio/Performance,Accommodation & Food Services,,,,,,
50,Fullerton,5,Postbacc,10022,Art - Studio/Performance,Government,,,,,,
50,Fullerton,5,Postbacc,10022,Art - Studio/Performance,No Wages,106,,,147,,
50,Fullerton,5,Postbacc,10022,Art - Studio/Performance,Wages - No NAICS Code,14,"$16,167","$31,978",6,"$81,305","$67,661"
50,Fullerton,5,Postbacc,10041,Music - Performance,Utilities,,,,,,
50,Fullerton,5,Postbacc,10041,Music - Performance,Manufacturing,,,,,,
50,Fullerton,5,Postbacc,10041,Music - Performance,Wholesale Trade,,,,,,
50,Fullerton,5,Postbacc,10041,Music - Performance,Retail Trade,,,,,,
50,Fullerton,5,Postbacc,10041,Music - Performance,Information,,,,,,
50,Fullerton,5,Postbacc,10041,Music - Performance,"Professional, Scientific, & Technical Skills",,,,,,
50,Fullerton,5,Postbacc,10041,Music - Performance,Admin & Support & Waste Mgmt & Remediation,,,,,,
50,Fullerton,5,Postbacc,10041,Music - Performance,Educational Services,39,"$38,609","$50,365",19,"$42,995","$57,163"
50,Fullerton,5,Postbacc,10041,Music - Performance,"Arts, Entertainment, & Recreation",5,"$4,537","$20,067",,,
50,Fullerton,5,Postbacc,10041,Music - Performance,Other Services,,,,,,
50,Fullerton,5,Postbacc,10041,Music - Performance,No Wages,85,,,118,,
50,Fullerton,5,Postbacc,10041,Music - Performance,Wages - No NAICS Code,,,,,,
50,Fullerton,5,Postbacc,10051,Music,Information,,,,,,
50,Fullerton,5,Postbacc,10051,Music,"Professional, Scientific, & Technical Skills",,,,,,
50,Fullerton,5,Postbacc,10051,Music,Educational Services,7,"$48,647","$46,271",,,
50,Fullerton,5,Postbacc,10051,Music,Health Care & Social Assistance,,,,,,
50,Fullerton,5,Postbacc,10051,Music,Other Services,,,,,,
50,Fullerton,5,Postbacc,10051,Music,No Wages,22,,,29,,
50,Fullerton,5,Postbacc,10072,Theatre Arts - Performance,Wholesale Trade,,,,,,
50,Fullerton,5,Postbacc,10072,Theatre Arts - Performance,Retail Trade,,,,,,
50,Fullerton,5,Postbacc,10072,Theatre Arts - Performance,Information,,,,,,
50,Fullerton,5,Postbacc,10072,Theatre Arts - Performance,Finance & Insurance,,,,,,
50,Fullerton,5,Postbacc,10072,Theatre Arts - Performance,Real Estate & Rental & Leasing,,,,,,
50,Fullerton,5,Postbacc,10072,Theatre Arts - Performance,"Professional, Scientific, & Technical Skills",,,,,,
50,Fullerton,5,Postbacc,10072,Theatre Arts - Performance,Admin & Support & Waste Mgmt & Remediation,,,,,,
50,Fullerton,5,Postbacc,10072,Theatre Arts - Performance,Educational Services,21,"$24,575","$34,524",10,"$72,801","$72,271"
50,Fullerton,5,Postbacc,10072,Theatre Arts - Performance,Health Care & Social Assistance,,,,,,
50,Fullerton,5,Postbacc,10072,Theatre Arts - Performance,"Arts, Entertainment, & Recreation",8,"$67,269","$66,622",,,
50,Fullerton,5,Postbacc,10072,Theatre Arts - Performance,Accommodation & Food Services,,,,5,"$42,810","$40,091"
50,Fullerton,5,Postbacc,10072,Theatre Arts - Performance,Other Services,,,,,,
50,Fullerton,5,Postbacc,10072,Theatre Arts - Performance,No Wages,47,,,71,,
50,Fullerton,5,Postbacc,10072,Theatre Arts - Performance,Wages - No NAICS Code,9,"$26,658","$28,298",5,"$40,127","$36,494"
50,Fullerton,5,Postbacc,11021,French,Manufacturing,,,,,,
50,Fullerton,5,Postbacc,11021,French,Retail Trade,,,,,,
50,Fullerton,5,Postbacc,11021,French,"Professional, Scientific, & Technical Skills",,,,,,
50,Fullerton,5,Postbacc,11021,French,Educational Services,14,"$64,020","$62,591",10,"$75,713","$70,577"
50,Fullerton,5,Postbacc,11021,French,Health Care & Social Assistance,,,,,,
50,Fullerton,5,Postbacc,11021,French,Other Services,,,,,,
50,Fullerton,5,Postbacc,11021,French,Government,,,,,,
50,Fullerton,5,Postbacc,11021,French,No Wages,9,,,18,,
50,Fullerton,5,Postbacc,11021,French,Wages - No NAICS Code,,,,,,
50,Fullerton,5,Postbacc,11031,German,Wholesale Trade,,,,,,
50,Fullerton,5,Postbacc,11031,German,Information,,,,,,
50,Fullerton,5,Postbacc,11031,German,Educational Services,,,,,,
50,Fullerton,5,Postbacc,11031,German,No Wages,,,,5,,
50,Fullerton,5,Postbacc,11031,German,Wages - No NAICS Code,,,,,,
50,Fullerton,5,Postbacc,11051,Spanish,Information,,,,,,
50,Fullerton,5,Postbacc,11051,Spanish,Finance & Insurance,,,,,,
50,Fullerton,5,Postbacc,11051,Spanish,"Professional, Scientific, & Technical Skills",,,,,,
50,Fullerton,5,Postbacc,11051,Spanish,Educational Services,41,"$65,907","$65,551",19,"$82,029","$74,454"
50,Fullerton,5,Postbacc,11051,Spanish,Health Care & Social Assistance,,,,,,
50,Fullerton,5,Postbacc,11051,Spanish,Accommodation & Food Services,,,,,,
50,Fullerton,5,Postbacc,11051,Spanish,Other Services,,,,,,
50,Fullerton,5,Postbacc,11051,Spanish,No Wages,49,,,77,,
50,Fullerton,5,Postbacc,11051,Spanish,Wages - No NAICS Code,7,"$62,828","$56,118",5,"$42,158","$51,467"
50,Fullerton,5,Postbacc,12031 + 12032 + 12033,Nursing,Manufacturing,,,,,,
50,Fullerton,5,Postbacc,12031 + 12032 + 12033,Nursing,Finance & Insurance,,,,,,
50,Fullerton,5,Postbacc,12031 + 12032 + 12033,Nursing,"Professional, Scientific, & Technical Skills",,,,,,
50,Fullerton,5,Postbacc,12031 + 12032 + 12033,Nursing,Admin & Support & Waste Mgmt & Remediation,,,,,,
50,Fullerton,5,Postbacc,12031 + 12032 + 12033,Nursing,Educational Services,45,"$114,017","$111,394",13,"$119,089","$143,448"
50,Fullerton,5,Postbacc,12031 + 12032 + 12033,Nursing,Health Care & Social Assistance,365,"$132,893","$142,898",111,"$209,691","$182,449"
50,Fullerton,5,Postbacc,12031 + 12032 + 12033,Nursing,Accommodation & Food Services,,,,,,
50,Fullerton,5,Postbacc,12031 + 12032 + 12033,Nursing,Other Services,,,,,,
50,Fullerton,5,Postbacc,12031 + 12032 + 12033,Nursing,Non-Classified,,,,,,
50,Fullerton,5,Postbacc,12031 + 12032 + 12033,Nursing,Government,11,"$113,496","$112,729",,,
50,Fullerton,5,Postbacc,12031 + 12032 + 12033,Nursing,No Wages,648,,,959,,
50,Fullerton,5,Postbacc,12031 + 12032 + 12033,Nursing,Wages - No NAICS Code,12,"$45,594","$67,348",,,
50,Fullerton,5,Postbacc,12141,Health Education,Utilities,,,,,,
50,Fullerton,5,Postbacc,12141,Health Education,Construction,,,,,,
50,Fullerton,5,Postbacc,12141,Health Education,Manufacturing,,,,,,
50,Fullerton,5,Postbacc,12141,Health Education,Wholesale Trade,,,,,,
50,Fullerton,5,Postbacc,12141,Health Education,Finance & Insurance,,,,,,
50,Fullerton,5,Postbacc,12141,Health Education,"Professional, Scientific, & Technical Skills",7,"$67,538","$81,002",,,
50,Fullerton,5,Postbacc,12141,Health Education,Educational Services,15,"$57,527","$74,098",,,
50,Fullerton,5,Postbacc,12141,Health Education,Health Care & Social Assistance,24,"$82,200","$71,715",,,
50,Fullerton,5,Postbacc,12141,Health Education,Other Services,,,,,,
50,Fullerton,5,Postbacc,12141,Health Education,Government,16,"$72,647","$76,822",,,
50,Fullerton,5,Postbacc,12141,Health Education,No Wages,152,,,229,,
50,Fullerton,5,Postbacc,12141,Health Education,Wages - No NAICS Code,12,"$38,841","$51,487",,,
50,Fullerton,5,Postbacc,12201,Communicative Disorders,Construction,,,,,,
50,Fullerton,5,Postbacc,12201,Communicative Disorders,"Professional, Scientific, & Technical Skills",,,,,,
50,Fullerton,5,Postbacc,12201,Communicative Disorders,Admin & Support & Waste Mgmt & Remediation,,,,,,
50,Fullerton,5,Postbacc,12201,Communicative Disorders,Educational Services,99,"$75,526","$71,696",55,"$84,680","$77,903"
50,Fullerton,5,Postbacc,12201,Communicative Disorders,Health Care & Social Assistance,51,"$65,990","$64,691",18,"$79,792","$72,699"
50,Fullerton,5,Postbacc,12201,Communicative Disorders,Government,,,,,,
50,Fullerton,5,Postbacc,12201,Communicative Disorders,No Wages,157,,,241,,
50,Fullerton,5,Postbacc,12201,Communicative Disorders,Wages - No NAICS Code,5,"$9,095","$22,490",,,
50,Fullerton,5,Postbacc,15011,English,"Agriculture, Forestry, Fishing, & Hunting",,,,,,
50,Fullerton,5,Postbacc,15011,English,Manufacturing,,,,,,
50,Fullerton,5,Postbacc,15011,English,Wholesale Trade,,,,,,
50,Fullerton,5,Postbacc,15011,English,Retail Trade,5,"$40,259","$35,479",,,
50,Fullerton,5,Postbacc,15011,English,Information,,,,,,
50,Fullerton,5,Postbacc,15011,English,Finance & Insurance,6,"$82,109","$70,516",,,
50,Fullerton,5,Postbacc,15011,English,Real Estate & Rental & Leasing,,,,,,
50,Fullerton,5,Postbacc,15011,English,"Professional, Scientific, & Technical Skills",,,,,,
50,Fullerton,5,Postbacc,15011,English,Admin & Support & Waste Mgmt & Remediation,,,,,,
50,Fullerton,5,Postbacc,15011,English,Educational Services,117,"$60,839","$59,141",52,"$86,389","$81,115"
50,Fullerton,5,Postbacc,15011,English,Health Care & Social Assistance,5,"$28,173","$30,662",,,
50,Fullerton,5,Postbacc,15011,English,Accommodation & Food Services,,,,,,
50,Fullerton,5,Postbacc,15011,English,Other Services,,,,,,
50,Fullerton,5,Postbacc,15011,English,Government,,,,,,
50,Fullerton,5,Postbacc,15011,English,No Wages,186,,,299,,
50,Fullerton,5,Postbacc,15011,English,Wages - No NAICS Code,32,"$44,638","$45,190",10,"$46,015","$41,121"
50,Fullerton,5,Postbacc,15051,Linguistics,Manufacturing,,,,,,
50,Fullerton,5,Postbacc,15051,Linguistics,"Professional, Scientific, & Technical Skills",,,,,,
50,Fullerton,5,Postbacc,15051,Linguistics,Admin & Support & Waste Mgmt & Remediation,,,,,,
50,Fullerton,5,Postbacc,15051,Linguistics,Educational Services,17,"$44,122","$54,183",8,"$70,392","$65,654"
50,Fullerton,5,Postbacc,15051,Linguistics,"Arts, Entertainment, & Recreation",,,,,,
50,Fullerton,5,Postbacc,15051,Linguistics,Non-Classified,,,,,,
50,Fullerton,5,Postbacc,15051,Linguistics,Government,,,,,,
50,Fullerton,5,Postbacc,15051,Linguistics,No Wages,33,,,54,,
50,Fullerton,5,Postbacc,15051,Linguistics,Wages - No NAICS Code,,,,,,
50,Fullerton,5,Postbacc,15061,Speech Communication,Utilities,,,,,,
50,Fullerton,5,Postbacc,15061,Speech Communication,Construction,,,,,,
50,Fullerton,5,Postbacc,15061,Speech Communication,Wholesale Trade,,,,,,
50,Fullerton,5,Postbacc,15061,Speech Communication,Retail Trade,,,,,,
50,Fullerton,5,Postbacc,15061,Speech Communication,Transportation & Warehousing,,,,,,
50,Fullerton,5,Postbacc,15061,Speech Communication,Information,,,,,,
50,Fullerton,5,Postbacc,15061,Speech Communication,Finance & Insurance,7,"$77,711","$100,286",,,
50,Fullerton,5,Postbacc,15061,Speech Communication,Real Estate & Rental & Leasing,,,,,,
50,Fullerton,5,Postbacc,15061,Speech Communication,"Professional, Scientific, & Technical Skills",,,,,,
50,Fullerton,5,Postbacc,15061,Speech Communication,Admin & Support & Waste Mgmt & Remediation,,,,,,
50,Fullerton,5,Postbacc,15061,Speech Communication,Educational Services,51,"$49,746","$54,900",25,"$76,845","$72,949"
50,Fullerton,5,Postbacc,15061,Speech Communication,Health Care & Social Assistance,,,,,,
50,Fullerton,5,Postbacc,15061,Speech Communication,Accommodation & Food Services,,,,,,
50,Fullerton,5,Postbacc,15061,Speech Communication,Other Services,,,,,,
50,Fullerton,5,Postbacc,15061,Speech Communication,Government,,,,,,
50,Fullerton,5,Postbacc,15061,Speech Communication,No Wages,109,,,155,,
50,Fullerton,5,Postbacc,15061,Speech Communication,Wages - No NAICS Code,8,"$46,619","$41,391",5,"$56,584","$47,630"
50,Fullerton,5,Postbacc,17011,Mathematics,Construction,,,,,,
50,Fullerton,5,Postbacc,17011,Mathematics,Manufacturing,15,"$98,360","$107,950",9,"$108,336","$117,758"
50,Fullerton,5,Postbacc,17011,Mathematics,Wholesale Trade,,,,,,
50,Fullerton,5,Postbacc,17011,Mathematics,Retail Trade,,,,,,
50,Fullerton,5,Postbacc,17011,Mathematics,Information,,,,,,
50,Fullerton,5,Postbacc,17011,Mathematics,Finance & Insurance,,,,,,
50,Fullerton,5,Postbacc,17011,Mathematics,"Professional, Scientific, & Technical Skills",6,"$88,941","$82,960",,,
50,Fullerton,5,Postbacc,17011,Mathematics,Admin & Support & Waste Mgmt & Remediation,,,,,,
50,Fullerton,5,Postbacc,17011,Mathematics,Educational Services,178,"$86,995","$81,058",87,"$96,210","$89,082"
50,Fullerton,5,Postbacc,17011,Mathematics,Health Care & Social Assistance,,,,,,
50,Fullerton,5,Postbacc,17011,Mathematics,"Arts, Entertainment, & Recreation",,,,,,
50,Fullerton,5,Postbacc,17011,Mathematics,Accommodation & Food Services,,,,,,
50,Fullerton,5,Postbacc,17011,Mathematics,Other Services,,,,,,
50,Fullerton,5,Postbacc,17011,Mathematics,Government,,,,,,
50,Fullerton,5,Postbacc,17011,Mathematics,No Wages,131,,,254,,
50,Fullerton,5,Postbacc,17011,Mathematics,Wages - No NAICS Code,25,"$52,168","$55,671",12,"$59,509","$65,556"
50,Fullerton,5,Postbacc,17021,Statistics,No Wages,14,,,14,,
50,Fullerton,5,Postbacc,19021,Physics,Manufacturing,6,"$110,827","$100,825",6,"$163,943","$160,883"
50,Fullerton,5,Postbacc,19021,Physics,Wholesale Trade,,,,,,
50,Fullerton,5,Postbacc,19021,Physics,"Professional, Scientific, & Technical Skills",8,"$74,299","$84,684",,,
50,Fullerton,5,Postbacc,19021,Physics,Educational Services,9,"$83,171","$65,925",5,"$79,679","$86,770"
50,Fullerton,5,Postbacc,19021,Physics,Health Care & Social Assistance,,,,,,
50,Fullerton,5,Postbacc,19021,Physics,Accommodation & Food Services,,,,,,
50,Fullerton,5,Postbacc,19021,Physics,Government,,,,,,
50,Fullerton,5,Postbacc,19021,Physics,No Wages,39,,,54,,
50,Fullerton,5,Postbacc,19021,Physics,Wages - No NAICS Code,,,,,,
50,Fullerton,5,Postbacc,19051,Chemistry,Utilities,,,,,,
50,Fullerton,5,Postbacc,19051,Chemistry,Manufacturing,7,"$78,879","$139,369",,,
50,Fullerton,5,Postbacc,19051,Chemistry,Wholesale Trade,,,,,,
50,Fullerton,5,Postbacc,19051,Chemistry,Retail Trade,,,,,,
50,Fullerton,5,Postbacc,19051,Chemistry,"Professional, Scientific, & Technical Skills",12,"$91,491","$108,738",,,
50,Fullerton,5,Postbacc,19051,Chemistry,Admin & Support & Waste Mgmt & Remediation,,,,,,
50,Fullerton,5,Postbacc,19051,Chemistry,Educational Services,10,"$81,692","$74,074",6,"$60,037","$74,765"
50,Fullerton,5,Postbacc,19051,Chemistry,Government,,,,,,
50,Fullerton,5,Postbacc,19051,Chemistry,No Wages,41,,,66,,
50,Fullerton,5,Postbacc,19051,Chemistry,Wages - No NAICS Code,6,"$43,471","$43,651",,,
50,Fullerton,5,Postbacc,19141,Geology,Manufacturing,,,,,,
50,Fullerton,5,Postbacc,19141,Geology,"Professional, Scientific, & Technical Skills",8,"$92,241","$101,924",,,
50,Fullerton,5,Postbacc,19141,Geology,Educational Services,,,,,,
50,Fullerton,5,Postbacc,19141,Geology,"Arts, Entertainment, & Recreation",,,,,,
50,Fullerton,5,Postbacc,19141,Geology,Other Services,,,,,,
50,Fullerton,5,Postbacc,19141,Geology,Government,,,,,,
50,Fullerton,5,Postbacc,19141,Geology,No Wages,28,,,41,,
50,Fullerton,5,Postbacc,19141,Geology,Wages - No NAICS Code,,,,,,
50,Fullerton,5,Postbacc,20011,Psychology,Retail Trade,,,,,,
50,Fullerton,5,Postbacc,20011,Psychology,Transportation & Warehousing,,,,,,
50,Fullerton,5,Postbacc,20011,Psychology,Information,,,,,,
50,Fullerton,5,Postbacc,20011,Psychology,Finance & Insurance,,,,,,
50,Fullerton,5,Postbacc,20011,Psychology,Real Estate & Rental & Leasing,,,,,,
50,Fullerton,5,Postbacc,20011,Psychology,"Professional, Scientific, & Technical Skills",11,"$75,653","$79,046",,,
50,Fullerton,5,Postbacc,20011,Psychology,Management of Companies & Enterprises,,,,,,
50,Fullerton,5,Postbacc,20011,Psychology,Admin & Support & Waste Mgmt & Remediation,,,,,,
50,Fullerton,5,Postbacc,20011,Psychology,Educational Services,29,"$56,873","$54,445",16,"$67,849","$61,802"
50,Fullerton,5,Postbacc,20011,Psychology,Health Care & Social Assistance,46,"$60,914","$55,306",14,"$72,294","$61,055"
50,Fullerton,5,Postbacc,20011,Psychology,"Arts, Entertainment, & Recreation",,,,,,
50,Fullerton,5,Postbacc,20011,Psychology,Accommodation & Food Services,,,,,,
50,Fullerton,5,Postbacc,20011,Psychology,Other Services,,,,,,
50,Fullerton,5,Postbacc,20011,Psychology,Government,13,"$67,585","$74,217",7,"$69,433","$70,681"
50,Fullerton,5,Postbacc,20011,Psychology,No Wages,188,,,262,,
50,Fullerton,5,Postbacc,20011,Psychology,Wages - No NAICS Code,17,"$21,492","$31,417",7,"$52,273","$59,659"
50,Fullerton,5,Postbacc,21021,Public Administration,Utilities,,,,,,
50,Fullerton,5,Postbacc,21021,Public Administration,Construction,6,"$89,489","$84,604",,,
50,Fullerton,5,Postbacc,21021,Public Administration,Manufacturing,10,"$88,801","$90,283",5,"$75,790","$101,020"
50,Fullerton,5,Postbacc,21021,Public Administration,Wholesale Trade,,,,,,
50,Fullerton,5,Postbacc,21021,Public Administration,Retail Trade,,,,,,
50,Fullerton,5,Postbacc,21021,Public Administration,Transportation & Warehousing,,,,,,
50,Fullerton,5,Postbacc,21021,Public Administration,Information,6,"$87,976","$124,859",,,
50,Fullerton,5,Postbacc,21021,Public Administration,Finance & Insurance,9,"$63,381","$64,117",,,
50,Fullerton,5,Postbacc,21021,Public Administration,Real Estate & Rental & Leasing,,,,,,
50,Fullerton,5,Postbacc,21021,Public Administration,"Professional, Scientific, & Technical Skills",12,"$57,849","$71,053",8,"$54,602","$56,052"
50,Fullerton,5,Postbacc,21021,Public Administration,Admin & Support & Waste Mgmt & Remediation,5,"$44,453","$68,069",,,
50,Fullerton,5,Postbacc,21021,Public Administration,Educational Services,27,"$68,135","$68,772",12,"$79,540","$76,208"
50,Fullerton,5,Postbacc,21021,Public Administration,Health Care & Social Assistance,10,"$67,659","$72,856",5,"$67,304","$73,638"
50,Fullerton,5,Postbacc,21021,Public Administration,"Arts, Entertainment, & Recreation",,,,,,
50,Fullerton,5,Postbacc,21021,Public Administration,Accommodation & Food Services,,,,,,
50,Fullerton,5,Postbacc,21021,Public Administration,Other Services,,,,,,
50,Fullerton,5,Postbacc,21021,Public Administration,Government,124,"$91,826","$96,399",58,"$116,598","$114,073"
50,Fullerton,5,Postbacc,21021,Public Administration,No Wages,169,,,296,,
50,Fullerton,5,Postbacc,21021,Public Administration,Wages - No NAICS Code,18,"$77,946","$78,435",12,"$73,634","$66,215"
50,Fullerton,5,Postbacc,21041,Social Work,"Professional, Scientific, & Technical Skills",,,,,,
50,Fullerton,5,Postbacc,21041,Social Work,Educational Services,,,,,,
50,Fullerton,5,Postbacc,21041,Social Work,Health Care & Social Assistance,40,"$51,298","$50,497",,,
50,Fullerton,5,Postbacc,21041,Social Work,Accommodation & Food Services,,,,,,
50,Fullerton,5,Postbacc,21041,Social Work,Other Services,,,,,,
50,Fullerton,5,Postbacc,21041,Social Work,Government,13,"$69,802","$72,033",,,
50,Fullerton,5,Postbacc,21041,Social Work,No Wages,212,,,272,,
50,Fullerton,5,Postbacc,21041,Social Work,Wages - No NAICS Code,,,,,,
50,Fullerton,5,Postbacc,21043,Gerentology,"Agriculture, Forestry, Fishing, & Hunting",,,,,,
50,Fullerton,5,Postbacc,21043,Gerentology,Construction,,,,,,
50,Fullerton,5,Postbacc,21043,Gerentology,Wholesale Trade,,,,,,
50,Fullerton,5,Postbacc,21043,Gerentology,Retail Trade,,,,,,
50,Fullerton,5,Postbacc,21043,Gerentology,Information,,,,,,
50,Fullerton,5,Postbacc,21043,Gerentology,Finance & Insurance,,,,,,
50,Fullerton,5,Postbacc,21043,Gerentology,Real Estate & Rental & Leasing,,,,,,
50,Fullerton,5,Postbacc,21043,Gerentology,"Professional, Scientific, & Technical Skills",,,,,,
50,Fullerton,5,Postbacc,21043,Gerentology,Admin & Support & Waste Mgmt & Remediation,,,,,,
50,Fullerton,5,Postbacc,21043,Gerentology,Educational Services,,,,,,
50,Fullerton,5,Postbacc,21043,Gerentology,Health Care & Social Assistance,28,"$42,941","$51,726",8,"$62,299","$74,380"
50,Fullerton,5,Postbacc,21043,Gerentology,Other Services,,,,,,
50,Fullerton,5,Postbacc,21043,Gerentology,Government,11,"$67,566","$67,708",,,
50,Fullerton,5,Postbacc,21043,Gerentology,No Wages,77,,,118,,
50,Fullerton,5,Postbacc,21043,Gerentology,Wages - No NAICS Code,6,"$46,514","$50,198",,,
50,Fullerton,5,Postbacc,22021,Anthropology,Utilities,,,,,,
50,Fullerton,5,Postbacc,22021,Anthropology,Manufacturing,,,,,,
50,Fullerton,5,Postbacc,22021,Anthropology,Wholesale Trade,,,,,,
50,Fullerton,5,Postbacc,22021,Anthropology,Retail Trade,5,"$32,134","$38,729",,,
50,Fullerton,5,Postbacc,22021,Anthropology,Transportation & Warehousing,,,,,,
50,Fullerton,5,Postbacc,22021,Anthropology,Finance & Insurance,8,"$89,948","$85,168",,,
50,Fullerton,5,Postbacc,22021,Anthropology,Real Estate & Rental & Leasing,,,,,,
50,Fullerton,5,Postbacc,22021,Anthropology,"Professional, Scientific, & Technical Skills",27,"$50,838","$56,840",11,"$73,549","$95,568"
50,Fullerton,5,Postbacc,22021,Anthropology,Admin & Support & Waste Mgmt & Remediation,5,"$60,678","$60,222",7,"$24,874","$49,227"
50,Fullerton,5,Postbacc,22021,Anthropology,Educational Services,60,"$49,147","$55,023",31,"$56,461","$62,329"
50,Fullerton,5,Postbacc,22021,Anthropology,Health Care & Social Assistance,7,"$64,001","$59,081",8,"$35,052","$43,933"
50,Fullerton,5,Postbacc,22021,Anthropology,"Arts, Entertainment, & Recreation",5,"$63,532","$64,063",,,
50,Fullerton,5,Postbacc,22021,Anthropology,Accommodation & Food Services,,,,,,
50,Fullerton,5,Postbacc,22021,Anthropology,Other Services,7,"$43,358","$50,170",,,
50,Fullerton,5,Postbacc,22021,Anthropology,Government,9,"$65,687","$64,371",8,"$67,911","$69,410"
50,Fullerton,5,Postbacc,22021,Anthropology,No Wages,149,,,220,,
50,Fullerton,5,Postbacc,22021,Anthropology,Wages - No NAICS Code,17,"$43,911","$45,384",11,"$41,272","$45,470"
50,Fullerton,5,Postbacc,22041,Economics,Utilities,,,,,,
50,Fullerton,5,Postbacc,22041,Economics,Manufacturing,,,,,,
50,Fullerton,5,Postbacc,22041,Economics,Retail Trade,,,,,,
50,Fullerton,5,Postbacc,22041,Economics,Transportation & Warehousing,,,,,,
50,Fullerton,5,Postbacc,22041,Economics,Finance & Insurance,5,"$101,498","$110,952",,,
50,Fullerton,5,Postbacc,22041,Economics,"Professional, Scientific, & Technical Skills",5,"$81,739","$86,931",,,
50,Fullerton,5,Postbacc,22041,Economics,Educational Services,,,,,,
50,Fullerton,5,Postbacc,22041,Economics,Health Care & Social Assistance,,,,,,
50,Fullerton,5,Postbacc,22041,Economics,Other Services,,,,,,
50,Fullerton,5,Postbacc,22041,Economics,Non-Classified,,,,,,
50,Fullerton,5,Postbacc,22041,Economics,Government,,,,,,
50,Fullerton,5,Postbacc,22041,Economics,No Wages,49,,,58,,
50,Fullerton,5,Postbacc,22041,Economics,Wages - No NAICS Code,,,,,,
50,Fullerton,5,Postbacc,22051,History,"Agriculture, Forestry, Fishing, & Hunting",,,,,,
50,Fullerton,5,Postbacc,22051,History,Mining,,,,,,
50,Fullerton,5,Postbacc,22051,History,Utilities,,,,,,
50,Fullerton,5,Postbacc,22051,History,Construction,,,,,,
50,Fullerton,5,Postbacc,22051,History,Manufacturing,,,,,,
50,Fullerton,5,Postbacc,22051,History,Wholesale Trade,,,,,,
50,Fullerton,5,Postbacc,22051,History,Retail Trade,,,,,,
50,Fullerton,5,Postbacc,22051,History,Transportation & Warehousing,,,,,,
50,Fullerton,5,Postbacc,22051,History,Information,,,,,,
50,Fullerton,5,Postbacc,22051,History,Finance & Insurance,5,"$79,297","$81,890",,,
50,Fullerton,5,Postbacc,22051,History,Real Estate & Rental & Leasing,,,,,,
50,Fullerton,5,Postbacc,22051,History,"Professional, Scientific, & Technical Skills",12,"$62,754","$69,998",,,
50,Fullerton,5,Postbacc,22051,History,Management of Companies & Enterprises,,,,,,
50,Fullerton,5,Postbacc,22051,History,Admin & Support & Waste Mgmt & Remediation,,,,,,
50,Fullerton,5,Postbacc,22051,History,Educational Services,80,"$67,272","$62,735",43,"$80,792","$73,529"
50,Fullerton,5,Postbacc,22051,History,Health Care & Social Assistance,6,"$40,681","$44,434",,,
50,Fullerton,5,Postbacc,22051,History,"Arts, Entertainment, & Recreation",,,,,,
50,Fullerton,5,Postbacc,22051,History,Accommodation & Food Services,,,,,,
50,Fullerton,5,Postbacc,22051,History,Other Services,,,,,,
50,Fullerton,5,Postbacc,22051,History,Non-Classified,,,,,,
50,Fullerton,5,Postbacc,22051,History,Government,6,"$79,708","$72,893",,,
50,Fullerton,5,Postbacc,22051,History,No Wages,192,,,266,,
50,Fullerton,5,Postbacc,22051,History,Wages - No NAICS Code,11,"$41,185","$45,884",9,"$53,768","$67,455"
50,Fullerton,5,Postbacc,22061 + 22063,Geography,Utilities,,,,,,
50,Fullerton,5,Postbacc,22061 + 22063,Geography,Construction,,,,,,
50,Fullerton,5,Postbacc,22061 + 22063,Geography,Manufacturing,,,,,,
50,Fullerton,5,Postbacc,22061 + 22063,Geography,Retail Trade,,,,,,
50,Fullerton,5,Postbacc,22061 + 22063,Geography,Transportation & Warehousing,,,,,,
50,Fullerton,5,Postbacc,22061 + 22063,Geography,Information,,,,,,
50,Fullerton,5,Postbacc,22061 + 22063,Geography,Finance & Insurance,,,,,,
50,Fullerton,5,Postbacc,22061 + 22063,Geography,"Professional, Scientific, & Technical Skills",,,,,,
50,Fullerton,5,Postbacc,22061 + 22063,Geography,Admin & Support & Waste Mgmt & Remediation,,,,,,
50,Fullerton,5,Postbacc,22061 + 22063,Geography,Educational Services,17,"$73,882","$59,714",6,"$91,315","$89,246"
50,Fullerton,5,Postbacc,22061 + 22063,Geography,Accommodation & Food Services,,,,,,
50,Fullerton,5,Postbacc,22061 + 22063,Geography,Other Services,,,,,,
50,Fullerton,5,Postbacc,22061 + 22063,Geography,Government,,,,,,
50,Fullerton,5,Postbacc,22061 + 22063,Geography,No Wages,44,,,72,,
50,Fullerton,5,Postbacc,22061 + 22063,Geography,Wages - No NAICS Code,8,"$60,921","$82,817",,,
50,Fullerton,5,Postbacc,22071,Political Science,Utilities,,,,,,
50,Fullerton,5,Postbacc,22071,Political Science,Construction,,,,,,
50,Fullerton,5,Postbacc,22071,Political Science,Manufacturing,,,,,,
50,Fullerton,5,Postbacc,22071,Political Science,Wholesale Trade,6,"$51,153","$76,888",,,
50,Fullerton,5,Postbacc,22071,Political Science,Retail Trade,,,,,,
50,Fullerton,5,Postbacc,22071,Political Science,Transportation & Warehousing,,,,,,
50,Fullerton,5,Postbacc,22071,Political Science,Information,,,,,,
50,Fullerton,5,Postbacc,22071,Political Science,Finance & Insurance,7,"$56,932","$58,487",,,
50,Fullerton,5,Postbacc,22071,Political Science,Real Estate & Rental & Leasing,,,,,,
50,Fullerton,5,Postbacc,22071,Political Science,"Professional, Scientific, & Technical Skills",18,"$59,298","$88,329",6,"$83,113","$88,132"
50,Fullerton,5,Postbacc,22071,Political Science,Management of Companies & Enterprises,,,,,,
50,Fullerton,5,Postbacc,22071,Political Science,Admin & Support & Waste Mgmt & Remediation,6,"$46,792","$38,663",,,
50,Fullerton,5,Postbacc,22071,Political Science,Educational Services,44,"$61,817","$60,320",24,"$79,721","$73,717"
50,Fullerton,5,Postbacc,22071,Political Science,Health Care & Social Assistance,,,,,,
50,Fullerton,5,Postbacc,22071,Political Science,"Arts, Entertainment, & Recreation",,,,,,
50,Fullerton,5,Postbacc,22071,Political Science,Accommodation & Food Services,,,,,,
50,Fullerton,5,Postbacc,22071,Political Science,Other Services,,,,,,
50,Fullerton,5,Postbacc,22071,Political Science,Government,15,"$68,419","$67,873",7,"$101,430","$93,119"
50,Fullerton,5,Postbacc,22071,Political Science,No Wages,99,,,179,,
50,Fullerton,5,Postbacc,22071,Political Science,Wages - No NAICS Code,9,"$12,095","$34,917",,,
50,Fullerton,5,Postbacc,22081,Sociology,Construction,,,,,,
50,Fullerton,5,Postbacc,22081,Sociology,Manufacturing,,,,,,
50,Fullerton,5,Postbacc,22081,Sociology,Wholesale Trade,,,,,,
50,Fullerton,5,Postbacc,22081,Sociology,Retail Trade,,,,,,
50,Fullerton,5,Postbacc,22081,Sociology,Transportation & Warehousing,,,,,,
50,Fullerton,5,Postbacc,22081,Sociology,Information,,,,,,
50,Fullerton,5,Postbacc,22081,Sociology,Finance & Insurance,6,"$79,671","$64,068",,,
50,Fullerton,5,Postbacc,22081,Sociology,Real Estate & Rental & Leasing,,,,,,
50,Fullerton,5,Postbacc,22081,Sociology,"Professional, Scientific, & Technical Skills",8,"$89,091","$86,692",,,
50,Fullerton,5,Postbacc,22081,Sociology,Admin & Support & Waste Mgmt & Remediation,,,,,,
50,Fullerton,5,Postbacc,22081,Sociology,Educational Services,57,"$55,875","$60,736",31,"$49,716","$53,743"
50,Fullerton,5,Postbacc,22081,Sociology,Health Care & Social Assistance,15,"$64,093","$68,443",10,"$58,497","$66,321"
50,Fullerton,5,Postbacc,22081,Sociology,"Arts, Entertainment, & Recreation",,,,,,
50,Fullerton,5,Postbacc,22081,Sociology,Accommodation & Food Services,,,,,,
50,Fullerton,5,Postbacc,22081,Sociology,Other Services,,,,5,"$72,392","$68,555"
50,Fullerton,5,Postbacc,22081,Sociology,Non-Classified,,,,,,
50,Fullerton,5,Postbacc,22081,Sociology,Government,15,"$82,763","$82,242",7,"$98,395","$105,125"
50,Fullerton,5,Postbacc,22081,Sociology,No Wages,111,,,171,,
50,Fullerton,5,Postbacc,22081,Sociology,Wages - No NAICS Code,11,"$59,083","$53,743",8,"$48,004","$49,937"
50,Fullerton,5,Postbacc,49011,Environmental Studies,Utilities,20,"$103,466","$97,521",10,"$117,812","$121,618"
50,Fullerton,5,Postbacc,49011,Environmental Studies,Construction,,,,,,
50,Fullerton,5,Postbacc,49011,Environmental Studies,Manufacturing,9,"$87,081","$86,716",,,
50,Fullerton,5,Postbacc,49011,Environmental Studies,Wholesale Trade,7,"$46,019","$52,405",,,
50,Fullerton,5,Postbacc,49011,Environmental Studies,Retail Trade,,,,,,
50,Fullerton,5,Postbacc,49011,Environmental Studies,Transportation & Warehousing,,,,,,
50,Fullerton,5,Postbacc,49011,Environmental Studies,Information,,,,,,
50,Fullerton,5,Postbacc,49011,Environmental Studies,Finance & Insurance,,,,,,
50,Fullerton,5,Postbacc,49011,Environmental Studies,"Professional, Scientific, & Technical Skills",63,"$76,327","$80,939",34,"$87,888","$83,411"
50,Fullerton,5,Postbacc,49011,Environmental Studies,Admin & Support & Waste Mgmt & Remediation,5,"$83,553","$95,807",,,
50,Fullerton,5,Postbacc,49011,Environmental Studies,Educational Services,31,"$63,155","$60,737",15,"$72,042","$67,900"
50,Fullerton,5,Postbacc,49011,Environmental Studies,Health Care & Social Assistance,,,,,,
50,Fullerton,5,Postbacc,49011,Environmental Studies,"Arts, Entertainment, & Recreation",,,,,,
50,Fullerton,5,Postbacc,49011,Environmental Studies,Other Services,8,"$57,030","$56,051",,,
50,Fullerton,5,Postbacc,49011,Environmental Studies,Government,24,"$84,524","$87,718",18,"$110,930","$116,685"
50,Fullerton,5,Postbacc,49011,Environmental Studies,No Wages,175,,,267,,
50,Fullerton,5,Postbacc,49011,Environmental Studies,Wages - No NAICS Code,23,"$74,211","$67,762",10,"$74,204","$62,864"
50,Fullerton,5,Postbacc,49023,Science (Interdisciplinary),Educational Services,50,"$96,421","$95,608",39,"$95,734","$88,958"
50,Fullerton,5,Postbacc,49023,Science (Interdisciplinary),Other Services,,,,,,
50,Fullerton,5,Postbacc,49023,Science (Interdisciplinary),No Wages,12,,,22,,
50,Fullerton,5,Postbacc,49023,Science (Interdisciplinary),Wages - No NAICS Code,,,,,,
50,Fullerton,5,Postbacc,49993,Special Major (Interdisciplinary),No Wages,,,,,,
50,Fullerton,6,Postbacc,03131,American Studies,Utilities,,,,,,
50,Fullerton,6,Postbacc,03131,American Studies,Manufacturing,,,,,,
50,Fullerton,6,Postbacc,03131,American Studies,Wholesale Trade,,,,,,
50,Fullerton,6,Postbacc,03131,American Studies,Retail Trade,,,,,,
50,Fullerton,6,Postbacc,03131,American Studies,Finance & Insurance,,,,,,
50,Fullerton,6,Postbacc,03131,American Studies,Real Estate & Rental & Leasing,,,,,,
50,Fullerton,6,Postbacc,03131,American Studies,"Professional, Scientific, & Technical Skills",,,,,,
50,Fullerton,6,Postbacc,03131,American Studies,Admin & Support & Waste Mgmt & Remediation,,,,,,
50,Fullerton,6,Postbacc,03131,American Studies,Educational Services,15,"$52,252","$50,684",10,"$70,684","$64,432"
50,Fullerton,6,Postbacc,03131,American Studies,Health Care & Social Assistance,,,,,,
50,Fullerton,6,Postbacc,03131,American Studies,Accommodation & Food Services,,,,,,
50,Fullerton,6,Postbacc,03131,American Studies,Other Services,,,,,,
50,Fullerton,6,Postbacc,03131,American Studies,Government,6,"$75,196","$82,848",,,
50,Fullerton,6,Postbacc,03131,American Studies,No Wages,24,,,45,,
50,Fullerton,6,Postbacc,04011,Biology,Manufacturing,,,,,,
50,Fullerton,6,Postbacc,04011,Biology,Wholesale Trade,,,,,,
50,Fullerton,6,Postbacc,04011,Biology,"Professional, Scientific, & Technical Skills",,,,,,
50,Fullerton,6,Postbacc,04011,Biology,Admin & Support & Waste Mgmt & Remediation,,,,,,
50,Fullerton,6,Postbacc,04011,Biology,Educational Services,6,"$57,918","$55,966",,,
50,Fullerton,6,Postbacc,04011,Biology,Health Care & Social Assistance,7,"$44,277","$60,960",,,
50,Fullerton,6,Postbacc,04011,Biology,Accommodation & Food Services,,,,,,
50,Fullerton,6,Postbacc,04011,Biology,Other Services,,,,,,
50,Fullerton,6,Postbacc,04011,Biology,No Wages,24,,,37,,
50,Fullerton,6,Postbacc,04011,Biology,Wages - No NAICS Code,,,,,,
50,Fullerton,6,Postbacc,04991,Biotechnology,Manufacturing,,,,,,
50,Fullerton,6,Postbacc,04991,Biotechnology,No Wages,,,,,,
50,Fullerton,6,Postbacc,05011,Business Administration,"Agriculture, Forestry, Fishing, & Hunting",,,,,,
50,Fullerton,6,Postbacc,05011,Business Administration,Utilities,,,,,,
50,Fullerton,6,Postbacc,05011,Business Administration,Construction,,,,,,
50,Fullerton,6,Postbacc,05011,Business Administration,Manufacturing,13,"$81,724","$87,057",10,"$111,509","$113,072"
50,Fullerton,6,Postbacc,05011,Business Administration,Wholesale Trade,20,"$91,139","$91,117",11,"$94,150","$100,060"
50,Fullerton,6,Postbacc,05011,Business Administration,Retail Trade,8,"$57,289","$67,324",,,
50,Fullerton,6,Postbacc,05011,Business Administration,Transportation & Warehousing,,,,,,
50,Fullerton,6,Postbacc,05011,Business Administration,Information,6,"$64,075","$97,249",,,
50,Fullerton,6,Postbacc,05011,Business Administration,Finance & Insurance,16,"$91,788","$120,618",15,"$64,815","$138,010"
50,Fullerton,6,Postbacc,05011,Business Administration,Real Estate & Rental & Leasing,6,"$56,877","$85,057",,,
50,Fullerton,6,Postbacc,05011,Business Administration,"Professional, Scientific, & Technical Skills",18,"$91,183","$88,499",15,"$109,601","$113,397"
50,Fullerton,6,Postbacc,05011,Business Administration,Admin & Support & Waste Mgmt & Remediation,9,"$86,778","$95,275",,,
50,Fullerton,6,Postbacc,05011,Business Administration,Educational Services,,,,,,
50,Fullerton,6,Postbacc,05011,Business Administration,Health Care & Social Assistance,9,"$58,203","$71,312",6,"$60,667","$83,281"
50,Fullerton,6,Postbacc,05011,Business Administration,"Arts, Entertainment, & Recreation",,,,,,
50,Fullerton,6,Postbacc,05011,Business Administration,Accommodation & Food Services,,,,,,
50,Fullerton,6,Postbacc,05011,Business Administration,Other Services,,,,,,
50,Fullerton,6,Postbacc,05011,Business Administration,Non-Classified,,,,,,
50,Fullerton,6,Postbacc,05011,Business Administration,Government,6,"$72,142","$72,908",5,"$95,383","$95,750"
50,Fullerton,6,Postbacc,05011,Business Administration,No Wages,93,,,138,,
50,Fullerton,6,Postbacc,05011,Business Administration,Wages - No NAICS Code,6,"$18,366","$36,741",8,"$19,500","$45,193"
50,Fullerton,6,Postbacc,05021,Accounting,Utilities,,,,,,
50,Fullerton,6,Postbacc,05021,Accounting,Construction,,,,,,
50,Fullerton,6,Postbacc,05021,Accounting,Manufacturing,7,"$57,910","$65,787",5,"$95,151","$89,106"
50,Fullerton,6,Postbacc,05021,Accounting,Wholesale Trade,7,"$86,029","$174,431",5,"$96,198","$357,839"
50,Fullerton,6,Postbacc,05021,Accounting,Retail Trade,,,,,,
50,Fullerton,6,Postbacc,05021,Accounting,Transportation & Warehousing,,,,,,
50,Fullerton,6,Postbacc,05021,Accounting,Information,,,,,,
50,Fullerton,6,Postbacc,05021,Accounting,Finance & Insurance,10,"$43,205","$59,664",,,
50,Fullerton,6,Postbacc,05021,Accounting,Real Estate & Rental & Leasing,,,,,,
50,Fullerton,6,Postbacc,05021,Accounting,"Professional, Scientific, & Technical Skills",17,"$67,817","$75,413",7,"$96,061","$92,740"
50,Fullerton,6,Postbacc,05021,Accounting,Management of Companies & Enterprises,,,,,,
50,Fullerton,6,Postbacc,05021,Accounting,Admin & Support & Waste Mgmt & Remediation,,,,5,"$89,617","$87,292"
50,Fullerton,6,Postbacc,05021,Accounting,Educational Services,,,,,,
50,Fullerton,6,Postbacc,05021,Accounting,Health Care & Social Assistance,,,,,,
50,Fullerton,6,Postbacc,05021,Accounting,"Arts, Entertainment, & Recreation",,,,,,
50,Fullerton,6,Postbacc,05021,Accounting,Accommodation & Food Services,,,,,,
50,Fullerton,6,Postbacc,05021,Accounting,Other Services,,,,,,
50,Fullerton,6,Postbacc,05021,Accounting,Government,,,,,,
50,Fullerton,6,Postbacc,05021,Accounting,No Wages,60,,,85,,
50,Fullerton,6,Postbacc,05021,Accounting,Wages - No NAICS Code,5,"$47,500","$49,322",,,
50,Fullerton,6,Postbacc,05022,Taxation,Construction,,,,,,
50,Fullerton,6,Postbacc,05022,Taxation,Manufacturing,,,,,,
50,Fullerton,6,Postbacc,05022,Taxation,Wholesale Trade,,,,,,
50,Fullerton,6,Postbacc,05022,Taxation,Retail Trade,,,,,,
50,Fullerton,6,Postbacc,05022,Taxation,Transportation & Warehousing,,,,,,
50,Fullerton,6,Postbacc,05022,Taxation,Finance & Insurance,5,"$111,060","$118,111",,,
50,Fullerton,6,Postbacc,05022,Taxation,Real Estate & Rental & Leasing,,,,,,
50,Fullerton,6,Postbacc,05022,Taxation,"Professional, Scientific, & Technical Skills",8,"$96,414","$96,250",6,"$67,967","$70,045"
50,Fullerton,6,Postbacc,05022,Taxation,Management of Companies & Enterprises,,,,,,
50,Fullerton,6,Postbacc,05022,Taxation,Admin & Support & Waste Mgmt & Remediation,,,,,,
50,Fullerton,6,Postbacc,05022,Taxation,Educational Services,,,,,,
50,Fullerton,6,Postbacc,05022,Taxation,Health Care & Social Assistance,,,,,,
50,Fullerton,6,Postbacc,05022,Taxation,Accommodation & Food Services,,,,,,
50,Fullerton,6,Postbacc,05022,Taxation,Other Services,,,,,,
50,Fullerton,6,Postbacc,05022,Taxation,Government,,,,,,
50,Fullerton,6,Postbacc,05022,Taxation,No Wages,26,,,40,,
50,Fullerton,6,Postbacc,05022,Taxation,Wages - No NAICS Code,,,,,,
50,Fullerton,6,Postbacc,05041,Finance,Utilities,,,,,,
50,Fullerton,6,Postbacc,05041,Finance,Wholesale Trade,,,,,,
50,Fullerton,6,Postbacc,05041,Finance,Retail Trade,,,,,,
50,Fullerton,6,Postbacc,05041,Finance,Information,,,,,,
50,Fullerton,6,Postbacc,05041,Finance,Finance & Insurance,6,"$108,449","$102,372",,,
50,Fullerton,6,Postbacc,05041,Finance,Real Estate & Rental & Leasing,,,,,,
50,Fullerton,6,Postbacc,05041,Finance,"Professional, Scientific, & Technical Skills",,,,,,
50,Fullerton,6,Postbacc,05041,Finance,Management of Companies & Enterprises,,,,,,
50,Fullerton,6,Postbacc,05041,Finance,Admin & Support & Waste Mgmt & Remediation,,,,,,
50,Fullerton,6,Postbacc,05041,Finance,Educational Services,,,,,,
50,Fullerton,6,Postbacc,05041,Finance,Health Care & Social Assistance,,,,,,
50,Fullerton,6,Postbacc,05041,Finance,Accommodation & Food Services,,,,,,
50,Fullerton,6,Postbacc,05041,Finance,Non-Classified,,,,,,
50,Fullerton,6,Postbacc,05041,Finance,Government,,,,,,
50,Fullerton,6,Postbacc,05041,Finance,No Wages,16,,,29,,
50,Fullerton,6,Postbacc,05041,Finance,Wages - No NAICS Code,,,,,,
50,Fullerton,6,Postbacc,05061,Management,"Agriculture, Forestry, Fishing, & Hunting",,,,,,
50,Fullerton,6,Postbacc,05061,Management,Manufacturing,,,,,,
50,Fullerton,6,Postbacc,05061,Management,Wholesale Trade,,,,,,
50,Fullerton,6,Postbacc,05061,Management,Retail Trade,,,,,,
50,Fullerton,6,Postbacc,05061,Management,Transportation & Warehousing,,,,,,
50,Fullerton,6,Postbacc,05061,Management,Information,,,,,,
50,Fullerton,6,Postbacc,05061,Management,Finance & Insurance,,,,,,
50,Fullerton,6,Postbacc,05061,Management,"Professional, Scientific, & Technical Skills",,,,,,
50,Fullerton,6,Postbacc,05061,Management,Admin & Support & Waste Mgmt & Remediation,,,,,,
50,Fullerton,6,Postbacc,05061,Management,Health Care & Social Assistance,,,,,,
50,Fullerton,6,Postbacc,05061,Management,"Arts, Entertainment, & Recreation",,,,,,
50,Fullerton,6,Postbacc,05061,Management,Government,,,,,,
50,Fullerton,6,Postbacc,05061,Management,No Wages,7,,,16,,
50,Fullerton,6,Postbacc,05061,Management,Wages - No NAICS Code,,,,,,
50,Fullerton,6,Postbacc,05065,Management Information Technology,Information,,,,,,
50,Fullerton,6,Postbacc,05065,Management Information Technology,"Professional, Scientific, & Technical Skills",,,,,,
50,Fullerton,6,Postbacc,05065,Management Information Technology,Admin & Support & Waste Mgmt & Remediation,,,,,,
50,Fullerton,6,Postbacc,05065,Management Information Technology,Educational Services,,,,,,
50,Fullerton,6,Postbacc,05065,Management Information Technology,Accommodation & Food Services,,,,,,
50,Fullerton,6,Postbacc,05065,Management Information Technology,No Wages,9,,,16,,
50,Fullerton,6,Postbacc,05065,Management Information Technology,Wages - No NAICS Code,,,,,,
50,Fullerton,6,Postbacc,05072,Management Systems Analysis / Operations Research,Utilities,,,,,,
50,Fullerton,6,Postbacc,05072,Management Systems Analysis / Operations Research,Construction,,,,,,
50,Fullerton,6,Postbacc,05072,Management Systems Analysis / Operations Research,Manufacturing,,,,,,
50,Fullerton,6,Postbacc,05072,Management Systems Analysis / Operations Research,Wholesale Trade,,,,,,
50,Fullerton,6,Postbacc,05072,Management Systems Analysis / Operations Research,Retail Trade,,,,,,
50,Fullerton,6,Postbacc,05072,Management Systems Analysis / Operations Research,Transportation & Warehousing,,,,,,
50,Fullerton,6,Postbacc,05072,Management Systems Analysis / Operations Research,Information,,,,,,
50,Fullerton,6,Postbacc,05072,Management Systems Analysis / Operations Research,Finance & Insurance,6,"$109,280","$110,494",5,"$63,003","$84,826"
50,Fullerton,6,Postbacc,05072,Management Systems Analysis / Operations Research,Real Estate & Rental & Leasing,,,,,,
50,Fullerton,6,Postbacc,05072,Management Systems Analysis / Operations Research,"Professional, Scientific, & Technical Skills",6,"$94,837","$108,242",,,
50,Fullerton,6,Postbacc,05072,Management Systems Analysis / Operations Research,Admin & Support & Waste Mgmt & Remediation,,,,,,
50,Fullerton,6,Postbacc,05072,Management Systems Analysis / Operations Research,Educational Services,,,,,,
50,Fullerton,6,Postbacc,05072,Management Systems Analysis / Operations Research,Health Care & Social Assistance,,,,,,
50,Fullerton,6,Postbacc,05072,Management Systems Analysis / Operations Research,No Wages,13,,,19,,
50,Fullerton,6,Postbacc,05072,Management Systems Analysis / Operations Research,Wages - No NAICS Code,,,,,,
50,Fullerton,6,Postbacc,05091,Marketing,Construction,,,,,,
50,Fullerton,6,Postbacc,05091,Marketing,Manufacturing,,,,,,
50,Fullerton,6,Postbacc,05091,Marketing,Wholesale Trade,5,"$64,652","$63,976",,,
50,Fullerton,6,Postbacc,05091,Marketing,Information,,,,,,
50,Fullerton,6,Postbacc,05091,Marketing,Finance & Insurance,,,,,,
50,Fullerton,6,Postbacc,05091,Marketing,Real Estate & Rental & Leasing,,,,,,
50,Fullerton,6,Postbacc,05091,Marketing,"Professional, Scientific, & Technical Skills",,,,,,
50,Fullerton,6,Postbacc,05091,Marketing,Admin & Support & Waste Mgmt & Remediation,,,,,,
50,Fullerton,6,Postbacc,05091,Marketing,Educational Services,,,,,,
50,Fullerton,6,Postbacc,05091,Marketing,"Arts, Entertainment, & Recreation",,,,,,
50,Fullerton,6,Postbacc,05091,Marketing,No Wages,11,,,24,,
50,Fullerton,6,Postbacc,05992,Public Relations,Manufacturing,,,,,,
50,Fullerton,6,Postbacc,05992,Public Relations,Wholesale Trade,,,,,,
50,Fullerton,6,Postbacc,05992,Public Relations,Retail Trade,,,,,,
50,Fullerton,6,Postbacc,05992,Public Relations,Finance & Insurance,,,,,,
50,Fullerton,6,Postbacc,05992,Public Relations,Real Estate & Rental & Leasing,,,,,,
50,Fullerton,6,Postbacc,05992,Public Relations,"Professional, Scientific, & Technical Skills",,,,,,
50,Fullerton,6,Postbacc,05992,Public Relations,Admin & Support & Waste Mgmt & Remediation,,,,,,
50,Fullerton,6,Postbacc,05992,Public Relations,Accommodation & Food Services,,,,,,
50,Fullerton,6,Postbacc,05992,Public Relations,Government,,,,,,
50,Fullerton,6,Postbacc,05992,Public Relations,No Wages,8,,,9,,
50,Fullerton,6,Postbacc,06011,Communications,Manufacturing,,,,,,
50,Fullerton,6,Postbacc,06011,Communications,Wholesale Trade,,,,,,
50,Fullerton,6,Postbacc,06011,Communications,Retail Trade,,,,,,
50,Fullerton,6,Postbacc,06011,Communications,Transportation & Warehousing,,,,,,
50,Fullerton,6,Postbacc,06011,Communications,Information,,,,,,
50,Fullerton,6,Postbacc,06011,Communications,"Professional, Scientific, & Technical Skills",,,,,,
50,Fullerton,6,Postbacc,06011,Communications,Management of Companies & Enterprises,,,,,,
50,Fullerton,6,Postbacc,06011,Communications,Admin & Support & Waste Mgmt & Remediation,,,,,,
50,Fullerton,6,Postbacc,06011,Communications,Educational Services,,,,,,
50,Fullerton,6,Postbacc,06011,Communications,Health Care & Social Assistance,,,,,,
50,Fullerton,6,Postbacc,06011,Communications,Accommodation & Food Services,,,,,,
50,Fullerton,6,Postbacc,06011,Communications,Other Services,,,,,,
50,Fullerton,6,Postbacc,06011,Communications,Government,,,,,,
50,Fullerton,6,Postbacc,06011,Communications,No Wages,23,,,33,,
50,Fullerton,6,Postbacc,06011,Communications,Wages - No NAICS Code,,,,,,
50,Fullerton,6,Postbacc,06021,Journalism,Construction,,,,,,
50,Fullerton,6,Postbacc,06021,Journalism,Information,,,,,,
50,Fullerton,6,Postbacc,06021,Journalism,Finance & Insurance,,,,,,
50,Fullerton,6,Postbacc,06021,Journalism,"Professional, Scientific, & Technical Skills",,,,,,
50,Fullerton,6,Postbacc,06021,Journalism,Admin & Support & Waste Mgmt & Remediation,,,,,,
50,Fullerton,6,Postbacc,06021,Journalism,Educational Services,,,,,,
50,Fullerton,6,Postbacc,06021,Journalism,Health Care & Social Assistance,,,,,,
50,Fullerton,6,Postbacc,06021,Journalism,"Arts, Entertainment, & Recreation",,,,,,
50,Fullerton,6,Postbacc,06021,Journalism,Accommodation & Food Services,,,,,,
50,Fullerton,6,Postbacc,06021,Journalism,No Wages,6,,,9,,
50,Fullerton,6,Postbacc,06021,Journalism,Wages - No NAICS Code,5,"$8,195","$14,880",,,
50,Fullerton,6,Postbacc,06031,Radio/Television/Broadcast,Wholesale Trade,,,,,,
50,Fullerton,6,Postbacc,06031,Radio/Television/Broadcast,Retail Trade,,,,,,
50,Fullerton,6,Postbacc,06031,Radio/Television/Broadcast,"Professional, Scientific, & Technical Skills",,,,,,
50,Fullerton,6,Postbacc,06031,Radio/Television/Broadcast,"Arts, Entertainment, & Recreation",,,,,,
50,Fullerton,6,Postbacc,06031,Radio/Television/Broadcast,No Wages,6,,,7,,
50,Fullerton,6,Postbacc,06031,Radio/Television/Broadcast,Wages - No NAICS Code,,,,,,
50,Fullerton,6,Postbacc,06034,Screenwriting,No Wages,6,,,6,,
50,Fullerton,6,Postbacc,06041,Advertising,Construction,,,,,,
50,Fullerton,6,Postbacc,06041,Advertising,Information,,,,,,
50,Fullerton,6,Postbacc,06041,Advertising,"Professional, Scientific, & Technical Skills",,,,,,
50,Fullerton,6,Postbacc,06041,Advertising,Management of Companies & Enterprises,,,,,,
50,Fullerton,6,Postbacc,06041,Advertising,Health Care & Social Assistance,,,,,,
50,Fullerton,6,Postbacc,06041,Advertising,Government,,,,,,
50,Fullerton,6,Postbacc,06041,Advertising,No Wages,,,,6,,
50,Fullerton,6,Postbacc,06041,Advertising,Wages - No NAICS Code,,,,,,
50,Fullerton,6,Postbacc,07011,Computer Science and Information Technology,Utilities,,,,,,
50,Fullerton,6,Postbacc,07011,Computer Science and Information Technology,Construction,,,,,,
50,Fullerton,6,Postbacc,07011,Computer Science and Information Technology,Manufacturing,59,"$102,668","$98,648",42,"$116,330","$110,718"
50,Fullerton,6,Postbacc,07011,Computer Science and Information Technology,Wholesale Trade,22,"$76,704","$85,411",12,"$81,089","$85,442"
50,Fullerton,6,Postbacc,07011,Computer Science and Information Technology,Retail Trade,11,"$101,447","$106,479",5,"$68,681","$81,514"
50,Fullerton,6,Postbacc,07011,Computer Science and Information Technology,Transportation & Warehousing,,,,,,
50,Fullerton,6,Postbacc,07011,Computer Science and Information Technology,Information,18,"$117,536","$128,598",11,"$116,323","$183,663"
50,Fullerton,6,Postbacc,07011,Computer Science and Information Technology,Finance & Insurance,19,"$100,489","$105,015",13,"$127,037","$248,555"
50,Fullerton,6,Postbacc,07011,Computer Science and Information Technology,Real Estate & Rental & Leasing,,,,,,
50,Fullerton,6,Postbacc,07011,Computer Science and Information Technology,"Professional, Scientific, & Technical Skills",50,"$90,396","$90,142",27,"$78,996","$75,633"
50,Fullerton,6,Postbacc,07011,Computer Science and Information Technology,Management of Companies & Enterprises,,,,,,
50,Fullerton,6,Postbacc,07011,Computer Science and Information Technology,Admin & Support & Waste Mgmt & Remediation,10,"$87,145","$84,116",9,"$97,054","$107,789"
50,Fullerton,6,Postbacc,07011,Computer Science and Information Technology,Educational Services,15,"$60,542","$63,863",7,"$89,511","$88,770"
50,Fullerton,6,Postbacc,07011,Computer Science and Information Technology,Health Care & Social Assistance,12,"$76,049","$72,003",10,"$89,209","$93,172"
50,Fullerton,6,Postbacc,07011,Computer Science and Information Technology,"Arts, Entertainment, & Recreation",,,,,,
50,Fullerton,6,Postbacc,07011,Computer Science and Information Technology,Accommodation & Food Services,,,,,,
50,Fullerton,6,Postbacc,07011,Computer Science and Information Technology,Other Services,,,,,,
50,Fullerton,6,Postbacc,07011,Computer Science and Information Technology,Non-Classified,,,,,,
50,Fullerton,6,Postbacc,07011,Computer Science and Information Technology,Government,17,"$89,119","$94,086",13,"$101,493","$103,812"
50,Fullerton,6,Postbacc,07011,Computer Science and Information Technology,No Wages,148,,,234,,
50,Fullerton,6,Postbacc,07011,Computer Science and Information Technology,Wages - No NAICS Code,10,"$20,512","$35,835",9,"$67,243","$64,169"
50,Fullerton,6,Postbacc,07021,Information Systems,Manufacturing,,,,,,
50,Fullerton,6,Postbacc,07021,Information Systems,Retail Trade,,,,,,
50,Fullerton,6,Postbacc,07021,Information Systems,Information,,,,,,
50,Fullerton,6,Postbacc,07021,Information Systems,Finance & Insurance,,,,,,
50,Fullerton,6,Postbacc,07021,Information Systems,"Professional, Scientific, & Technical Skills",,,,,,
50,Fullerton,6,Postbacc,07021,Information Systems,Educational Services,,,,,,
50,Fullerton,6,Postbacc,07021,Information Systems,Health Care & Social Assistance,,,,,,
50,Fullerton,6,Postbacc,07021,Information Systems,No Wages,7,,,18,,
50,Fullerton,6,Postbacc,07052,Software Engineering,Manufacturing,8,"$102,104","$104,264",,,
50,Fullerton,6,Postbacc,07052,Software Engineering,Wholesale Trade,,,,,,
50,Fullerton,6,Postbacc,07052,Software Engineering,Retail Trade,,,,,,
50,Fullerton,6,Postbacc,07052,Software Engineering,Information,5,"$99,234","$94,378",,,
50,Fullerton,6,Postbacc,07052,Software Engineering,Finance & Insurance,,,,,,
50,Fullerton,6,Postbacc,07052,Software Engineering,"Professional, Scientific, & Technical Skills",5,"$95,690","$101,453",,,
50,Fullerton,6,Postbacc,07052,Software Engineering,Admin & Support & Waste Mgmt & Remediation,,,,,,
50,Fullerton,6,Postbacc,07052,Software Engineering,Educational Services,,,,,,
50,Fullerton,6,Postbacc,07052,Software Engineering,Accommodation & Food Services,,,,,,
50,Fullerton,6,Postbacc,07052,Software Engineering,Government,,,,,,
50,Fullerton,6,Postbacc,07052,Software Engineering,No Wages,48,,,75,,
50,Fullerton,6,Postbacc,08011,Education,Admin & Support & Waste Mgmt & Remediation,,,,,,
50,Fullerton,6,Postbacc,08011,Education,Educational Services,12,"$80,081","$79,326",8,"$68,894","$58,502"
50,Fullerton,6,Postbacc,08011,Education,No Wages,,,,,,
50,Fullerton,6,Postbacc,08021,Elementary Education,Manufacturing,,,,,,
50,Fullerton,6,Postbacc,08021,Elementary Education,Retail Trade,,,,,,
50,Fullerton,6,Postbacc,08021,Elementary Education,Finance & Insurance,,,,,,
50,Fullerton,6,Postbacc,08021,Elementary Education,Educational Services,53,"$69,647","$62,015",28,"$80,823","$67,471"
50,Fullerton,6,Postbacc,08021,Elementary Education,Health Care & Social Assistance,,,,,,
50,Fullerton,6,Postbacc,08021,Elementary Education,Other Services,,,,,,
50,Fullerton,6,Postbacc,08021,Elementary Education,Government,,,,,,
50,Fullerton,6,Postbacc,08021,Elementary Education,No Wages,45,,,78,,
50,Fullerton,6,Postbacc,08021,Elementary Education,Wages - No NAICS Code,,,,,,
50,Fullerton,6,Postbacc,08031,Secondary Education,Finance & Insurance,,,,,,
50,Fullerton,6,Postbacc,08031,Secondary Education,Educational Services,7,"$78,194","$83,079",,,
50,Fullerton,6,Postbacc,08031,Secondary Education,No Wages,6,,,14,,
50,Fullerton,6,Postbacc,08051,Higher Education,Health Care & Social Assistance,,,,,,
50,Fullerton,6,Postbacc,08051,Higher Education,Other Services,,,,,,
50,Fullerton,6,Postbacc,08051,Higher Education,No Wages,24,,,27,,
50,Fullerton,6,Postbacc,08081,Special Education,Construction,,,,,,
50,Fullerton,6,Postbacc,08081,Special Education,Wholesale Trade,,,,,,
50,Fullerton,6,Postbacc,08081,Special Education,Retail Trade,,,,,,
50,Fullerton,6,Postbacc,08081,Special Education,Information,,,,,,
50,Fullerton,6,Postbacc,08081,Special Education,Finance & Insurance,,,,,,
50,Fullerton,6,Postbacc,08081,Special Education,Real Estate & Rental & Leasing,,,,,,
50,Fullerton,6,Postbacc,08081,Special Education,"Professional, Scientific, & Technical Skills",,,,,,
50,Fullerton,6,Postbacc,08081,Special Education,Admin & Support & Waste Mgmt & Remediation,,,,,,
50,Fullerton,6,Postbacc,08081,Special Education,Educational Services,169,"$74,349","$67,583",84,"$82,406","$75,053"
50,Fullerton,6,Postbacc,08081,Special Education,Health Care & Social Assistance,9,"$15,485","$30,700",,,
50,Fullerton,6,Postbacc,08081,Special Education,"Arts, Entertainment, & Recreation",,,,,,
50,Fullerton,6,Postbacc,08081,Special Education,Accommodation & Food Services,,,,,,
50,Fullerton,6,Postbacc,08081,Special Education,Other Services,,,,,,
50,Fullerton,6,Postbacc,08081,Special Education,Government,,,,,,
50,Fullerton,6,Postbacc,08081,Special Education,No Wages,102,,,190,,
50,Fullerton,6,Postbacc,08081,Special Education,Wages - No NAICS Code,,,,,,
50,Fullerton,6,Postbacc,08261,Counseling and Guidance,Construction,,,,,,
50,Fullerton,6,Postbacc,08261,Counseling and Guidance,Manufacturing,,,,,,
50,Fullerton,6,Postbacc,08261,Counseling and Guidance,Wholesale Trade,,,,,,
50,Fullerton,6,Postbacc,08261,Counseling and Guidance,Retail Trade,,,,,,
50,Fullerton,6,Postbacc,08261,Counseling and Guidance,Finance & Insurance,5,"$56,608","$97,968",,,
50,Fullerton,6,Postbacc,08261,Counseling and Guidance,Real Estate & Rental & Leasing,,,,,,
50,Fullerton,6,Postbacc,08261,Counseling and Guidance,"Professional, Scientific, & Technical Skills",7,"$57,210","$64,235",,,
50,Fullerton,6,Postbacc,08261,Counseling and Guidance,Admin & Support & Waste Mgmt & Remediation,,,,,,
50,Fullerton,6,Postbacc,08261,Counseling and Guidance,Educational Services,15,"$53,047","$59,739",9,"$77,234","$69,493"
50,Fullerton,6,Postbacc,08261,Counseling and Guidance,Health Care & Social Assistance,10,"$40,707","$41,664",6,"$73,322","$64,727"
50,Fullerton,6,Postbacc,08261,Counseling and Guidance,"Arts, Entertainment, & Recreation",,,,,,
50,Fullerton,6,Postbacc,08261,Counseling and Guidance,Accommodation & Food Services,,,,,,
50,Fullerton,6,Postbacc,08261,Counseling and Guidance,Other Services,,,,,,
50,Fullerton,6,Postbacc,08261,Counseling and Guidance,Non-Classified,,,,,,
50,Fullerton,6,Postbacc,08261,Counseling and Guidance,Government,13,"$71,017","$66,284",11,"$66,605","$61,885"
50,Fullerton,6,Postbacc,08261,Counseling and Guidance,No Wages,65,,,99,,
50,Fullerton,6,Postbacc,08261,Counseling and Guidance,Wages - No NAICS Code,9,"$24,438","$32,119",5,"$17,132","$34,629"
50,Fullerton,6,Postbacc,08271,Educational Administration,Construction,,,,,,
50,Fullerton,6,Postbacc,08271,Educational Administration,Admin & Support & Waste Mgmt & Remediation,,,,,,
50,Fullerton,6,Postbacc,08271,Educational Administration,Educational Services,220,"$95,047","$94,152",95,"$98,554","$101,831"
50,Fullerton,6,Postbacc,08271,Educational Administration,Health Care & Social Assistance,,,,,,
50,Fullerton,6,Postbacc,08271,Educational Administration,Other Services,,,,,,
50,Fullerton,6,Postbacc,08271,Educational Administration,No Wages,56,,,190,,
50,Fullerton,6,Postbacc,08271,Educational Administration,Wages - No NAICS Code,8,"$17,624","$17,401",,,
50,Fullerton,6,Postbacc,08272 + 08273,Educational Leadership (EdD),Educational Services,13,"$104,143","$109,798",,,
50,Fullerton,6,Postbacc,08272 + 08273,Educational Leadership (EdD),No Wages,28,,,42,,
50,Fullerton,6,Postbacc,08272 + 08273,Educational Leadership (EdD),Wages - No NAICS Code,,,,,,
50,Fullerton,6,Postbacc,08301,Reading Language Arts Instruction,Utilities,,,,,,
50,Fullerton,6,Postbacc,08301,Reading Language Arts Instruction,Construction,,,,,,
50,Fullerton,6,Postbacc,08301,Reading Language Arts Instruction,Wholesale Trade,,,,,,
50,Fullerton,6,Postbacc,08301,Reading Language Arts Instruction,Retail Trade,,,,,,
50,Fullerton,6,Postbacc,08301,Reading Language Arts Instruction,Finance & Insurance,,,,,,
50,Fullerton,6,Postbacc,08301,Reading Language Arts Instruction,Admin & Support & Waste Mgmt & Remediation,,,,,,
50,Fullerton,6,Postbacc,08301,Reading Language Arts Instruction,Educational Services,80,"$76,818","$66,970",40,"$83,855","$72,370"
50,Fullerton,6,Postbacc,08301,Reading Language Arts Instruction,Health Care & Social Assistance,,,,,,
50,Fullerton,6,Postbacc,08301,Reading Language Arts Instruction,Other Services,,,,,,
50,Fullerton,6,Postbacc,08301,Reading Language Arts Instruction,No Wages,84,,,127,,
50,Fullerton,6,Postbacc,08301,Reading Language Arts Instruction,Wages - No NAICS Code,,,,,,
50,Fullerton,6,Postbacc,08351,Kinesiology/Physical Education,Utilities,,,,,,
50,Fullerton,6,Postbacc,08351,Kinesiology/Physical Education,Construction,,,,,,
50,Fullerton,6,Postbacc,08351,Kinesiology/Physical Education,Manufacturing,,,,,,
50,Fullerton,6,Postbacc,08351,Kinesiology/Physical Education,Wholesale Trade,,,,,,
50,Fullerton,6,Postbacc,08351,Kinesiology/Physical Education,Retail Trade,6,"$23,270","$35,221",,,
50,Fullerton,6,Postbacc,08351,Kinesiology/Physical Education,Finance & Insurance,,,,,,
50,Fullerton,6,Postbacc,08351,Kinesiology/Physical Education,"Professional, Scientific, & Technical Skills",,,,,,
50,Fullerton,6,Postbacc,08351,Kinesiology/Physical Education,Admin & Support & Waste Mgmt & Remediation,,,,,,
50,Fullerton,6,Postbacc,08351,Kinesiology/Physical Education,Educational Services,12,"$65,104","$59,686",9,"$77,054","$72,959"
50,Fullerton,6,Postbacc,08351,Kinesiology/Physical Education,Health Care & Social Assistance,,,,5,"$97,212","$92,367"
50,Fullerton,6,Postbacc,08351,Kinesiology/Physical Education,"Arts, Entertainment, & Recreation",6,"$19,420","$37,766",,,
50,Fullerton,6,Postbacc,08351,Kinesiology/Physical Education,Accommodation & Food Services,,,,,,
50,Fullerton,6,Postbacc,08351,Kinesiology/Physical Education,Other Services,,,,,,
50,Fullerton,6,Postbacc,08351,Kinesiology/Physical Education,Government,,,,,,
50,Fullerton,6,Postbacc,08351,Kinesiology/Physical Education,No Wages,37,,,60,,
50,Fullerton,6,Postbacc,08351,Kinesiology/Physical Education,Wages - No NAICS Code,5,"$34,857","$27,658",,,
50,Fullerton,6,Postbacc,08992,Instructional Media/Technology,Manufacturing,,,,,,
50,Fullerton,6,Postbacc,08992,Instructional Media/Technology,Retail Trade,,,,,,
50,Fullerton,6,Postbacc,08992,Instructional Media/Technology,Information,,,,,,
50,Fullerton,6,Postbacc,08992,Instructional Media/Technology,Finance & Insurance,,,,,,
50,Fullerton,6,Postbacc,08992,Instructional Media/Technology,"Professional, Scientific, & Technical Skills",,,,,,
50,Fullerton,6,Postbacc,08992,Instructional Media/Technology,Management of Companies & Enterprises,,,,,,
50,Fullerton,6,Postbacc,08992,Instructional Media/Technology,Admin & Support & Waste Mgmt & Remediation,,,,,,
50,Fullerton,6,Postbacc,08992,Instructional Media/Technology,Educational Services,,,,,,
50,Fullerton,6,Postbacc,08992,Instructional Media/Technology,Other Services,,,,,,
50,Fullerton,6,Postbacc,08992,Instructional Media/Technology,No Wages,31,,,37,,
50,Fullerton,6,Postbacc,08992,Instructional Media/Technology,Wages - No NAICS Code,,,,,,
50,Fullerton,6,Postbacc,08994,Bilingual-Multicultural Education,Admin & Support & Waste Mgmt & Remediation,,,,,,
50,Fullerton,6,Postbacc,08994,Bilingual-Multicultural Education,Educational Services,,,,,,
50,Fullerton,6,Postbacc,08994,Bilingual-Multicultural Education,No Wages,,,,,,
50,Fullerton,6,Postbacc,08995,Computer Based Education,Manufacturing,,,,,,
50,Fullerton,6,Postbacc,08995,Computer Based Education,Retail Trade,,,,,,
50,Fullerton,6,Postbacc,08995,Computer Based Education,Educational Services,7,"$82,943","$86,077",,,
50,Fullerton,6,Postbacc,08995,Computer Based Education,No Wages,14,,,20,,
50,Fullerton,6,Postbacc,09011 + 09012 + 09013,Engineering,Utilities,,,,,,
50,Fullerton,6,Postbacc,09011 + 09012 + 09013,Engineering,Construction,,,,,,
50,Fullerton,6,Postbacc,09011 + 09012 + 09013,Engineering,Manufacturing,,,,,,
50,Fullerton,6,Postbacc,09011 + 09012 + 09013,Engineering,"Professional, Scientific, & Technical Skills",,,,,,
50,Fullerton,6,Postbacc,09011 + 09012 + 09013,Engineering,No Wages,6,,,7,,
50,Fullerton,6,Postbacc,09081,Civil Engineering,Utilities,,,,,,
50,Fullerton,6,Postbacc,09081,Civil Engineering,Construction,,,,,,
50,Fullerton,6,Postbacc,09081,Civil Engineering,Manufacturing,,,,,,
50,Fullerton,6,Postbacc,09081,Civil Engineering,Wholesale Trade,,,,,,
50,Fullerton,6,Postbacc,09081,Civil Engineering,Retail Trade,,,,,,
50,Fullerton,6,Postbacc,09081,Civil Engineering,Transportation & Warehousing,,,,,,
50,Fullerton,6,Postbacc,09081,Civil Engineering,Real Estate & Rental & Leasing,,,,,,
50,Fullerton,6,Postbacc,09081,Civil Engineering,"Professional, Scientific, & Technical Skills",15,"$69,757","$90,437",6,"$94,949","$112,575"
50,Fullerton,6,Postbacc,09081,Civil Engineering,Health Care & Social Assistance,,,,,,
50,Fullerton,6,Postbacc,09081,Civil Engineering,"Arts, Entertainment, & Recreation",,,,,,
50,Fullerton,6,Postbacc,09081,Civil Engineering,Government,13,"$99,091","$99,096",8,"$112,515","$118,847"
50,Fullerton,6,Postbacc,09081,Civil Engineering,No Wages,72,,,103,,
50,Fullerton,6,Postbacc,09081,Civil Engineering,Wages - No NAICS Code,8,"$85,255","$69,933",,,
50,Fullerton,6,Postbacc,09091,Electrical Engineering,Manufacturing,28,"$110,308","$101,517",15,"$128,407","$131,994"
50,Fullerton,6,Postbacc,09091,Electrical Engineering,Wholesale Trade,,,,,,
50,Fullerton,6,Postbacc,09091,Electrical Engineering,Retail Trade,,,,,,
50,Fullerton,6,Postbacc,09091,Electrical Engineering,Information,,,,,,
50,Fullerton,6,Postbacc,09091,Electrical Engineering,"Professional, Scientific, & Technical Skills",9,"$65,277","$69,025",,,
50,Fullerton,6,Postbacc,09091,Electrical Engineering,Admin & Support & Waste Mgmt & Remediation,,,,,,
50,Fullerton,6,Postbacc,09091,Electrical Engineering,Health Care & Social Assistance,,,,,,
50,Fullerton,6,Postbacc,09091,Electrical Engineering,"Arts, Entertainment, & Recreation",,,,,,
50,Fullerton,6,Postbacc,09091,Electrical Engineering,Other Services,,,,,,
50,Fullerton,6,Postbacc,09091,Electrical Engineering,No Wages,41,,,61,,
50,Fullerton,6,Postbacc,09091,Electrical Engineering,Wages - No NAICS Code,,,,,,
50,Fullerton,6,Postbacc,09094,Computer Engineering,No Wages,,,,,,
50,Fullerton,6,Postbacc,09101,Mechanical Engineering,Manufacturing,15,"$93,427","$90,936",9,"$109,284","$96,377"
50,Fullerton,6,Postbacc,09101,Mechanical Engineering,Wholesale Trade,,,,,,
50,Fullerton,6,Postbacc,09101,Mechanical Engineering,Retail Trade,,,,,,
50,Fullerton,6,Postbacc,09101,Mechanical Engineering,Transportation & Warehousing,,,,,,
50,Fullerton,6,Postbacc,09101,Mechanical Engineering,"Professional, Scientific, & Technical Skills",5,"$121,446","$118,068",,,
50,Fullerton,6,Postbacc,09101,Mechanical Engineering,Admin & Support & Waste Mgmt & Remediation,,,,,,
50,Fullerton,6,Postbacc,09101,Mechanical Engineering,Educational Services,,,,,,
50,Fullerton,6,Postbacc,09101,Mechanical Engineering,"Arts, Entertainment, & Recreation",,,,,,
50,Fullerton,6,Postbacc,09101,Mechanical Engineering,No Wages,20,,,34,,
50,Fullerton,6,Postbacc,09101,Mechanical Engineering,Wages - No NAICS Code,,,,,,
50,Fullerton,6,Postbacc,09221,Environmental Engineering,No Wages,11,,,11,,
50,Fullerton,6,Postbacc,10021,Art,Utilities,,,,,,
50,Fullerton,6,Postbacc,10021,Art,Manufacturing,,,,,,
50,Fullerton,6,Postbacc,10021,Art,Wholesale Trade,,,,,,
50,Fullerton,6,Postbacc,10021,Art,Retail Trade,,,,,,
50,Fullerton,6,Postbacc,10021,Art,Transportation & Warehousing,,,,,,
50,Fullerton,6,Postbacc,10021,Art,"Professional, Scientific, & Technical Skills",,,,,,
50,Fullerton,6,Postbacc,10021,Art,Management of Companies & Enterprises,,,,,,
50,Fullerton,6,Postbacc,10021,Art,Admin & Support & Waste Mgmt & Remediation,,,,,,
50,Fullerton,6,Postbacc,10021,Art,Educational Services,6,"$45,766","$47,137",6,"$23,822","$31,905"
50,Fullerton,6,Postbacc,10021,Art,Health Care & Social Assistance,,,,,,
50,Fullerton,6,Postbacc,10021,Art,"Arts, Entertainment, & Recreation",,,,,,
50,Fullerton,6,Postbacc,10021,Art,Accommodation & Food Services,,,,,,
50,Fullerton,6,Postbacc,10021,Art,Other Services,,,,,,
50,Fullerton,6,Postbacc,10021,Art,Government,,,,,,
50,Fullerton,6,Postbacc,10021,Art,No Wages,16,,,20,,
50,Fullerton,6,Postbacc,10022,Art - Studio/Performance,Construction,,,,,,
50,Fullerton,6,Postbacc,10022,Art - Studio/Performance,Manufacturing,,,,,,
50,Fullerton,6,Postbacc,10022,Art - Studio/Performance,Retail Trade,,,,,,
50,Fullerton,6,Postbacc,10022,Art - Studio/Performance,Information,,,,,,
50,Fullerton,6,Postbacc,10022,Art - Studio/Performance,Real Estate & Rental & Leasing,,,,,,
50,Fullerton,6,Postbacc,10022,Art - Studio/Performance,"Professional, Scientific, & Technical Skills",,,,,,
50,Fullerton,6,Postbacc,10022,Art - Studio/Performance,Educational Services,,,,,,
50,Fullerton,6,Postbacc,10022,Art - Studio/Performance,Health Care & Social Assistance,,,,,,
50,Fullerton,6,Postbacc,10022,Art - Studio/Performance,Government,,,,,,
50,Fullerton,6,Postbacc,10022,Art - Studio/Performance,No Wages,13,,,21,,
50,Fullerton,6,Postbacc,10022,Art - Studio/Performance,Wages - No NAICS Code,,,,,,
50,Fullerton,6,Postbacc,10031,Art History,Manufacturing,,,,,,
50,Fullerton,6,Postbacc,10031,Art History,Health Care & Social Assistance,,,,,,
50,Fullerton,6,Postbacc,10031,Art History,Accommodation & Food Services,,,,,,
50,Fullerton,6,Postbacc,10041,Music - Performance,Construction,,,,,,
50,Fullerton,6,Postbacc,10041,Music - Performance,Retail Trade,,,,,,
50,Fullerton,6,Postbacc,10041,Music - Performance,Finance & Insurance,,,,,,
50,Fullerton,6,Postbacc,10041,Music - Performance,Admin & Support & Waste Mgmt & Remediation,,,,,,
50,Fullerton,6,Postbacc,10041,Music - Performance,Educational Services,10,"$13,970","$29,986",6,"$15,805","$36,948"
50,Fullerton,6,Postbacc,10041,Music - Performance,Health Care & Social Assistance,,,,,,
50,Fullerton,6,Postbacc,10041,Music - Performance,"Arts, Entertainment, & Recreation",,,,,,
50,Fullerton,6,Postbacc,10041,Music - Performance,Accommodation & Food Services,,,,,,
50,Fullerton,6,Postbacc,10041,Music - Performance,Other Services,,,,,,
50,Fullerton,6,Postbacc,10041,Music - Performance,No Wages,32,,,44,,
50,Fullerton,6,Postbacc,10041,Music - Performance,Wages - No NAICS Code,,,,,,
50,Fullerton,6,Postbacc,10051,Music,Manufacturing,,,,,,
50,Fullerton,6,Postbacc,10051,Music,Finance & Insurance,,,,,,
50,Fullerton,6,Postbacc,10051,Music,Educational Services,,,,,,
50,Fullerton,6,Postbacc,10051,Music,Government,,,,,,
50,Fullerton,6,Postbacc,10051,Music,No Wages,7,,,8,,
50,Fullerton,6,Postbacc,10051,Music,Wages - No NAICS Code,,,,,,
50,Fullerton,6,Postbacc,10072,Theatre Arts - Performance,Retail Trade,,,,,,
50,Fullerton,6,Postbacc,10072,Theatre Arts - Performance,"Professional, Scientific, & Technical Skills",,,,,,
50,Fullerton,6,Postbacc,10072,Theatre Arts - Performance,"Arts, Entertainment, & Recreation",,,,,,
50,Fullerton,6,Postbacc,10072,Theatre Arts - Performance,Accommodation & Food Services,,,,,,
50,Fullerton,6,Postbacc,10072,Theatre Arts - Performance,Other Services,,,,,,
50,Fullerton,6,Postbacc,10072,Theatre Arts - Performance,No Wages,12,,,16,,
50,Fullerton,6,Postbacc,10072,Theatre Arts - Performance,Wages - No NAICS Code,,,,,,
50,Fullerton,6,Postbacc,11021,French,Retail Trade,,,,,,
50,Fullerton,6,Postbacc,11021,French,Finance & Insurance,,,,,,
50,Fullerton,6,Postbacc,11021,French,"Professional, Scientific, & Technical Skills",,,,,,
50,Fullerton,6,Postbacc,11021,French,Management of Companies & Enterprises,,,,,,
50,Fullerton,6,Postbacc,11021,French,Educational Services,,,,,,
50,Fullerton,6,Postbacc,11021,French,Government,,,,,,
50,Fullerton,6,Postbacc,11021,French,No Wages,6,,,14,,
50,Fullerton,6,Postbacc,11021,French,Wages - No NAICS Code,,,,,,
50,Fullerton,6,Postbacc,11031,German,"Professional, Scientific, & Technical Skills",,,,,,
50,Fullerton,6,Postbacc,11031,German,Educational Services,,,,,,
50,Fullerton,6,Postbacc,11031,German,No Wages,,,,,,
50,Fullerton,6,Postbacc,11031,German,Wages - No NAICS Code,,,,,,
50,Fullerton,6,Postbacc,11051,Spanish,Utilities,,,,,,
50,Fullerton,6,Postbacc,11051,Spanish,Retail Trade,,,,,,
50,Fullerton,6,Postbacc,11051,Spanish,Transportation & Warehousing,,,,,,
50,Fullerton,6,Postbacc,11051,Spanish,Information,,,,,,
50,Fullerton,6,Postbacc,11051,Spanish,Real Estate & Rental & Leasing,,,,,,
50,Fullerton,6,Postbacc,11051,Spanish,"Professional, Scientific, & Technical Skills",,,,,,
50,Fullerton,6,Postbacc,11051,Spanish,Educational Services,22,"$52,929","$53,957",13,"$62,495","$71,888"
50,Fullerton,6,Postbacc,11051,Spanish,Health Care & Social Assistance,,,,,,
50,Fullerton,6,Postbacc,11051,Spanish,Accommodation & Food Services,,,,,,
50,Fullerton,6,Postbacc,11051,Spanish,Other Services,,,,,,
50,Fullerton,6,Postbacc,11051,Spanish,Government,,,,,,
50,Fullerton,6,Postbacc,11051,Spanish,No Wages,25,,,44,,
50,Fullerton,6,Postbacc,11051,Spanish,Wages - No NAICS Code,,,,,,
50,Fullerton,6,Postbacc,12031 + 12032 + 12033,Nursing,Manufacturing,,,,,,
50,Fullerton,6,Postbacc,12031 + 12032 + 12033,Nursing,Retail Trade,,,,,,
50,Fullerton,6,Postbacc,12031 + 12032 + 12033,Nursing,"Professional, Scientific, & Technical Skills",,,,,,
50,Fullerton,6,Postbacc,12031 + 12032 + 12033,Nursing,Admin & Support & Waste Mgmt & Remediation,6,"$68,232","$62,493",,,
50,Fullerton,6,Postbacc,12031 + 12032 + 12033,Nursing,Educational Services,54,"$86,094","$79,769",,,
50,Fullerton,6,Postbacc,12031 + 12032 + 12033,Nursing,Health Care & Social Assistance,81,"$94,850","$97,495",12,"$122,788","$121,205"
50,Fullerton,6,Postbacc,12031 + 12032 + 12033,Nursing,"Arts, Entertainment, & Recreation",,,,,,
50,Fullerton,6,Postbacc,12031 + 12032 + 12033,Nursing,Other Services,,,,,,
50,Fullerton,6,Postbacc,12031 + 12032 + 12033,Nursing,Non-Classified,,,,,,
50,Fullerton,6,Postbacc,12031 + 12032 + 12033,Nursing,Government,11,"$82,951","$91,128",,,
50,Fullerton,6,Postbacc,12031 + 12032 + 12033,Nursing,No Wages,147,,,287,,
50,Fullerton,6,Postbacc,12031 + 12032 + 12033,Nursing,Wages - No NAICS Code,,,,,,
50,Fullerton,6,Postbacc,12141,Health Education,Utilities,,,,,,
50,Fullerton,6,Postbacc,12141,Health Education,Admin & Support & Waste Mgmt & Remediation,,,,,,
50,Fullerton,6,Postbacc,12141,Health Education,Health Care & Social Assistance,,,,,,
50,Fullerton,6,Postbacc,12141,Health Education,Government,,,,,,
50,Fullerton,6,Postbacc,12141,Health Education,No Wages,12,,,19,,
50,Fullerton,6,Postbacc,12201,Communicative Disorders,Manufacturing,,,,,,
50,Fullerton,6,Postbacc,12201,Communicative Disorders,Retail Trade,,,,,,
50,Fullerton,6,Postbacc,12201,Communicative Disorders,Finance & Insurance,,,,,,
50,Fullerton,6,Postbacc,12201,Communicative Disorders,Real Estate & Rental & Leasing,,,,,,
50,Fullerton,6,Postbacc,12201,Communicative Disorders,"Professional, Scientific, & Technical Skills",,,,,,
50,Fullerton,6,Postbacc,12201,Communicative Disorders,Educational Services,,,,,,
50,Fullerton,6,Postbacc,12201,Communicative Disorders,Health Care & Social Assistance,,,,,,
50,Fullerton,6,Postbacc,12201,Communicative Disorders,No Wages,11,,,14,,
50,Fullerton,6,Postbacc,13051,"Marriage, Family, and Child Counseling",Manufacturing,,,,,,
50,Fullerton,6,Postbacc,13051,"Marriage, Family, and Child Counseling",Wholesale Trade,,,,,,
50,Fullerton,6,Postbacc,15011,English,"Agriculture, Forestry, Fishing, & Hunting",,,,,,
50,Fullerton,6,Postbacc,15011,English,Utilities,,,,,,
50,Fullerton,6,Postbacc,15011,English,Construction,,,,,,
50,Fullerton,6,Postbacc,15011,English,Manufacturing,,,,,,
50,Fullerton,6,Postbacc,15011,English,Wholesale Trade,,,,,,
50,Fullerton,6,Postbacc,15011,English,Retail Trade,5,"$22,081","$27,228",,,
50,Fullerton,6,Postbacc,15011,English,Transportation & Warehousing,,,,,,
50,Fullerton,6,Postbacc,15011,English,Information,,,,,,
50,Fullerton,6,Postbacc,15011,English,Finance & Insurance,5,"$52,018","$64,050",,,
50,Fullerton,6,Postbacc,15011,English,Real Estate & Rental & Leasing,,,,,,
50,Fullerton,6,Postbacc,15011,English,"Professional, Scientific, & Technical Skills",5,"$60,515","$58,918",,,
50,Fullerton,6,Postbacc,15011,English,Admin & Support & Waste Mgmt & Remediation,,,,,,
50,Fullerton,6,Postbacc,15011,English,Educational Services,24,"$68,634","$66,391",14,"$76,925","$72,483"
50,Fullerton,6,Postbacc,15011,English,Health Care & Social Assistance,,,,,,
50,Fullerton,6,Postbacc,15011,English,Accommodation & Food Services,,,,,,
50,Fullerton,6,Postbacc,15011,English,Other Services,,,,,,
50,Fullerton,6,Postbacc,15011,English,Non-Classified,,,,,,
50,Fullerton,6,Postbacc,15011,English,Government,,,,,,
50,Fullerton,6,Postbacc,15011,English,No Wages,37,,,67,,
50,Fullerton,6,Postbacc,15011,English,Wages - No NAICS Code,,,,,,
50,Fullerton,6,Postbacc,15051,Linguistics,"Agriculture, Forestry, Fishing, & Hunting",,,,,,
50,Fullerton,6,Postbacc,15051,Linguistics,Construction,,,,,,
50,Fullerton,6,Postbacc,15051,Linguistics,Manufacturing,,,,,,
50,Fullerton,6,Postbacc,15051,Linguistics,Retail Trade,,,,,,
50,Fullerton,6,Postbacc,15051,Linguistics,Finance & Insurance,,,,,,
50,Fullerton,6,Postbacc,15051,Linguistics,Admin & Support & Waste Mgmt & Remediation,,,,,,
50,Fullerton,6,Postbacc,15051,Linguistics,Educational Services,,,,,,
50,Fullerton,6,Postbacc,15051,Linguistics,Government,,,,,,
50,Fullerton,6,Postbacc,15051,Linguistics,No Wages,25,,,27,,
50,Fullerton,6,Postbacc,15051,Linguistics,Wages - No NAICS Code,,,,,,
50,Fullerton,6,Postbacc,15061,Speech Communication,Manufacturing,,,,,,
50,Fullerton,6,Postbacc,15061,Speech Communication,Wholesale Trade,,,,,,
50,Fullerton,6,Postbacc,15061,Speech Communication,Retail Trade,,,,,,
50,Fullerton,6,Postbacc,15061,Speech Communication,Information,,,,,,
50,Fullerton,6,Postbacc,15061,Speech Communication,Finance & Insurance,,,,,,
50,Fullerton,6,Postbacc,15061,Speech Communication,"Professional, Scientific, & Technical Skills",,,,,,
50,Fullerton,6,Postbacc,15061,Speech Communication,Admin & Support & Waste Mgmt & Remediation,,,,,,
50,Fullerton,6,Postbacc,15061,Speech Communication,Educational Services,9,"$45,754","$47,638",,,
50,Fullerton,6,Postbacc,15061,Speech Communication,Health Care & Social Assistance,,,,,,
50,Fullerton,6,Postbacc,15061,Speech Communication,Accommodation & Food Services,,,,,,
50,Fullerton,6,Postbacc,15061,Speech Communication,Government,,,,,,
50,Fullerton,6,Postbacc,15061,Speech Communication,No Wages,20,,,36,,
50,Fullerton,6,Postbacc,15061,Speech Communication,Wages - No NAICS Code,,,,,,
50,Fullerton,6,Postbacc,15081,Teaching English to Speakers of Other Languages,Wholesale Trade,,,,,,
50,Fullerton,6,Postbacc,15081,Teaching English to Speakers of Other Languages,Retail Trade,,,,,,
50,Fullerton,6,Postbacc,15081,Teaching English to Speakers of Other Languages,Information,,,,,,
50,Fullerton,6,Postbacc,15081,Teaching English to Speakers of Other Languages,Finance & Insurance,,,,,,
50,Fullerton,6,Postbacc,15081,Teaching English to Speakers of Other Languages,Real Estate & Rental & Leasing,,,,,,
50,Fullerton,6,Postbacc,15081,Teaching English to Speakers of Other Languages,"Professional, Scientific, & Technical Skills",,,,,,
50,Fullerton,6,Postbacc,15081,Teaching English to Speakers of Other Languages,Admin & Support & Waste Mgmt & Remediation,,,,,,
50,Fullerton,6,Postbacc,15081,Teaching English to Speakers of Other Languages,Educational Services,21,"$47,318","$51,595",11,"$42,893","$47,868"
50,Fullerton,6,Postbacc,15081,Teaching English to Speakers of Other Languages,Health Care & Social Assistance,,,,,,
50,Fullerton,6,Postbacc,15081,Teaching English to Speakers of Other Languages,Other Services,,,,,,
50,Fullerton,6,Postbacc,15081,Teaching English to Speakers of Other Languages,Government,,,,,,
50,Fullerton,6,Postbacc,15081,Teaching English to Speakers of Other Languages,No Wages,52,,,76,,
50,Fullerton,6,Postbacc,15081,Teaching English to Speakers of Other Languages,Wages - No NAICS Code,7,"$7,362","$23,657",,,
50,Fullerton,6,Postbacc,17011,Mathematics,Manufacturing,,,,,,
50,Fullerton,6,Postbacc,17011,Mathematics,Wholesale Trade,,,,,,
50,Fullerton,6,Postbacc,17011,Mathematics,Retail Trade,,,,,,
50,Fullerton,6,Postbacc,17011,Mathematics,Transportation & Warehousing,,,,,,
50,Fullerton,6,Postbacc,17011,Mathematics,Finance & Insurance,,,,,,
50,Fullerton,6,Postbacc,17011,Mathematics,Educational Services,21,"$89,192","$83,147",13,"$89,145","$80,335"
50,Fullerton,6,Postbacc,17011,Mathematics,"Arts, Entertainment, & Recreation",,,,,,
50,Fullerton,6,Postbacc,17011,Mathematics,Accommodation & Food Services,,,,,,
50,Fullerton,6,Postbacc,17011,Mathematics,No Wages,33,,,44,,
50,Fullerton,6,Postbacc,17011,Mathematics,Wages - No NAICS Code,,,,,,
50,Fullerton,6,Postbacc,17021,Statistics,No Wages,,,,,,
50,Fullerton,6,Postbacc,17031,Applied Mathematics,Construction,,,,,,
50,Fullerton,6,Postbacc,17031,Applied Mathematics,Manufacturing,,,,,,
50,Fullerton,6,Postbacc,17031,Applied Mathematics,Wholesale Trade,,,,,,
50,Fullerton,6,Postbacc,17031,Applied Mathematics,Retail Trade,,,,,,
50,Fullerton,6,Postbacc,17031,Applied Mathematics,Information,,,,,,
50,Fullerton,6,Postbacc,17031,Applied Mathematics,Finance & Insurance,,,,,,
50,Fullerton,6,Postbacc,17031,Applied Mathematics,"Professional, Scientific, & Technical Skills",,,,,,
50,Fullerton,6,Postbacc,17031,Applied Mathematics,Admin & Support & Waste Mgmt & Remediation,,,,,,
50,Fullerton,6,Postbacc,17031,Applied Mathematics,Educational Services,7,"$73,158","$67,680",,,
50,Fullerton,6,Postbacc,17031,Applied Mathematics,Health Care & Social Assistance,,,,,,
50,Fullerton,6,Postbacc,17031,Applied Mathematics,"Arts, Entertainment, & Recreation",,,,,,
50,Fullerton,6,Postbacc,17031,Applied Mathematics,Other Services,,,,,,
50,Fullerton,6,Postbacc,17031,Applied Mathematics,No Wages,20,,,31,,
50,Fullerton,6,Postbacc,17031,Applied Mathematics,Wages - No NAICS Code,,,,,,
50,Fullerton,6,Postbacc,19021,Physics,Manufacturing,,,,,,
50,Fullerton,6,Postbacc,19021,Physics,Wholesale Trade,,,,,,
50,Fullerton,6,Postbacc,19021,Physics,Retail Trade,,,,,,
50,Fullerton,6,Postbacc,19021,Physics,Admin & Support & Waste Mgmt & Remediation,,,,,,
50,Fullerton,6,Postbacc,19021,Physics,Educational Services,,,,,,
50,Fullerton,6,Postbacc,19021,Physics,No Wages,11,,,15,,
50,Fullerton,6,Postbacc,19051,Chemistry,Manufacturing,13,"$76,129","$76,909",6,"$70,628","$75,120"
50,Fullerton,6,Postbacc,19051,Chemistry,Wholesale Trade,,,,,,
50,Fullerton,6,Postbacc,19051,Chemistry,Retail Trade,,,,,,
50,Fullerton,6,Postbacc,19051,Chemistry,Transportation & Warehousing,,,,,,
50,Fullerton,6,Postbacc,19051,Chemistry,Information,,,,,,
50,Fullerton,6,Postbacc,19051,Chemistry,Finance & Insurance,,,,,,
50,Fullerton,6,Postbacc,19051,Chemistry,"Professional, Scientific, & Technical Skills",9,"$73,112","$68,954",5,"$70,837","$73,702"
50,Fullerton,6,Postbacc,19051,Chemistry,Admin & Support & Waste Mgmt & Remediation,,,,,,
50,Fullerton,6,Postbacc,19051,Chemistry,Educational Services,5,"$17,967","$21,777",,,
50,Fullerton,6,Postbacc,19051,Chemistry,Health Care & Social Assistance,,,,,,
50,Fullerton,6,Postbacc,19051,Chemistry,Accommodation & Food Services,,,,,,
50,Fullerton,6,Postbacc,19051,Chemistry,Government,,,,,,
50,Fullerton,6,Postbacc,19051,Chemistry,No Wages,32,,,47,,
50,Fullerton,6,Postbacc,19051,Chemistry,Wages - No NAICS Code,5,"$27,913","$37,811",,,
50,Fullerton,6,Postbacc,19141,Geology,Retail Trade,,,,,,
50,Fullerton,6,Postbacc,19141,Geology,"Professional, Scientific, & Technical Skills",,,,,,
50,Fullerton,6,Postbacc,19141,Geology,Educational Services,,,,,,
50,Fullerton,6,Postbacc,19141,Geology,No Wages,8,,,10,,
50,Fullerton,6,Postbacc,20011,Psychology,Utilities,,,,,,
50,Fullerton,6,Postbacc,20011,Psychology,Wholesale Trade,,,,,,
50,Fullerton,6,Postbacc,20011,Psychology,Retail Trade,,,,,,
50,Fullerton,6,Postbacc,20011,Psychology,Transportation & Warehousing,,,,,,
50,Fullerton,6,Postbacc,20011,Psychology,Finance & Insurance,,,,,,
50,Fullerton,6,Postbacc,20011,Psychology,"Professional, Scientific, & Technical Skills",,,,,,
50,Fullerton,6,Postbacc,20011,Psychology,Admin & Support & Waste Mgmt & Remediation,,,,,,
50,Fullerton,6,Postbacc,20011,Psychology,Educational Services,,,,,,
50,Fullerton,6,Postbacc,20011,Psychology,Health Care & Social Assistance,,,,,,
50,Fullerton,6,Postbacc,20011,Psychology,Other Services,,,,,,
50,Fullerton,6,Postbacc,20011,Psychology,Government,,,,,,
50,Fullerton,6,Postbacc,20011,Psychology,No Wages,21,,,29,,
50,Fullerton,6,Postbacc,20011,Psychology,Wages - No NAICS Code,,,,,,
50,Fullerton,6,Postbacc,20031,Clinical Psychology,"Professional, Scientific, & Technical Skills",,,,,,
50,Fullerton,6,Postbacc,20031,Clinical Psychology,Health Care & Social Assistance,,,,,,
50,Fullerton,6,Postbacc,20031,Clinical Psychology,"Arts, Entertainment, & Recreation",,,,,,
50,Fullerton,6,Postbacc,20031,Clinical Psychology,Accommodation & Food Services,,,,,,
50,Fullerton,6,Postbacc,20031,Clinical Psychology,No Wages,12,,,18,,
50,Fullerton,6,Postbacc,21021,Public Administration,Utilities,,,,,,
50,Fullerton,6,Postbacc,21021,Public Administration,Construction,,,,,,
50,Fullerton,6,Postbacc,21021,Public Administration,Manufacturing,,,,,,
50,Fullerton,6,Postbacc,21021,Public Administration,Wholesale Trade,,,,,,
50,Fullerton,6,Postbacc,21021,Public Administration,Retail Trade,5,"$35,333","$36,134",,,
50,Fullerton,6,Postbacc,21021,Public Administration,Transportation & Warehousing,,,,,,
50,Fullerton,6,Postbacc,21021,Public Administration,Information,,,,,,
50,Fullerton,6,Postbacc,21021,Public Administration,Finance & Insurance,7,"$63,561","$57,965",,,
50,Fullerton,6,Postbacc,21021,Public Administration,Real Estate & Rental & Leasing,,,,,,
50,Fullerton,6,Postbacc,21021,Public Administration,"Professional, Scientific, & Technical Skills",6,"$84,718","$77,796",,,
50,Fullerton,6,Postbacc,21021,Public Administration,Admin & Support & Waste Mgmt & Remediation,,,,,,
50,Fullerton,6,Postbacc,21021,Public Administration,Educational Services,10,"$32,023","$42,699",6,"$88,737","$136,395"
50,Fullerton,6,Postbacc,21021,Public Administration,Health Care & Social Assistance,,,,,,
50,Fullerton,6,Postbacc,21021,Public Administration,"Arts, Entertainment, & Recreation",,,,,,
50,Fullerton,6,Postbacc,21021,Public Administration,Accommodation & Food Services,,,,,,
50,Fullerton,6,Postbacc,21021,Public Administration,Other Services,,,,,,
50,Fullerton,6,Postbacc,21021,Public Administration,Government,50,"$84,888","$93,219",25,"$96,521","$103,008"
50,Fullerton,6,Postbacc,21021,Public Administration,No Wages,73,,,124,,
50,Fullerton,6,Postbacc,21021,Public Administration,Wages - No NAICS Code,15,"$64,936","$59,445",8,"$72,825","$61,306"
50,Fullerton,6,Postbacc,21041,Social Work,"Professional, Scientific, & Technical Skills",,,,,,
50,Fullerton,6,Postbacc,21041,Social Work,Health Care & Social Assistance,,,,,,
50,Fullerton,6,Postbacc,21041,Social Work,Government,,,,,,
50,Fullerton,6,Postbacc,21041,Social Work,No Wages,15,,,20,,
50,Fullerton,6,Postbacc,21043,Gerentology,Real Estate & Rental & Leasing,,,,,,
50,Fullerton,6,Postbacc,21043,Gerentology,Educational Services,,,,,,
50,Fullerton,6,Postbacc,21043,Gerentology,Health Care & Social Assistance,,,,,,
50,Fullerton,6,Postbacc,21043,Gerentology,"Arts, Entertainment, & Recreation",,,,,,
50,Fullerton,6,Postbacc,21043,Gerentology,No Wages,20,,,27,,
50,Fullerton,6,Postbacc,21043,Gerentology,Wages - No NAICS Code,,,,,,
50,Fullerton,6,Postbacc,22021,Anthropology,Construction,,,,,,
50,Fullerton,6,Postbacc,22021,Anthropology,Manufacturing,,,,,,
50,Fullerton,6,Postbacc,22021,Anthropology,Wholesale Trade,,,,,,
50,Fullerton,6,Postbacc,22021,Anthropology,Retail Trade,7,"$31,956","$34,835",,,
50,Fullerton,6,Postbacc,22021,Anthropology,Transportation & Warehousing,,,,,,
50,Fullerton,6,Postbacc,22021,Anthropology,Information,,,,,,
50,Fullerton,6,Postbacc,22021,Anthropology,Finance & Insurance,6,"$61,273","$61,761",,,
50,Fullerton,6,Postbacc,22021,Anthropology,Real Estate & Rental & Leasing,,,,,,
50,Fullerton,6,Postbacc,22021,Anthropology,"Professional, Scientific, & Technical Skills",9,"$60,109","$51,261",,,
50,Fullerton,6,Postbacc,22021,Anthropology,Admin & Support & Waste Mgmt & Remediation,6,"$35,883","$27,867",,,
50,Fullerton,6,Postbacc,22021,Anthropology,Educational Services,13,"$52,310","$47,249",7,"$62,430","$70,963"
50,Fullerton,6,Postbacc,22021,Anthropology,Health Care & Social Assistance,12,"$38,369","$44,187",,,
50,Fullerton,6,Postbacc,22021,Anthropology,Accommodation & Food Services,,,,,,
50,Fullerton,6,Postbacc,22021,Anthropology,Other Services,,,,,,
50,Fullerton,6,Postbacc,22021,Anthropology,Government,7,"$77,398","$75,818",5,"$79,380","$76,079"
50,Fullerton,6,Postbacc,22021,Anthropology,No Wages,39,,,94,,
50,Fullerton,6,Postbacc,22021,Anthropology,Wages - No NAICS Code,5,"$16,580","$17,687",,,
50,Fullerton,6,Postbacc,22041,Economics,Utilities,,,,,,
50,Fullerton,6,Postbacc,22041,Economics,Manufacturing,5,"$89,523","$102,474",,,
50,Fullerton,6,Postbacc,22041,Economics,Wholesale Trade,5,"$71,287","$62,140",,,
50,Fullerton,6,Postbacc,22041,Economics,Retail Trade,,,,,,
50,Fullerton,6,Postbacc,22041,Economics,Information,,,,,,
50,Fullerton,6,Postbacc,22041,Economics,Finance & Insurance,5,"$80,614","$74,366",,,
50,Fullerton,6,Postbacc,22041,Economics,Real Estate & Rental & Leasing,,,,,,
50,Fullerton,6,Postbacc,22041,Economics,"Professional, Scientific, & Technical Skills",,,,,,
50,Fullerton,6,Postbacc,22041,Economics,Admin & Support & Waste Mgmt & Remediation,,,,,,
50,Fullerton,6,Postbacc,22041,Economics,Educational Services,,,,,,
50,Fullerton,6,Postbacc,22041,Economics,Health Care & Social Assistance,,,,,,
50,Fullerton,6,Postbacc,22041,Economics,Accommodation & Food Services,,,,,,
50,Fullerton,6,Postbacc,22041,Economics,Other Services,,,,,,
50,Fullerton,6,Postbacc,22041,Economics,Government,,,,,,
50,Fullerton,6,Postbacc,22041,Economics,No Wages,49,,,71,,
50,Fullerton,6,Postbacc,22041,Economics,Wages - No NAICS Code,,,,,,
50,Fullerton,6,Postbacc,22051,History,Construction,,,,,,
50,Fullerton,6,Postbacc,22051,History,Manufacturing,7,"$83,057","$103,515",5,"$89,126","$130,992"
50,Fullerton,6,Postbacc,22051,History,Wholesale Trade,,,,,,
50,Fullerton,6,Postbacc,22051,History,Retail Trade,8,"$43,665","$41,412",,,
50,Fullerton,6,Postbacc,22051,History,Transportation & Warehousing,,,,,,
50,Fullerton,6,Postbacc,22051,History,Information,,,,,,
50,Fullerton,6,Postbacc,22051,History,Finance & Insurance,6,"$50,602","$122,934",6,"$82,590","$88,950"
50,Fullerton,6,Postbacc,22051,History,Real Estate & Rental & Leasing,,,,,,
50,Fullerton,6,Postbacc,22051,History,"Professional, Scientific, & Technical Skills",10,"$56,343","$60,902",5,"$42,455","$59,048"
50,Fullerton,6,Postbacc,22051,History,Admin & Support & Waste Mgmt & Remediation,,,,,,
50,Fullerton,6,Postbacc,22051,History,Educational Services,41,"$73,271","$70,276",26,"$80,228","$72,916"
50,Fullerton,6,Postbacc,22051,History,Health Care & Social Assistance,,,,,,
50,Fullerton,6,Postbacc,22051,History,"Arts, Entertainment, & Recreation",,,,,,
50,Fullerton,6,Postbacc,22051,History,Accommodation & Food Services,7,"$36,941","$34,839",,,
50,Fullerton,6,Postbacc,22051,History,Other Services,6,"$42,564","$59,364",,,
50,Fullerton,6,Postbacc,22051,History,Government,6,"$89,036","$85,706",,,
50,Fullerton,6,Postbacc,22051,History,No Wages,97,,,148,,
50,Fullerton,6,Postbacc,22051,History,Wages - No NAICS Code,6,"$1,076","$16,971",6,"$2,726","$8,981"
50,Fullerton,6,Postbacc,22061 + 22063,Geography,Construction,,,,,,
50,Fullerton,6,Postbacc,22061 + 22063,Geography,Wholesale Trade,,,,,,
50,Fullerton,6,Postbacc,22061 + 22063,Geography,Retail Trade,,,,,,
50,Fullerton,6,Postbacc,22061 + 22063,Geography,Transportation & Warehousing,,,,,,
50,Fullerton,6,Postbacc,22061 + 22063,Geography,Finance & Insurance,,,,,,
50,Fullerton,6,Postbacc,22061 + 22063,Geography,"Professional, Scientific, & Technical Skills",5,"$48,971","$48,602",,,
50,Fullerton,6,Postbacc,22061 + 22063,Geography,Admin & Support & Waste Mgmt & Remediation,,,,,,
50,Fullerton,6,Postbacc,22061 + 22063,Geography,Educational Services,,,,,,
50,Fullerton,6,Postbacc,22061 + 22063,Geography,Health Care & Social Assistance,,,,,,
50,Fullerton,6,Postbacc,22061 + 22063,Geography,Other Services,,,,,,
50,Fullerton,6,Postbacc,22061 + 22063,Geography,Government,8,"$80,086","$79,186",6,"$80,238","$77,410"
50,Fullerton,6,Postbacc,22061 + 22063,Geography,No Wages,22,,,42,,
50,Fullerton,6,Postbacc,22061 + 22063,Geography,Wages - No NAICS Code,,,,,,
50,Fullerton,6,Postbacc,22071,Political Science,Utilities,,,,,,
50,Fullerton,6,Postbacc,22071,Political Science,Construction,,,,,,
50,Fullerton,6,Postbacc,22071,Political Science,Manufacturing,,,,,,
50,Fullerton,6,Postbacc,22071,Political Science,Wholesale Trade,,,,,,
50,Fullerton,6,Postbacc,22071,Political Science,Retail Trade,,,,,,
50,Fullerton,6,Postbacc,22071,Political Science,Transportation & Warehousing,,,,,,
50,Fullerton,6,Postbacc,22071,Political Science,Finance & Insurance,5,"$53,083","$65,278",,,
50,Fullerton,6,Postbacc,22071,Political Science,Real Estate & Rental & Leasing,,,,,,
50,Fullerton,6,Postbacc,22071,Political Science,"Professional, Scientific, & Technical Skills",,,,,,
50,Fullerton,6,Postbacc,22071,Political Science,Management of Companies & Enterprises,,,,,,
50,Fullerton,6,Postbacc,22071,Political Science,Admin & Support & Waste Mgmt & Remediation,,,,,,
50,Fullerton,6,Postbacc,22071,Political Science,Educational Services,12,"$35,354","$32,342",,,
50,Fullerton,6,Postbacc,22071,Political Science,Health Care & Social Assistance,,,,,,
50,Fullerton,6,Postbacc,22071,Political Science,"Arts, Entertainment, & Recreation",,,,,,
50,Fullerton,6,Postbacc,22071,Political Science,Accommodation & Food Services,,,,,,
50,Fullerton,6,Postbacc,22071,Political Science,Other Services,,,,,,
50,Fullerton,6,Postbacc,22071,Political Science,Government,9,"$85,345","$86,547",,,
50,Fullerton,6,Postbacc,22071,Political Science,No Wages,45,,,79,,
50,Fullerton,6,Postbacc,22071,Political Science,Wages - No NAICS Code,7,"$8,213","$16,366",,,
50,Fullerton,6,Postbacc,22081,Sociology,Construction,5,"$20,640","$32,346",,,
50,Fullerton,6,Postbacc,22081,Sociology,Manufacturing,5,"$86,779","$69,936",,,
50,Fullerton,6,Postbacc,22081,Sociology,Wholesale Trade,,,,,,
50,Fullerton,6,Postbacc,22081,Sociology,Retail Trade,5,"$16,365","$23,574",,,
50,Fullerton,6,Postbacc,22081,Sociology,Transportation & Warehousing,,,,,,
50,Fullerton,6,Postbacc,22081,Sociology,Finance & Insurance,,,,,,
50,Fullerton,6,Postbacc,22081,Sociology,Real Estate & Rental & Leasing,,,,,,
50,Fullerton,6,Postbacc,22081,Sociology,"Professional, Scientific, & Technical Skills",7,"$85,296","$65,834",,,
50,Fullerton,6,Postbacc,22081,Sociology,Admin & Support & Waste Mgmt & Remediation,,,,,,
50,Fullerton,6,Postbacc,22081,Sociology,Educational Services,15,"$44,618","$41,421",5,"$50,351","$62,326"
50,Fullerton,6,Postbacc,22081,Sociology,Health Care & Social Assistance,6,"$32,546","$46,826",6,"$17,663","$25,859"
50,Fullerton,6,Postbacc,22081,Sociology,"Arts, Entertainment, & Recreation",,,,,,
50,Fullerton,6,Postbacc,22081,Sociology,Accommodation & Food Services,,,,,,
50,Fullerton,6,Postbacc,22081,Sociology,Other Services,,,,,,
50,Fullerton,6,Postbacc,22081,Sociology,Government,20,"$76,945","$83,979",13,"$71,951","$75,190"
50,Fullerton,6,Postbacc,22081,Sociology,No Wages,35,,,77,,
50,Fullerton,6,Postbacc,22081,Sociology,Wages - No NAICS Code,,,,,,
50,Fullerton,6,Postbacc,49011,Environmental Studies,Utilities,,,,,,
50,Fullerton,6,Postbacc,49011,Environmental Studies,Construction,,,,,,
50,Fullerton,6,Postbacc,49011,Environmental Studies,Manufacturing,5,"$86,863","$97,976",,,
50,Fullerton,6,Postbacc,49011,Environmental Studies,Wholesale Trade,,,,,,
50,Fullerton,6,Postbacc,49011,Environmental Studies,Retail Trade,,,,,,
50,Fullerton,6,Postbacc,49011,Environmental Studies,Transportation & Warehousing,,,,,,
50,Fullerton,6,Postbacc,49011,Environmental Studies,Information,,,,,,
50,Fullerton,6,Postbacc,49011,Environmental Studies,Finance & Insurance,,,,,,
50,Fullerton,6,Postbacc,49011,Environmental Studies,Real Estate & Rental & Leasing,,,,,,
50,Fullerton,6,Postbacc,49011,Environmental Studies,"Professional, Scientific, & Technical Skills",11,"$65,419","$65,260",5,"$121,042","$238,395"
50,Fullerton,6,Postbacc,49011,Environmental Studies,Management of Companies & Enterprises,,,,,,
50,Fullerton,6,Postbacc,49011,Environmental Studies,Admin & Support & Waste Mgmt & Remediation,,,,,,
50,Fullerton,6,Postbacc,49011,Environmental Studies,Educational Services,12,"$63,836","$61,691",9,"$67,975","$66,621"
50,Fullerton,6,Postbacc,49011,Environmental Studies,Health Care & Social Assistance,,,,,,
50,Fullerton,6,Postbacc,49011,Environmental Studies,"Arts, Entertainment, & Recreation",,,,,,
50,Fullerton,6,Postbacc,49011,Environmental Studies,Government,7,"$75,159","$72,245",,,
50,Fullerton,6,Postbacc,49011,Environmental Studies,No Wages,39,,,58,,
50,Fullerton,6,Postbacc,49011,Environmental Studies,Wages - No NAICS Code,7,"$78,013","$78,097",7,"$36,499","$42,128"
50,Fullerton,6,Postbacc,49023,Science (Interdisciplinary),Educational Services,8,"$87,791","$86,062",7,"$87,376","$82,949"
50,Fullerton,6,Postbacc,49023,Science (Interdisciplinary),No Wages,,,,5,,
